{
  "fern_0_100_even_odd": {
    "best": {
      "psnr": 23.650880813598633,
      "distortion": 0.01752438396215439,
      "rotation_rmse": 0.021371694281697273,
      "translation_rmse_100": 0.028564605861902237,
      "t_final": [
        [
          [
            0.91357421875,
            0.180419921875,
            0.364990234375,
            -0.3544921875
          ],
          [
            0.10693359375,
            0.7587890625,
            -0.642578125,
            0.33056640625
          ],
          [
            -0.392822265625,
            0.6259765625,
            0.67333984375,
            0.073974609375
          ]
        ]
      ]
    },
    "stats_list": [
      {
        "psnr": 23.55746841430664,
        "distortion": 0.017773045226931572,
        "rotation_rmse": 0.02049971930682659,
        "translation_rmse_100": 0.025789419189095497,
        "t_final": [
          [
            [
              0.91357421875,
              0.18017578125,
              0.364990234375,
              -0.3544921875
            ],
            [
              0.107177734375,
              0.7587890625,
              -0.642578125,
              0.33056640625
            ],
            [
              -0.392822265625,
              0.6259765625,
              0.67333984375,
              0.07403564453125
            ]
          ]
        ]
      },
      {
        "psnr": 12.063594818115234,
        "distortion": 0.12362445145845413,
        "rotation_rmse": 14.550092697143555,
        "translation_rmse_100": 12.26196002960205,
        "t_final": [
          [
            [
              0.78857421875,
              -0.20947265625,
              0.57861328125,
              -0.1434326171875
            ],
            [
              0.422119140625,
              0.8681640625,
              -0.26123046875,
              0.334228515625
            ],
            [
              -0.447509765625,
              0.449951171875,
              0.77294921875,
              0.048583984375
            ]
          ]
        ]
      },
      {
        "psnr": 11.921347618103027,
        "distortion": 0.1486518383026123,
        "rotation_rmse": 12.280016899108887,
        "translation_rmse_100": 8.705565452575684,
        "t_final": [
          [
            [
              0.7978515625,
              -0.11334228515625,
              0.59228515625,
              -0.231201171875
            ],
            [
              0.412109375,
              0.8193359375,
              -0.3984375,
              0.268310546875
            ],
            [
              -0.440185546875,
              0.56201171875,
              0.7001953125,
              0.013397216796875
            ]
          ]
        ]
      },
      {
        "psnr": 11.627409934997559,
        "distortion": 0.06982681900262833,
        "rotation_rmse": 27.287267684936523,
        "translation_rmse_100": 6.947851181030273,
        "t_final": [
          [
            [
              0.572265625,
              -0.54833984375,
              0.60986328125,
              -0.359619140625
            ],
            [
              0.591796875,
              0.791015625,
              0.15576171875,
              0.359130859375
            ],
            [
              -0.56787109375,
              0.271728515625,
              0.77685546875,
              -0.04241943359375
            ]
          ]
        ]
      },
      {
        "psnr": 23.650880813598633,
        "distortion": 0.01752438396215439,
        "rotation_rmse": 0.021371694281697273,
        "translation_rmse_100": 0.028564605861902237,
        "t_final": [
          [
            [
              0.91357421875,
              0.180419921875,
              0.364990234375,
              -0.3544921875
            ],
            [
              0.10693359375,
              0.7587890625,
              -0.642578125,
              0.33056640625
            ],
            [
              -0.392822265625,
              0.6259765625,
              0.67333984375,
              0.073974609375
            ]
          ]
        ]
      },
      {
        "psnr": 23.608549118041992,
        "distortion": 0.01763639599084854,
        "rotation_rmse": 0.02246616967022419,
        "translation_rmse_100": 0.028564605861902237,
        "t_final": [
          [
            [
              0.91357421875,
              0.1802978515625,
              0.364990234375,
              -0.3544921875
            ],
            [
              0.1070556640625,
              0.7587890625,
              -0.642578125,
              0.33056640625
            ],
            [
              -0.392578125,
              0.6259765625,
              0.67333984375,
              0.073974609375
            ]
          ]
        ]
      },
      {
        "psnr": 11.950897216796875,
        "distortion": 0.0290808267891407,
        "rotation_rmse": 25.06873321533203,
        "translation_rmse_100": 12.585860252380371,
        "t_final": [
          [
            [
              0.55517578125,
              -0.403564453125,
              0.72705078125,
              -0.53466796875
            ],
            [
              0.552734375,
              0.83251953125,
              0.03985595703125,
              0.211669921875
            ],
            [
              -0.62158203125,
              0.3798828125,
              0.685546875,
              0.046051025390625
            ]
          ]
        ]
      },
      {
        "psnr": 23.53331756591797,
        "distortion": 0.01774408295750618,
        "rotation_rmse": 0.02103539928793907,
        "translation_rmse_100": 0.029657460749149323,
        "t_final": [
          [
            [
              0.91357421875,
              0.180419921875,
              0.364990234375,
              -0.35400390625
            ],
            [
              0.10699462890625,
              0.7587890625,
              -0.642578125,
              0.33056640625
            ],
            [
              -0.392822265625,
              0.6259765625,
              0.67333984375,
              0.07391357421875
            ]
          ]
        ]
      },
      {
        "psnr": 12.568361282348633,
        "distortion": 0.028584565967321396,
        "rotation_rmse": 8.919971466064453,
        "translation_rmse_100": 3.605593681335449,
        "t_final": [
          [
            [
              0.85546875,
              -0.00576019287109375,
              0.517578125,
              -0.380126953125
            ],
            [
              0.34423828125,
              0.7529296875,
              -0.560546875,
              0.27392578125
            ],
            [
              -0.386474609375,
              0.65771484375,
              0.646484375,
              0.07098388671875
            ]
          ]
        ]
      },
      {
        "psnr": 11.619126319885254,
        "distortion": 0.16556116938591003,
        "rotation_rmse": 12.475785255432129,
        "translation_rmse_100": 17.046070098876953,
        "t_final": [
          [
            [
              0.833984375,
              -0.0941162109375,
              0.5439453125,
              -0.06402587890625
            ],
            [
              0.435791015625,
              0.716796875,
              -0.54443359375,
              0.367431640625
            ],
            [
              -0.33837890625,
              0.69091796875,
              0.638671875,
              0.034271240234375
            ]
          ]
        ]
      }
    ]
  },
  "fern_30_70_even_odd": {
    "best": {
      "psnr": 22.72441864013672,
      "distortion": 0.01769496314227581,
      "rotation_rmse": 0.022294139489531517,
      "translation_rmse_100": 0.03653006628155708,
      "t_final": [
        [
          [
            0.9130859375,
            0.1800537109375,
            0.365478515625,
            -0.3544921875
          ],
          [
            0.107666015625,
            0.75830078125,
            -0.642578125,
            0.330078125
          ],
          [
            -0.392822265625,
            0.62646484375,
            0.67333984375,
            0.0743408203125
          ]
        ]
      ]
    },
    "stats_list": [
      {
        "psnr": 22.72441864013672,
        "distortion": 0.01769496314227581,
        "rotation_rmse": 0.022294139489531517,
        "translation_rmse_100": 0.03653006628155708,
        "t_final": [
          [
            [
              0.9130859375,
              0.1800537109375,
              0.365478515625,
              -0.3544921875
            ],
            [
              0.107666015625,
              0.75830078125,
              -0.642578125,
              0.330078125
            ],
            [
              -0.392822265625,
              0.62646484375,
              0.67333984375,
              0.0743408203125
            ]
          ]
        ]
      },
      {
        "psnr": 11.56386947631836,
        "distortion": 0.0574190616607666,
        "rotation_rmse": 17.80666160583496,
        "translation_rmse_100": 17.531280517578125,
        "t_final": [
          [
            [
              0.72265625,
              -0.10107421875,
              0.68408203125,
              -0.50927734375
            ],
            [
              0.256103515625,
              0.9580078125,
              -0.12890625,
              0.55322265625
            ],
            [
              -0.64208984375,
              0.268310546875,
              0.71826171875,
              -0.06207275390625
            ]
          ]
        ]
      },
      {
        "psnr": 22.513031005859375,
        "distortion": 0.017792969942092896,
        "rotation_rmse": 0.021768843755126,
        "translation_rmse_100": 0.017608972266316414,
        "t_final": [
          [
            [
              0.91357421875,
              0.180419921875,
              0.364990234375,
              -0.3544921875
            ],
            [
              0.10687255859375,
              0.7587890625,
              -0.642578125,
              0.33056640625
            ],
            [
              -0.392822265625,
              0.6259765625,
              0.67333984375,
              0.07427978515625
            ]
          ]
        ]
      },
      {
        "psnr": 22.677955627441406,
        "distortion": 0.017698712646961212,
        "rotation_rmse": 0.02711295895278454,
        "translation_rmse_100": 0.018764503300189972,
        "t_final": [
          [
            [
              0.91357421875,
              0.180908203125,
              0.364990234375,
              -0.3544921875
            ],
            [
              0.10675048828125,
              0.7587890625,
              -0.642578125,
              0.330810546875
            ],
            [
              -0.39306640625,
              0.6259765625,
              0.67333984375,
              0.07440185546875
            ]
          ]
        ]
      },
      {
        "psnr": 11.549848556518555,
        "distortion": 0.07057797908782959,
        "rotation_rmse": 18.040056228637695,
        "translation_rmse_100": 15.302413940429688,
        "t_final": [
          [
            [
              0.6650390625,
              -0.09918212890625,
              0.740234375,
              -0.55859375
            ],
            [
              0.47412109375,
              0.82177734375,
              -0.315673828125,
              0.491455078125
            ],
            [
              -0.5771484375,
              0.56103515625,
              0.59375,
              0.0232086181640625
            ]
          ]
        ]
      },
      {
        "psnr": 11.364466667175293,
        "distortion": 0.10585478693246841,
        "rotation_rmse": 13.396936416625977,
        "translation_rmse_100": 10.191704750061035,
        "t_final": [
          [
            [
              0.90087890625,
              -0.2235107421875,
              0.3720703125,
              -0.362060546875
            ],
            [
              0.360595703125,
              0.8623046875,
              -0.35546875,
              0.1552734375
            ],
            [
              -0.2413330078125,
              0.454345703125,
              0.857421875,
              0.055816650390625
            ]
          ]
        ]
      },
      {
        "psnr": 11.903329849243164,
        "distortion": 0.07741803675889969,
        "rotation_rmse": 21.5081787109375,
        "translation_rmse_100": 15.564532279968262,
        "t_final": [
          [
            [
              0.58642578125,
              -0.1827392578125,
              0.7890625,
              -0.62109375
            ],
            [
              0.47412109375,
              0.8671875,
              -0.1517333984375,
              0.34716796875
            ],
            [
              -0.65673828125,
              0.46337890625,
              0.59521484375,
              0.10870361328125
            ]
          ]
        ]
      },
      {
        "psnr": 11.033220291137695,
        "distortion": 0.08599585294723511,
        "rotation_rmse": 23.73695945739746,
        "translation_rmse_100": 14.36790657043457,
        "t_final": [
          [
            [
              0.7041015625,
              -0.4228515625,
              0.5703125,
              -0.177978515625
            ],
            [
              0.448486328125,
              0.8876953125,
              0.104248046875,
              0.477783203125
            ],
            [
              -0.55029296875,
              0.1822509765625,
              0.81494140625,
              0.17041015625
            ]
          ]
        ]
      },
      {
        "psnr": 11.934962272644043,
        "distortion": 0.04063655808568001,
        "rotation_rmse": 23.762346267700195,
        "translation_rmse_100": 26.672494888305664,
        "t_final": [
          [
            [
              0.56884765625,
              -0.29345703125,
              0.7685546875,
              -0.71630859375
            ],
            [
              0.587890625,
              0.79833984375,
              -0.130615234375,
              0.04656982421875
            ],
            [
              -0.5751953125,
              0.52587890625,
              0.62646484375,
              0.11456298828125
            ]
          ]
        ]
      },
      {
        "psnr": 11.576330184936523,
        "distortion": 0.1346127986907959,
        "rotation_rmse": 31.43632698059082,
        "translation_rmse_100": 35.127601623535156,
        "t_final": [
          [
            [
              0.65576171875,
              -0.68408203125,
              0.319091796875,
              -0.82763671875
            ],
            [
              0.728515625,
              0.462158203125,
              -0.505859375,
              0.469970703125
            ],
            [
              0.198486328125,
              0.56396484375,
              0.80126953125,
              -0.281494140625
            ]
          ]
        ]
      }
    ]
  },
  "fern_50_50": {
    "best": {
      "psnr": 22.412275314331055,
      "distortion": 0.017066407948732376,
      "rotation_rmse": 0.012678418308496475,
      "translation_rmse_100": 0.02061786875128746,
      "t_final": [
        [
          [
            0.9130859375,
            0.180908203125,
            0.365234375,
            -0.3544921875
          ],
          [
            0.10699462890625,
            0.75830078125,
            -0.64306640625,
            0.33056640625
          ],
          [
            -0.393310546875,
            0.62646484375,
            0.67333984375,
            0.0745849609375
          ]
        ]
      ]
    },
    "stats_list": [
      {
        "psnr": 22.3939208984375,
        "distortion": 0.017126236110925674,
        "rotation_rmse": 0.008227207697927952,
        "translation_rmse_100": 0.03169373795390129,
        "t_final": [
          [
            [
              0.9130859375,
              0.1807861328125,
              0.365234375,
              -0.354736328125
            ],
            [
              0.10699462890625,
              0.75830078125,
              -0.64306640625,
              0.33056640625
            ],
            [
              -0.39306640625,
              0.62646484375,
              0.67333984375,
              0.07452392578125
            ]
          ]
        ]
      },
      {
        "psnr": 11.58750057220459,
        "distortion": 0.15633051097393036,
        "rotation_rmse": 27.578771591186523,
        "translation_rmse_100": 37.64292907714844,
        "t_final": [
          [
            [
              0.53271484375,
              -0.52392578125,
              0.66455078125,
              0.2939453125
            ],
            [
              0.60693359375,
              0.78369140625,
              0.1318359375,
              0.39306640625
            ],
            [
              -0.58984375,
              0.3330078125,
              0.7353515625,
              0.041351318359375
            ]
          ]
        ]
      },
      {
        "psnr": 22.3038330078125,
        "distortion": 0.017102867364883423,
        "rotation_rmse": 0.011812611483037472,
        "translation_rmse_100": 0.04611510783433914,
        "t_final": [
          [
            [
              0.9130859375,
              0.1807861328125,
              0.365234375,
              -0.35498046875
            ],
            [
              0.1070556640625,
              0.75830078125,
              -0.64306640625,
              0.33056640625
            ],
            [
              -0.393310546875,
              0.62646484375,
              0.67333984375,
              0.0745849609375
            ]
          ]
        ]
      },
      {
        "psnr": 12.119074821472168,
        "distortion": 0.07864288985729218,
        "rotation_rmse": 31.27067756652832,
        "translation_rmse_100": 22.309223175048828,
        "t_final": [
          [
            [
              0.475830078125,
              -0.66015625,
              0.5810546875,
              -0.5029296875
            ],
            [
              0.728515625,
              0.666015625,
              0.1597900390625,
              -0.0108642578125
            ],
            [
              -0.49267578125,
              0.347412109375,
              0.7978515625,
              -0.028411865234375
            ]
          ]
        ]
      },
      {
        "psnr": 11.72594928741455,
        "distortion": 0.13613244891166687,
        "rotation_rmse": 24.501920700073242,
        "translation_rmse_100": 26.894262313842773,
        "t_final": [
          [
            [
              0.5869140625,
              -0.438720703125,
              0.6806640625,
              0.09075927734375
            ],
            [
              0.61328125,
              0.78955078125,
              -0.0199737548828125,
              0.466796875
            ],
            [
              -0.5283203125,
              0.42919921875,
              0.732421875,
              0.09564208984375
            ]
          ]
        ]
      },
      {
        "psnr": 11.695028305053711,
        "distortion": 0.13634093105793,
        "rotation_rmse": 7.949914455413818,
        "translation_rmse_100": 32.41618728637695,
        "t_final": [
          [
            [
              0.9296875,
              -0.05084228515625,
              0.365478515625,
              0.1629638671875
            ],
            [
              0.2330322265625,
              0.8486328125,
              -0.474609375,
              0.441162109375
            ],
            [
              -0.285888671875,
              0.5263671875,
              0.80078125,
              0.262939453125
            ]
          ]
        ]
      },
      {
        "psnr": 22.267915725708008,
        "distortion": 0.01714046485722065,
        "rotation_rmse": 0.011992529034614563,
        "translation_rmse_100": 0.03427357226610184,
        "t_final": [
          [
            [
              0.9130859375,
              0.1807861328125,
              0.365234375,
              -0.354736328125
            ],
            [
              0.10699462890625,
              0.75830078125,
              -0.64306640625,
              0.33056640625
            ],
            [
              -0.393310546875,
              0.62646484375,
              0.67333984375,
              0.07464599609375
            ]
          ]
        ]
      },
      {
        "psnr": 11.663555145263672,
        "distortion": 0.12730564177036285,
        "rotation_rmse": 12.187508583068848,
        "translation_rmse_100": 32.060455322265625,
        "t_final": [
          [
            [
              0.87841796875,
              -0.2003173828125,
              0.43408203125,
              0.1107177734375
            ],
            [
              0.384521484375,
              0.83544921875,
              -0.392578125,
              0.480224609375
            ],
            [
              -0.2841796875,
              0.51171875,
              0.81103515625,
              0.338623046875
            ]
          ]
        ]
      },
      {
        "psnr": 11.433740615844727,
        "distortion": 0.08625060319900513,
        "rotation_rmse": 29.342992782592773,
        "translation_rmse_100": 3.687467336654663,
        "t_final": [
          [
            [
              0.48876953125,
              -0.5615234375,
              0.66748046875,
              -0.3779296875
            ],
            [
              0.712890625,
              0.6982421875,
              0.0654296875,
              0.285888671875
            ],
            [
              -0.5029296875,
              0.444091796875,
              0.74169921875,
              0.11328125
            ]
          ]
        ]
      },
      {
        "psnr": 22.412275314331055,
        "distortion": 0.017066407948732376,
        "rotation_rmse": 0.012678418308496475,
        "translation_rmse_100": 0.02061786875128746,
        "t_final": [
          [
            [
              0.9130859375,
              0.180908203125,
              0.365234375,
              -0.3544921875
            ],
            [
              0.10699462890625,
              0.75830078125,
              -0.64306640625,
              0.33056640625
            ],
            [
              -0.393310546875,
              0.62646484375,
              0.67333984375,
              0.0745849609375
            ]
          ]
        ]
      }
    ]
  },
  "horns_0_100_even_odd": {
    "best": {
      "psnr": 11.746564865112305,
      "distortion": 0.21167539060115814,
      "rotation_rmse": 19.25916290283203,
      "translation_rmse_100": 40.56440734863281,
      "t_final": [
        [
          [
            0.94970703125,
            -0.2666015625,
            0.163330078125,
            0.355712890625
          ],
          [
            0.310302734375,
            0.86669921875,
            -0.39013671875,
            0.53662109375
          ],
          [
            -0.03759765625,
            0.42138671875,
            0.90625,
            0.1719970703125
          ]
        ]
      ]
    },
    "stats_list": [
      {
        "psnr": 11.499390602111816,
        "distortion": 0.13319547474384308,
        "rotation_rmse": 23.51019859313965,
        "translation_rmse_100": 19.50466537475586,
        "t_final": [
          [
            [
              0.8291015625,
              -0.52294921875,
              0.19775390625,
              -0.0440673828125
            ],
            [
              0.548828125,
              0.82958984375,
              -0.10565185546875,
              0.421142578125
            ],
            [
              -0.10870361328125,
              0.196044921875,
              0.974609375,
              -0.068115234375
            ]
          ]
        ]
      },
      {
        "psnr": 11.675775527954102,
        "distortion": 0.220840185880661,
        "rotation_rmse": 19.10729217529297,
        "translation_rmse_100": 55.88034439086914,
        "t_final": [
          [
            [
              0.958984375,
              -0.25537109375,
              0.122314453125,
              0.467529296875
            ],
            [
              0.282470703125,
              0.89404296875,
              -0.34716796875,
              0.68017578125
            ],
            [
              -0.020721435546875,
              0.36767578125,
              0.9296875,
              0.371826171875
            ]
          ]
        ]
      },
      {
        "psnr": 11.746564865112305,
        "distortion": 0.21167539060115814,
        "rotation_rmse": 19.25916290283203,
        "translation_rmse_100": 40.56440734863281,
        "t_final": [
          [
            [
              0.94970703125,
              -0.2666015625,
              0.163330078125,
              0.355712890625
            ],
            [
              0.310302734375,
              0.86669921875,
              -0.39013671875,
              0.53662109375
            ],
            [
              -0.03759765625,
              0.42138671875,
              0.90625,
              0.1719970703125
            ]
          ]
        ]
      },
      {
        "psnr": 11.23414134979248,
        "distortion": 0.13295361399650574,
        "rotation_rmse": 26.17984390258789,
        "translation_rmse_100": 10.762109756469727,
        "t_final": [
          [
            [
              0.6357421875,
              -0.489501953125,
              0.5966796875,
              0.01349639892578125
            ],
            [
              0.658203125,
              0.74755859375,
              -0.08807373046875,
              0.252685546875
            ],
            [
              -0.4033203125,
              0.448486328125,
              0.79736328125,
              -0.364501953125
            ]
          ]
        ]
      },
      {
        "psnr": 11.442688941955566,
        "distortion": 0.11276604235172272,
        "rotation_rmse": 18.19523048400879,
        "translation_rmse_100": 16.57759666442871,
        "t_final": [
          [
            [
              0.9619140625,
              -0.2470703125,
              0.1185302734375,
              0.1217041015625
            ],
            [
              0.25830078125,
              0.96142578125,
              -0.0926513671875,
              0.326416015625
            ],
            [
              -0.091064453125,
              0.11968994140625,
              0.98876953125,
              -0.11102294921875
            ]
          ]
        ]
      },
      {
        "psnr": 11.397773742675781,
        "distortion": 0.19804511964321136,
        "rotation_rmse": 8.891083717346191,
        "translation_rmse_100": 38.095462799072266,
        "t_final": [
          [
            [
              0.96142578125,
              0.06646728515625,
              0.26611328125,
              0.54150390625
            ],
            [
              0.01560211181640625,
              0.955078125,
              -0.295166015625,
              0.34521484375
            ],
            [
              -0.273681640625,
              0.2880859375,
              0.91748046875,
              -0.02325439453125
            ]
          ]
        ]
      },
      {
        "psnr": 11.6896333694458,
        "distortion": 0.22937461733818054,
        "rotation_rmse": 18.93987464904785,
        "translation_rmse_100": 57.27846145629883,
        "t_final": [
          [
            [
              0.95654296875,
              -0.273193359375,
              0.10260009765625,
              0.59130859375
            ],
            [
              0.287109375,
              0.9443359375,
              -0.1605224609375,
              0.537109375
            ],
            [
              -0.053009033203125,
              0.1829833984375,
              0.9814453125,
              0.406005859375
            ]
          ]
        ]
      },
      {
        "psnr": 11.528508186340332,
        "distortion": 0.06836948543787003,
        "rotation_rmse": 28.253347396850586,
        "translation_rmse_100": 11.205754280090332,
        "t_final": [
          [
            [
              0.796875,
              -0.6005859375,
              0.06768798828125,
              -0.2236328125
            ],
            [
              0.60400390625,
              0.787109375,
              -0.125244140625,
              0.1787109375
            ],
            [
              0.0219573974609375,
              0.140625,
              0.98974609375,
              -0.1839599609375
            ]
          ]
        ]
      },
      {
        "psnr": 11.602709770202637,
        "distortion": 0.2150411754846573,
        "rotation_rmse": 12.830674171447754,
        "translation_rmse_100": 42.08282470703125,
        "t_final": [
          [
            [
              0.9521484375,
              -0.1483154296875,
              0.26708984375,
              0.358154296875
            ],
            [
              0.226806640625,
              0.92919921875,
              -0.29248046875,
              0.57958984375
            ],
            [
              -0.204833984375,
              0.339111328125,
              0.91796875,
              0.1705322265625
            ]
          ]
        ]
      },
      {
        "psnr": 11.376887321472168,
        "distortion": 0.23804056644439697,
        "rotation_rmse": 27.20941925048828,
        "translation_rmse_100": 62.61093521118164,
        "t_final": [
          [
            [
              0.82177734375,
              -0.2010498046875,
              0.533203125,
              0.66748046875
            ],
            [
              0.52685546875,
              0.625,
              -0.576171875,
              0.8388671875
            ],
            [
              -0.217529296875,
              0.75439453125,
              0.619140625,
              0.1697998046875
            ]
          ]
        ]
      }
    ]
  },
  "horns_30_70_even_odd": {
    "best": {
      "psnr": 11.70278263092041,
      "distortion": 0.14040234684944153,
      "rotation_rmse": 12.930723190307617,
      "translation_rmse_100": 52.05530548095703,
      "t_final": [
        [
          [
            0.98291015625,
            -0.03607177734375,
            0.1790771484375,
            -0.6865234375
          ],
          [
            0.09619140625,
            0.935546875,
            -0.339599609375,
            0.60107421875
          ],
          [
            -0.1553955078125,
            0.35107421875,
            0.92333984375,
            0.18310546875
          ]
        ]
      ]
    },
    "stats_list": [
      {
        "psnr": 11.25645923614502,
        "distortion": 0.2239697426557541,
        "rotation_rmse": 5.981674671173096,
        "translation_rmse_100": 72.28627014160156,
        "t_final": [
          [
            [
              0.90966796875,
              0.06298828125,
              0.4111328125,
              1.1279296875
            ],
            [
              0.10906982421875,
              0.91796875,
              -0.3818359375,
              0.1661376953125
            ],
            [
              -0.4013671875,
              0.39208984375,
              0.82763671875,
              0.201904296875
            ]
          ]
        ]
      },
      {
        "psnr": 11.167162895202637,
        "distortion": 0.2150643765926361,
        "rotation_rmse": 20.282529830932617,
        "translation_rmse_100": 52.858436584472656,
        "t_final": [
          [
            [
              0.98779296875,
              -0.1553955078125,
              -0.0157012939453125,
              0.46484375
            ],
            [
              0.145263671875,
              0.95068359375,
              -0.273193359375,
              0.0450439453125
            ],
            [
              0.05743408203125,
              0.267578125,
              0.9619140625,
              0.51904296875
            ]
          ]
        ]
      },
      {
        "psnr": 11.159326553344727,
        "distortion": 0.1692943572998047,
        "rotation_rmse": 23.084697723388672,
        "translation_rmse_100": 35.25296401977539,
        "t_final": [
          [
            [
              0.99658203125,
              -0.0211181640625,
              -0.07818603515625,
              0.423095703125
            ],
            [
              0.0190277099609375,
              0.99951171875,
              -0.0272979736328125,
              -0.09857177734375
            ],
            [
              0.07867431640625,
              0.025726318359375,
              0.99658203125,
              0.08349609375
            ]
          ]
        ]
      },
      {
        "psnr": 11.70278263092041,
        "distortion": 0.14040234684944153,
        "rotation_rmse": 12.930723190307617,
        "translation_rmse_100": 52.05530548095703,
        "t_final": [
          [
            [
              0.98291015625,
              -0.03607177734375,
              0.1790771484375,
              -0.6865234375
            ],
            [
              0.09619140625,
              0.935546875,
              -0.339599609375,
              0.60107421875
            ],
            [
              -0.1553955078125,
              0.35107421875,
              0.92333984375,
              0.18310546875
            ]
          ]
        ]
      },
      {
        "psnr": 11.112625122070312,
        "distortion": 0.20341190695762634,
        "rotation_rmse": 23.78302001953125,
        "translation_rmse_100": 46.44936752319336,
        "t_final": [
          [
            [
              0.9951171875,
              -0.08575439453125,
              -0.05303955078125,
              0.505859375
            ],
            [
              0.08892822265625,
              0.994140625,
              0.060150146484375,
              -0.0224456787109375
            ],
            [
              0.047576904296875,
              -0.0645751953125,
              0.99658203125,
              0.330078125
            ]
          ]
        ]
      },
      {
        "psnr": 11.172139167785645,
        "distortion": 0.2104446142911911,
        "rotation_rmse": 17.972509384155273,
        "translation_rmse_100": 54.95954132080078,
        "t_final": [
          [
            [
              0.99951171875,
              -0.0166168212890625,
              0.031829833984375,
              0.55712890625
            ],
            [
              0.0216827392578125,
              0.98583984375,
              -0.165771484375,
              -0.056488037109375
            ],
            [
              -0.02862548828125,
              0.166259765625,
              0.98583984375,
              0.47705078125
            ]
          ]
        ]
      },
      {
        "psnr": 11.162991523742676,
        "distortion": 0.21560782194137573,
        "rotation_rmse": 5.088024616241455,
        "translation_rmse_100": 87.7231216430664,
        "t_final": [
          [
            [
              0.91015625,
              0.11700439453125,
              0.397216796875,
              1.1982421875
            ],
            [
              0.056915283203125,
              0.91455078125,
              -0.39990234375,
              -0.14306640625
            ],
            [
              -0.41015625,
              0.38671875,
              0.826171875,
              0.59423828125
            ]
          ]
        ]
      },
      {
        "psnr": 11.137743949890137,
        "distortion": 0.23264816403388977,
        "rotation_rmse": 6.887199878692627,
        "translation_rmse_100": 98.88750457763672,
        "t_final": [
          [
            [
              0.7802734375,
              0.3447265625,
              0.521484375,
              1.046875
            ],
            [
              -0.06512451171875,
              0.87451171875,
              -0.480712890625,
              -0.304931640625
            ],
            [
              -0.6220703125,
              0.34130859375,
              0.705078125,
              1.009765625
            ]
          ]
        ]
      },
      {
        "psnr": 11.315461158752441,
        "distortion": 0.2159246951341629,
        "rotation_rmse": 22.284351348876953,
        "translation_rmse_100": 60.01157760620117,
        "t_final": [
          [
            [
              0.99169921875,
              -0.1038818359375,
              -0.07489013671875,
              0.6259765625
            ],
            [
              0.094970703125,
              0.98876953125,
              -0.1141357421875,
              0.08636474609375
            ],
            [
              0.0859375,
              0.1060791015625,
              0.99072265625,
              0.55615234375
            ]
          ]
        ]
      },
      {
        "psnr": 11.13097095489502,
        "distortion": 0.2147272229194641,
        "rotation_rmse": 16.393245697021484,
        "translation_rmse_100": 52.20076370239258,
        "t_final": [
          [
            [
              0.9912109375,
              -0.006191253662109375,
              0.1318359375,
              0.603515625
            ],
            [
              0.014923095703125,
              0.99755859375,
              -0.0653076171875,
              0.06719970703125
            ],
            [
              -0.131103515625,
              0.06671142578125,
              0.9892578125,
              0.390625
            ]
          ]
        ]
      }
    ]
  },
  "horns_50_50": {
    "best": {
      "psnr": 21.287738800048828,
      "distortion": 0.017049772664904594,
      "rotation_rmse": 0.013825069181621075,
      "translation_rmse_100": 0.012890658341348171,
      "t_final": [
        [
          [
            0.85595703125,
            0.135498046875,
            0.4990234375,
            -0.043670654296875
          ],
          [
            0.034759521484375,
            0.9482421875,
            -0.31689453125,
            0.12890625
          ],
          [
            -0.51611328125,
            0.28857421875,
            0.806640625,
            -0.2374267578125
          ]
        ]
      ]
    },
    "stats_list": [
      {
        "psnr": 21.138160705566406,
        "distortion": 0.017118077725172043,
        "rotation_rmse": 0.012525133788585663,
        "translation_rmse_100": 0.02238447591662407,
        "t_final": [
          [
            [
              0.85595703125,
              0.1357421875,
              0.498779296875,
              -0.04351806640625
            ],
            [
              0.034515380859375,
              0.94775390625,
              -0.317138671875,
              0.1290283203125
            ],
            [
              -0.515625,
              0.288818359375,
              0.806640625,
              -0.237548828125
            ]
          ]
        ]
      },
      {
        "psnr": 11.36120891571045,
        "distortion": 0.1970265656709671,
        "rotation_rmse": 18.786361694335938,
        "translation_rmse_100": 48.40719223022461,
        "t_final": [
          [
            [
              0.95703125,
              -0.238037109375,
              0.1658935546875,
              0.43212890625
            ],
            [
              0.28662109375,
              0.865234375,
              -0.41162109375,
              0.6357421875
            ],
            [
              -0.045562744140625,
              0.44140625,
              0.89599609375,
              0.23095703125
            ]
          ]
        ]
      },
      {
        "psnr": 11.244637489318848,
        "distortion": 0.21784555912017822,
        "rotation_rmse": 19.863428115844727,
        "translation_rmse_100": 59.2115478515625,
        "t_final": [
          [
            [
