{
  "fern_0_100_even_odd": {
    "best": {
      "psnr": 22.34710121154785,
      "distortion": 0.01759459264576435,
      "rotation_rmse": 0.03797883912920952,
      "translation_rmse_100": 0.1700512319803238,
      "t_final": [
        [
          [
            0.91357421875,
            0.1805419921875,
            0.364501953125,
            -0.35705745220184326
          ],
          [
            0.1064453125,
            0.7587890625,
            -0.642578125,
            0.33093512058258057
          ],
          [
            -0.392578125,
            0.6259765625,
            0.673828125,
            0.0736660584807396
          ]
        ]
      ]
    },
    "stats_list": [
      {
        "psnr": 11.835877418518066,
        "distortion": 0.11380422115325928,
        "rotation_rmse": 8.18725872039795,
        "translation_rmse_100": 11.176040649414062,
        "t_final": [
          [
            [
              0.85205078125,
              0.0007739067077636719,
              0.5234375,
              -0.20879483222961426
            ],
            [
              0.26025390625,
              0.8671875,
              -0.424560546875,
              0.2410096675157547
            ],
            [
              -0.454345703125,
              0.498046875,
              0.73876953125,
              -0.01667371392250061
            ]
          ]
        ]
      },
      {
        "psnr": 22.34710121154785,
        "distortion": 0.01759459264576435,
        "rotation_rmse": 0.03797883912920952,
        "translation_rmse_100": 0.1700512319803238,
        "t_final": [
          [
            [
              0.91357421875,
              0.1805419921875,
              0.364501953125,
              -0.35705745220184326
            ],
            [
              0.1064453125,
              0.7587890625,
              -0.642578125,
              0.33093512058258057
            ],
            [
              -0.392578125,
              0.6259765625,
              0.673828125,
              0.0736660584807396
            ]
          ]
        ]
      },
      {
        "psnr": 10.888110160827637,
        "distortion": 0.1373206377029419,
        "rotation_rmse": 21.082378387451172,
        "translation_rmse_100": 22.096725463867188,
        "t_final": [
          [
            [
              0.7373046875,
              -0.1705322265625,
              0.654296875,
              0.028241489082574844
            ],
            [
              0.6142578125,
              0.572265625,
              -0.54296875,
              0.325486958026886
            ],
            [
              -0.281982421875,
              0.8017578125,
              0.5263671875,
              0.0878310352563858
            ]
          ]
        ]
      },
      {
        "psnr": 11.63270378112793,
        "distortion": 0.15824247896671295,
        "rotation_rmse": 22.505126953125,
        "translation_rmse_100": 21.595914840698242,
        "t_final": [
          [
            [
              0.6416015625,
              -0.3232421875,
              0.69580078125,
              -0.021748991683125496
            ],
            [
              0.406982421875,
              0.912109375,
              0.048370361328125,
              0.16509315371513367
            ],
            [
              -0.650390625,
              0.251953125,
              0.716796875,
              0.02993658185005188
            ]
          ]
        ]
      },
      {
        "psnr": 22.337783813476562,
        "distortion": 0.017881013453006744,
        "rotation_rmse": 0.04860745370388031,
        "translation_rmse_100": 0.19462533295154572,
        "t_final": [
          [
            [
              0.91357421875,
              0.18017578125,
              0.364013671875,
              -0.3574460446834564
            ],
            [
              0.1064453125,
              0.7587890625,
              -0.642578125,
              0.3309604525566101
            ],
            [
              -0.39208984375,
              0.6259765625,
              0.673828125,
              0.07347264885902405
            ]
          ]
        ]
      },
      {
        "psnr": 12.095728874206543,
        "distortion": 0.1646972894668579,
        "rotation_rmse": 14.085854530334473,
        "translation_rmse_100": 11.433954238891602,
        "t_final": [
          [
            [
              0.7060546875,
              0.0701904296875,
              0.70458984375,
              -0.17549410462379456
            ],
            [
              0.2418212890625,
              0.9111328125,
              -0.3330078125,
              0.4109196960926056
            ],
            [
              -0.66552734375,
              0.405517578125,
              0.62646484375,
              0.04546361416578293
            ]
          ]
        ]
      },
      {
        "psnr": 11.37218189239502,
        "distortion": 0.09097857773303986,
        "rotation_rmse": 15.899959564208984,
        "translation_rmse_100": 78.91613006591797,
        "t_final": [
          [
            [
              0.85107421875,
              -0.224853515625,
              0.474609375,
              -0.028278542682528496
            ],
            [
              0.343017578125,
              0.92236328125,
              -0.177734375,
              -0.9608155488967896
            ],
            [
              -0.397705078125,
              0.31396484375,
              0.8623046875,
              0.3813324570655823
            ]
          ]
        ]
      },
      {
        "psnr": 11.180891036987305,
        "distortion": 0.07120387256145477,
        "rotation_rmse": 3.5804176330566406,
        "translation_rmse_100": 53.082401275634766,
        "t_final": [
          [
            [
              0.908203125,
              0.25390625,
              0.33251953125,
              0.5039049386978149
            ],
            [
              0.019927978515625,
              0.767578125,
              -0.640625,
              0.14354655146598816
            ],
            [
              -0.41796875,
              0.58837890625,
              0.69189453125,
              -0.19756004214286804
            ]
          ]
        ]
      },
      {
        "psnr": 11.070773124694824,
        "distortion": 0.16373807191848755,
        "rotation_rmse": 25.588485717773438,
        "translation_rmse_100": 31.961503982543945,
        "t_final": [
          [
            [
              0.83935546875,
              -0.302001953125,
              0.45166015625,
              0.153051495552063
            ],
            [
              0.268310546875,
              0.953125,
              0.138671875,
              0.12354932725429535
            ],
            [
              -0.472412109375,
              0.00469970703125,
              0.88134765625,
              -0.00471119862049818
            ]
          ]
        ]
      },
      {
        "psnr": 12.189659118652344,
        "distortion": 0.02754833549261093,
        "rotation_rmse": 21.703109741210938,
        "translation_rmse_100": 29.494556427001953,
        "t_final": [
          [
            [
              0.62841796875,
              -0.337890625,
              0.70068359375,
              -0.7106602191925049
            ],
            [
              0.55224609375,
              0.828125,
              -0.0960693359375,
              -0.031919918954372406
            ],
            [
              -0.5478515625,
              0.447265625,
              0.70703125,
              0.024666305631399155
            ]
          ]
        ]
      }
    ]
  },
  "fern_30_70_even_odd": {
    "best": {
      "psnr": 21.841068267822266,
      "distortion": 0.017531543970108032,
      "rotation_rmse": 0.04127109795808792,
      "translation_rmse_100": 0.18987689912319183,
      "t_final": [
        [
          [
            0.91357421875,
            0.1802978515625,
            0.3642578125,
            -0.357446551322937
          ],
          [
            0.1065673828125,
            0.7587890625,
            -0.642578125,
            0.3311454653739929
          ],
          [
            -0.392333984375,
            0.6259765625,
            0.673828125,
            0.07403843849897385
          ]
        ]
      ]
    },
    "stats_list": [
      {
        "psnr": 11.83956241607666,
        "distortion": 0.02074361965060234,
        "rotation_rmse": 9.362321853637695,
        "translation_rmse_100": 6.099066734313965,
        "t_final": [
          [
            [
              0.9716796875,
              0.1844482421875,
              0.1483154296875,
              -0.3159872889518738
            ],
            [
              -0.0626220703125,
              0.8046875,
              -0.59033203125,
              0.3664664924144745
            ],
            [
              -0.2281494140625,
              0.564453125,
              0.79345703125,
              -0.017358355224132538
            ]
          ]
        ]
      },
      {
        "psnr": 21.73736572265625,
        "distortion": 0.01792905479669571,
        "rotation_rmse": 0.047107595950365067,
        "translation_rmse_100": 0.19500921666622162,
        "t_final": [
          [
            [
              0.91357421875,
              0.1807861328125,
              0.364013671875,
              -0.3574517071247101
            ],
            [
              0.10595703125,
              0.75830078125,
              -0.64306640625,
              0.33143025636672974
            ],
            [
              -0.392333984375,
              0.6259765625,
              0.673828125,
              0.07382176071405411
            ]
          ]
        ]
      },
      {
        "psnr": 10.704957008361816,
        "distortion": 0.09838014841079712,
        "rotation_rmse": 17.722492218017578,
        "translation_rmse_100": 49.68047332763672,
        "t_final": [
          [
            [
              0.7431640625,
              -0.07220458984375,
              0.6650390625,
              0.21016298234462738
            ],
            [
              0.52783203125,
              0.673828125,
              -0.51708984375,
              -0.3137531876564026
            ],
            [
              -0.410888671875,
              0.7353515625,
              0.5390625,
              0.15607476234436035
            ]
          ]
        ]
      },
      {
        "psnr": 11.883430480957031,
        "distortion": 0.049016330391168594,
        "rotation_rmse": 18.7255916595459,
        "translation_rmse_100": 9.387085914611816,
        "t_final": [
          [
            [
              0.66943359375,
              -0.224609375,
              0.7080078125,
              -0.4444206953048706
            ],
            [
              0.4521484375,
              0.87939453125,
              -0.1484375,
              0.42559343576431274
            ],
            [
              -0.58935546875,
              0.41943359375,
              0.6904296875,
              -0.021971017122268677
            ]
          ]
        ]
      },
      {
        "psnr": 10.845353126525879,
        "distortion": 0.06604119390249252,
        "rotation_rmse": 12.668414115905762,
        "translation_rmse_100": 60.05902099609375,
        "t_final": [
          [
            [
              0.8330078125,
              -0.0299835205078125,
              0.55224609375,
              -0.3869308531284332
            ],
            [
              0.420654296875,
              0.6826171875,
              -0.59765625,
              -0.7006320357322693
            ],
            [
              -0.359130859375,
              0.72998046875,
              0.58154296875,
              -0.057998377829790115
            ]
          ]
        ]
      },
      {
        "psnr": 21.7313232421875,
        "distortion": 0.01790636219084263,
        "rotation_rmse": 0.03674817457795143,
        "translation_rmse_100": 0.1658044010400772,
        "t_final": [
          [
            [
              0.91357421875,
              0.1806640625,
              0.364501953125,
              -0.35702237486839294
            ],
            [
              0.106689453125,
              0.7587890625,
              -0.642578125,
              0.33109250664711
            ],
            [
              -0.392578125,
              0.6259765625,
              0.673828125,
              0.07397819310426712
            ]
          ]
        ]
      },
      {
        "psnr": 21.745723724365234,
        "distortion": 0.017893772572278976,
        "rotation_rmse": 0.06814049184322357,
        "translation_rmse_100": 0.1570410132408142,
        "t_final": [
          [
            [
              0.9140625,
              0.1810302734375,
              0.363525390625,
              -0.35674184560775757
            ],
            [
              0.1055908203125,
              0.75830078125,
              -0.64306640625,
              0.3313787281513214
            ],
            [
              -0.39208984375,
              0.6259765625,
              0.673828125,
              0.07369135320186615
            ]
          ]
        ]
      },
      {
        "psnr": 21.75832748413086,
        "distortion": 0.0176237802952528,
        "rotation_rmse": 0.04073795676231384,
        "translation_rmse_100": 0.17040151357650757,
        "t_final": [
          [
            [
              0.91357421875,
              0.1806640625,
              0.364501953125,
              -0.35709211230278015
            ],
            [
              0.1063232421875,
              0.7587890625,
              -0.642578125,
              0.331218957901001
            ],
            [
              -0.392578125,
              0.6259765625,
              0.673828125,
              0.0740659162402153
            ]
          ]
        ]
      },
      {
        "psnr": 21.841068267822266,
        "distortion": 0.017531543970108032,
        "rotation_rmse": 0.04127109795808792,
        "translation_rmse_100": 0.18987689912319183,
        "t_final": [
          [
            [
              0.91357421875,
              0.1802978515625,
              0.3642578125,
              -0.357446551322937
            ],
            [
              0.1065673828125,
              0.7587890625,
              -0.642578125,
              0.3311454653739929
            ],
            [
              -0.392333984375,
              0.6259765625,
              0.673828125,
              0.07403843849897385
            ]
          ]
        ]
      },
      {
        "psnr": 10.493255615234375,
        "distortion": 0.06791800260543823,
        "rotation_rmse": 14.970897674560547,
        "translation_rmse_100": 70.10548400878906,
        "t_final": [
          [
            [
              0.90576171875,
              -0.01055145263671875,
              0.42333984375,
              -0.6189529895782471
            ],
            [
              0.12249755859375,
              0.96337890625,
              -0.23828125,
              -0.8059089779853821
            ],
            [
              -0.4052734375,
              0.267822265625,
              0.8740234375,
              0.4099218547344208
            ]
          ]
        ]
      }
    ]
  },
  "fern_50_50": {
    "best": {
      "psnr": 21.542633056640625,
      "distortion": 0.01700030080974102,
      "rotation_rmse": 0.02657204307615757,
      "translation_rmse_100": 0.2089676707983017,
      "t_final": [
        [
          [
            0.91357421875,
            0.1810302734375,
            0.364501953125,
            -0.35781043767929077
          ],
          [
            0.1063232421875,
            0.75830078125,
            -0.64306640625,
            0.3310329020023346
          ],
          [
            -0.392822265625,
            0.62646484375,
            0.67333984375,
            0.07448911666870117
          ]
        ]
      ]
    },
    "stats_list": [
      {
        "psnr": 21.50029754638672,
        "distortion": 0.017240943387150764,
        "rotation_rmse": 0.020734256133437157,
        "translation_rmse_100": 0.20301920175552368,
        "t_final": [
          [
            [
              0.91357421875,
              0.180908203125,
              0.364501953125,
              -0.35772600769996643
            ],
            [
              0.1065673828125,
              0.75830078125,
              -0.64306640625,
              0.3307812511920929
            ],
            [
              -0.392822265625,
              0.62646484375,
              0.67333984375,
              0.07447423040866852
            ]
          ]
        ]
      },
      {
        "psnr": 21.490215301513672,
        "distortion": 0.016978329047560692,
        "rotation_rmse": 0.033939141780138016,
        "translation_rmse_100": 0.17985372245311737,
        "t_final": [
          [
            [
              0.91357421875,
              0.1812744140625,
              0.36474609375,
              -0.35729604959487915
            ],
            [
              0.106201171875,
              0.75830078125,
              -0.64306640625,
              0.33109331130981445
            ],
            [
              -0.39306640625,
              0.6259765625,
              0.67333984375,
              0.07433095574378967
            ]
          ]
        ]
      },
      {
        "psnr": 21.438472747802734,
        "distortion": 0.0170920267701149,
        "rotation_rmse": 0.04216843098402023,
        "translation_rmse_100": 0.19136033952236176,
        "t_final": [
          [
            [
              0.91357421875,
              0.1812744140625,
              0.3642578125,
              -0.35744529962539673
            ],
            [
              0.10601806640625,
              0.75830078125,
              -0.64306640625,
              0.33137840032577515
            ],
            [
              -0.392822265625,
              0.6259765625,
              0.67333984375,
              0.07444103062152863
            ]
          ]
        ]
      },
      {
        "psnr": 21.51165008544922,
        "distortion": 0.01702088862657547,
        "rotation_rmse": 0.008838774636387825,
        "translation_rmse_100": 0.22709067165851593,
        "t_final": [
          [
            [
              0.91357421875,
              0.180419921875,
              0.36474609375,
              -0.3581409454345703
            ],
            [
              0.10693359375,
              0.75830078125,
              -0.64306640625,
              0.3307535946369171
            ],
            [
              -0.392822265625,
              0.62646484375,
              0.67333984375,
              0.07456410676240921
            ]
          ]
        ]
      },
      {
        "psnr": 21.531593322753906,
        "distortion": 0.01707175187766552,
        "rotation_rmse": 0.03479330241680145,
        "translation_rmse_100": 0.17620186507701874,
        "t_final": [
          [
            [
              0.91357421875,
              0.18115234375,
              0.364501953125,
              -0.3572295606136322
            ],
            [
              0.106201171875,
              0.75830078125,
              -0.64306640625,
              0.3310964107513428
            ],
            [
              -0.392822265625,
              0.6259765625,
              0.67333984375,
              0.07449676096439362
            ]
          ]
        ]
      },
      {
        "psnr": 21.517133712768555,
        "distortion": 0.01706288568675518,
        "rotation_rmse": 0.029645180329680443,
        "translation_rmse_100": 0.2146478295326233,
        "t_final": [
          [
            [
              0.91357421875,
              0.1810302734375,
              0.364501953125,
              -0.3579195439815521
            ],
            [
              0.10638427734375,
              0.75830078125,
              -0.64306640625,
              0.330939382314682
            ],
            [
              -0.392822265625,
              0.6259765625,
              0.67333984375,
              0.07433465123176575
            ]
          ]
        ]
      },
      {
        "psnr": 21.542633056640625,
        "distortion": 0.01700030080974102,
        "rotation_rmse": 0.02657204307615757,
        "translation_rmse_100": 0.2089676707983017,
        "t_final": [
          [
            [
              0.91357421875,
              0.1810302734375,
              0.364501953125,
              -0.35781043767929077
            ],
            [
              0.1063232421875,
              0.75830078125,
              -0.64306640625,
              0.3310329020023346
            ],
            [
              -0.392822265625,
              0.62646484375,
              0.67333984375,
              0.07448911666870117
            ]
          ]
        ]
      },
      {
        "psnr": 11.392889022827148,
        "distortion": 0.14901202917099,
        "rotation_rmse": 22.22888946533203,
        "translation_rmse_100": 80.56114959716797,
        "t_final": [
          [
            [
              0.70654296875,
              -0.40673828125,
              0.57958984375,
              -0.18421025574207306
            ],
            [
              0.47705078125,
              0.87841796875,
              0.03515625,
              -0.9080865383148193
            ],
            [
              -0.52294921875,
              0.25146484375,
              0.814453125,
              0.6937887668609619
            ]
          ]
        ]
      },
      {
        "psnr": 21.54016876220703,
        "distortion": 0.016927074640989304,
        "rotation_rmse": 0.03317735344171524,
        "translation_rmse_100": 0.19577425718307495,
        "t_final": [
          [
            [
              0.91357421875,
              0.18115234375,
              0.3642578125,
              -0.35757631063461304
            ],
            [
              0.106201171875,
              0.75830078125,
              -0.64306640625,
              0.33105945587158203
            ],
            [
              -0.392822265625,
              0.62646484375,
              0.67333984375,
              0.07423814386129379
            ]
          ]
        ]
      },
      {
        "psnr": 12.29911994934082,
        "distortion": 0.03567167744040489,
        "rotation_rmse": 4.388721942901611,
        "translation_rmse_100": 72.8629150390625,
        "t_final": [
          [
            [
              0.9560546875,
              0.09185791015625,
              0.2783203125,
              -0.7483222484588623
            ],
            [
              0.1185302734375,
              0.74755859375,
              -0.65380859375,
              -0.8678802251815796
            ],
            [
              -0.26806640625,
              0.658203125,
              0.70361328125,
              0.10464758425951004
            ]
          ]
        ]
      }
    ]
  },
  "horns_0_100_even_odd": {
    "best": {
      "psnr": 25.12097930908203,
      "distortion": 0.023476259782910347,
      "rotation_rmse": 0.01669161021709442,
      "translation_rmse_100": 0.09838766604661942,
      "t_final": [
        [
          [
            0.8564453125,
            0.1358642578125,
            0.49853515625,
            -0.045548826456069946
          ],
          [
            0.034210205078125,
            0.94775390625,
            -0.317138671875,
            0.12859246134757996
          ],
          [
            -0.515625,
            0.28857421875,
            0.806640625,
            -0.2375398576259613
          ]
        ]
      ]
    },
    "stats_list": [
      {
        "psnr": 25.12097930908203,
        "distortion": 0.023476259782910347,
        "rotation_rmse": 0.01669161021709442,
        "translation_rmse_100": 0.09838766604661942,
        "t_final": [
          [
            [
              0.8564453125,
              0.1358642578125,
              0.49853515625,
              -0.045548826456069946
            ],
            [
              0.034210205078125,
              0.94775390625,
              -0.317138671875,
              0.12859246134757996
            ],
            [
              -0.515625,
              0.28857421875,
              0.806640625,
              -0.2375398576259613
            ]
          ]
        ]
      },
      {
        "psnr": 11.391108512878418,
        "distortion": 0.17948895692825317,
        "rotation_rmse": 34.302757263183594,
        "translation_rmse_100": 52.21691131591797,
        "t_final": [
          [
            [
              0.8076171875,
              -0.54541015625,
              -0.2242431640625,
              0.5120530724525452
            ],
            [
              0.498779296875,
              0.8349609375,
              -0.2335205078125,
              -0.5787056088447571
            ],
            [
              0.314453125,
              0.0767822265625,
              0.9462890625,
              -0.3285715878009796
            ]
          ]
        ]
      },
      {
        "psnr": 11.485631942749023,
        "distortion": 0.21115705370903015,
        "rotation_rmse": 13.003920555114746,
        "translation_rmse_100": 44.12814712524414,
        "t_final": [
          [
            [
              0.94775390625,
              -0.082275390625,
              0.308837890625,
              0.5154050588607788
            ],
            [
              0.21630859375,
              0.87646484375,
              -0.430419921875,
              0.5090029835700989
            ],
            [
              -0.2352294921875,
              0.474609375,
              0.84814453125,
              0.11869789659976959
            ]
          ]
        ]
      },
      {
        "psnr": 11.476993560791016,
        "distortion": 0.1427169293165207,
        "rotation_rmse": 21.65981101989746,
        "translation_rmse_100": 36.39204025268555,
        "t_final": [
          [
            [
              0.8310546875,
              -0.11614990234375,
              0.5439453125,
              -0.025994393974542618
            ],
            [
              0.43798828125,
              0.7392578125,
              -0.51171875,
              -0.04569409415125847
            ],
            [
              -0.342529296875,
              0.6630859375,
              0.66552734375,
              -0.8429384827613831
            ]
          ]
        ]
      },
      {
        "psnr": 25.031278610229492,
        "distortion": 0.023665035143494606,
        "rotation_rmse": 0.016874607652425766,
        "translation_rmse_100": 0.08860145509243011,
        "t_final": [
          [
            [
              0.8564453125,
              0.1358642578125,
              0.49853515625,
              -0.045395273715257645
            ],
            [
              0.0341796875,
              0.94775390625,
              -0.317138671875,
              0.12874829769134521
            ],
            [
              -0.515625,
              0.28857421875,
              0.806640625,
              -0.23758061230182648
            ]
          ]
        ]
      },
      {
        "psnr": 25.073657989501953,
        "distortion": 0.02344389632344246,
        "rotation_rmse": 0.019596394151449203,
        "translation_rmse_100": 0.107190802693367,
        "t_final": [
          [
            [
              0.85595703125,
              0.135986328125,
              0.49853515625,
              -0.045707061886787415
            ],
            [
              0.03399658203125,
              0.94775390625,
              -0.317138671875,
              0.12864603102207184
            ],
            [
              -0.515625,
              0.288330078125,
              0.806640625,
              -0.2376294881105423
            ]
          ]
        ]
      },
      {
        "psnr": 25.029367446899414,
        "distortion": 0.023596826940774918,
        "rotation_rmse": 0.01604633219540119,
        "translation_rmse_100": 0.11274206638336182,
        "t_final": [
          [
            [
              0.8564453125,
              0.1357421875,
              0.49853515625,
              -0.04580370709300041
            ],
            [
              0.03436279296875,
              0.94775390625,
              -0.317138671875,
              0.12864987552165985
            ],
            [
              -0.515625,
              0.28857421875,
              0.806640625,
              -0.23764127492904663
            ]
          ]
        ]
      },
      {
        "psnr": 11.33572006225586,
        "distortion": 0.23374806344509125,
        "rotation_rmse": 18.603487014770508,
        "translation_rmse_100": 81.59746551513672,
        "t_final": [
          [
            [
              0.91845703125,
              -0.022735595703125,
              0.39501953125,
              1.0385210514068604
            ],
            [
              0.2802734375,
              0.7421875,
              -0.60888671875,
              -0.3563748002052307
            ],
            [
              -0.279296875,
              0.669921875,
              0.68798828125,
              0.5308713912963867
            ]
          ]
        ]
      },
      {
        "psnr": 11.66469955444336,
        "distortion": 0.1660475730895996,
        "rotation_rmse": 10.602961540222168,
        "translation_rmse_100": 47.74185562133789,
        "t_final": [
          [
            [
              0.791015625,
              0.31494140625,
              0.5244140625,
              0.042180538177490234
            ],
            [
              0.04925537109375,
              0.82177734375,
              -0.56787109375,
              -0.4747409522533417
            ],
            [
              -0.609375,
              0.47509765625,
              0.634765625,
              -0.7961381673812866
            ]
          ]
        ]
      },
      {
        "psnr": 11.790549278259277,
        "distortion": 0.16623921692371368,
        "rotation_rmse": 28.390233993530273,
        "translation_rmse_100": 51.420040130615234,
        "t_final": [
          [
            [
              0.92041015625,
              -0.309814453125,
              0.2396240234375,
              -0.1757199764251709
            ],
            [
              0.385009765625,
              0.6044921875,
              -0.697265625,
              -0.5572226047515869
            ],
            [
              0.07135009765625,
              0.73388671875,
              0.67529296875,
              -0.7898951768875122
            ]
          ]
        ]
      }
    ]
  },
  "horns_30_70_even_odd": {
    "best": {
      "psnr": 22.021936416625977,
      "distortion": 0.019443970173597336,
      "rotation_rmse": 0.028208209201693535,
      "translation_rmse_100": 0.10000558197498322,
      "t_final": [
        [
          [
            0.8564453125,
            0.13623046875,
            0.498291015625,
            -0.04557373747229576
          ],
          [
            0.033843994140625,
            0.94775390625,
            -0.317138671875,
            0.12863396108150482
          ],
          [
            -0.515625,
            0.28857421875,
            0.806640625,
            -0.2373444139957428
          ]
        ]
      ]
    },
    "stats_list": [
      {
        "psnr": 21.99769401550293,
        "distortion": 0.019648758694529533,
        "rotation_rmse": 0.016044005751609802,
        "translation_rmse_100": 0.09433644264936447,
        "t_final": [
          [
            [
              0.85595703125,
              0.1358642578125,
              0.498779296875,
              -0.045478980988264084
            ],
            [
              0.0341796875,
              0.94775390625,
              -0.31689453125,
              0.1286057084798813
            ],
            [
              -0.515625,
              0.288330078125,
              0.806640625,
              -0.2375802844762802
            ]
          ]
        ]
      },
      {
        "psnr": 11.288643836975098,
        "distortion": 0.22324825823307037,
        "rotation_rmse": 24.031740188598633,
        "translation_rmse_100": 82.39347839355469,
        "t_final": [
          [
            [
              0.8955078125,
              -0.315673828125,
              0.31396484375,
              0.9254949688911438
            ],
            [
              0.4423828125,
              0.71240234375,
              -0.544921875,
              -0.8324882388114929
            ],
            [
              -0.051605224609375,
              0.62646484375,
              0.77783203125,
              -0.6531668901443481
            ]
          ]
        ]
      },
      {
        "psnr": 22.021936416625977,
        "distortion": 0.019443970173597336,
        "rotation_rmse": 0.028208209201693535,
        "translation_rmse_100": 0.10000558197498322,
        "t_final": [
          [
            [
              0.8564453125,
              0.13623046875,
              0.498291015625,
              -0.04557373747229576
            ],
            [
              0.033843994140625,
              0.94775390625,
              -0.317138671875,
              0.12863396108150482
            ],
            [
              -0.515625,
              0.28857421875,
              0.806640625,
              -0.2373444139957428
            ]
          ]
        ]
      },
      {
        "psnr": 10.554723739624023,
        "distortion": 0.1390095353126526,
        "rotation_rmse": 34.77895736694336,
        "translation_rmse_100": 27.570911407470703,
        "t_final": [
          [
            [
              0.7119140625,
              -0.40283203125,
              0.57568359375,
              0.3574111759662628
            ],
            [
              0.70068359375,
              0.4658203125,
              -0.54052734375,
              0.12181059271097183
            ],
            [
              -0.05059814453125,
              0.7880859375,
              0.61376953125,
              -0.49631744623184204
            ]
          ]
        ]
      },
      {
        "psnr": 22.017961502075195,
        "distortion": 0.01955365389585495,
        "rotation_rmse": 0.017567673698067665,
        "translation_rmse_100": 0.14102905988693237,
        "t_final": [
          [
            [
              0.8564453125,
              0.1358642578125,
              0.49853515625,
              -0.04629534110426903
            ],
            [
              0.034423828125,
              0.94775390625,
              -0.3173828125,
              0.12864188849925995
            ],
            [
              -0.515625,
              0.288818359375,
              0.806640625,
              -0.23739616572856903
            ]
          ]
        ]
      },
      {
        "psnr": 11.135587692260742,
        "distortion": 0.2157519906759262,
        "rotation_rmse": 6.409207344055176,
        "translation_rmse_100": 77.43047332763672,
        "t_final": [
          [
            [
              0.92041015625,
              0.1212158203125,
              0.371337890625,
              0.9253263473510742
            ],
            [
              0.055633544921875,
              0.900390625,
              -0.431640625,
              -0.282565176486969
            ],
            [
              -0.38671875,
              0.41796875,
              0.822265625,
              0.5931628346443176
            ]
          ]
        ]
      },
      {
        "psnr": 11.354546546936035,
        "distortion": 0.21685266494750977,
        "rotation_rmse": 11.78559398651123,
        "translation_rmse_100": 79.49465942382812,
        "t_final": [
          [
            [
              0.8388671875,
              0.17236328125,
              0.51611328125,
              1.2550102472305298
            ],
            [
              0.1575927734375,
              0.83056640625,
              -0.53369140625,
              0.36432981491088867
            ],
            [
              -0.52099609375,
              0.529296875,
              0.669921875,
              -0.6290531158447266
            ]
          ]
        ]
      },
      {
        "psnr": 10.9987211227417,
        "distortion": 0.21911416947841644,
        "rotation_rmse": 19.154529571533203,
        "translation_rmse_100": 77.8759765625,
        "t_final": [
          [
            [
              0.87255859375,
              0.2005615234375,
              0.445068359375,
              0.5787143707275391
            ],
            [
              0.1956787109375,
              0.69140625,
              -0.6953125,
              -1.019150733947754
            ],
            [
              -0.447265625,
              0.69384765625,
              0.56396484375,
              0.0999218225479126
            ]
          ]
        ]
      },
      {
        "psnr": 10.031780242919922,
        "distortion": 0.03979628160595894,
        "rotation_rmse": 12.983749389648438,
        "translation_rmse_100": 52.30950164794922,
        "t_final": [
          [
            [
              0.96435546875,
              -0.129638671875,
              0.230712890625,
              -0.8194653391838074
            ],
            [
              0.1920166015625,
              0.9423828125,
              -0.273193359375,
              0.20586858689785004
            ],
            [
              -0.1820068359375,
              0.307861328125,
              0.93408203125,
              -0.699476420879364
            ]
          ]
        ]
      },
      {
        "psnr": 10.39041805267334,
        "distortion": 0.09247789531946182,
        "rotation_rmse": 41.14149475097656,
        "translation_rmse_100": 30.725379943847656,
        "t_final": [
          [
            [
              0.62548828125,
              -0.60595703125,
              0.491943359375,
              -0.2020825445652008
            ],
            [
              0.74951171875,
              0.2900390625,
              -0.59521484375,
              0.18178488314151764
            ],
            [
              0.2178955078125,
              0.74072265625,
              0.63525390625,
              -0.7428766489028931
            ]
          ]
        ]
      }
    ]
  },
  "horns_50_50": {
    "best": {
      "psnr": 20.803861618041992,
      "distortion": 0.01690255105495453,
      "rotation_rmse": 0.010630542412400246,
      "translation_rmse_100": 0.09235218167304993,
      "t_final": [
        [
          [
            0.85595703125,
            0.1358642578125,
            0.498779296875,
            -0.045451510697603226
          ],
          [
            0.034149169921875,
            0.94775390625,
            -0.317138671875,
            0.12865379452705383
          ],
          [
            -0.515625,
            0.28857421875,
            0.806640625,
            -0.23748135566711426
          ]
        ]
      ]
    },
    "stats_list": [
      {
        "psnr": 11.437399864196777,
        "distortion": 0.18796642124652863,
        "rotation_rmse": 8.686739921569824,
        "translation_rmse_100": 69.75990295410156,
        "t_final": [
          [
            [
              0.95751953125,
              0.131591796875,
              0.256103515625,
              0.3521471321582794
            ],
            [
              -0.02740478515625,
              0.92724609375,
              -0.3740234375,
              -0.8543725609779358
            ],
            [
              -0.28662109375,
              0.35107421875,
              0.8916015625,
              -0.8174935579299927
            ]
          ]
        ]
      },
      {
        "psnr": 11.181183815002441,
        "distortion": 0.2245289385318756,
        "rotation_rmse": 10.122941017150879,
