{
  "fern_0_100_even_odd": {
    "best": {
      "psnr": 23.607288360595703,
      "distortion": 0.017645150423049927,
      "rotation_rmse": 0.022480877116322517,
      "translation_rmse_100": 0.025640904903411865,
      "t_final": [
        [
          [
            0.91357421875,
            0.18017578125,
            0.364990234375,
            -0.354194313287735
          ],
          [
            0.107177734375,
            0.7587890625,
            -0.642578125,
            0.3304823637008667
          ],
          [
            -0.392578125,
            0.6259765625,
            0.67333984375,
            0.07396308332681656
          ]
        ]
      ]
    },
    "stats_list": [
      {
        "psnr": 23.590848922729492,
        "distortion": 0.017667256295681,
        "rotation_rmse": 0.02246616967022419,
        "translation_rmse_100": 0.02501877397298813,
        "t_final": [
          [
            [
              0.91357421875,
              0.1802978515625,
              0.364990234375,
              -0.35442206263542175
            ],
            [
              0.1070556640625,
              0.7587890625,
              -0.642578125,
              0.33054402470588684
            ],
            [
              -0.392578125,
              0.6259765625,
              0.67333984375,
              0.07400962710380554
            ]
          ]
        ]
      },
      {
        "psnr": 23.594287872314453,
        "distortion": 0.017875386402010918,
        "rotation_rmse": 0.023273494094610214,
        "translation_rmse_100": 0.021140873432159424,
        "t_final": [
          [
            [
              0.91357421875,
              0.1805419921875,
              0.364990234375,
              -0.35419201850891113
            ],
            [
              0.1068115234375,
              0.7587890625,
              -0.642578125,
              0.33067047595977783
            ],
            [
              -0.392822265625,
              0.6259765625,
              0.67333984375,
              0.0740111842751503
            ]
          ]
        ]
      },
      {
        "psnr": 11.124857902526855,
        "distortion": 0.1337960958480835,
        "rotation_rmse": 21.018863677978516,
        "translation_rmse_100": 49.66166305541992,
        "t_final": [
          [
            [
              0.68798828125,
              -0.04156494140625,
              0.724609375,
              0.45690619945526123
            ],
            [
              0.56884765625,
              0.6513671875,
              -0.50244140625,
              0.05825575813651085
            ],
            [
              -0.451171875,
              0.75732421875,
              0.4716796875,
              0.16254019737243652
            ]
          ]
        ]
      },
      {
        "psnr": 23.550697326660156,
        "distortion": 0.017579179257154465,
        "rotation_rmse": 0.02575613185763359,
        "translation_rmse_100": 0.027986133471131325,
        "t_final": [
          [
            [
              0.91357421875,
              0.180419921875,
              0.36474609375,
              -0.3542381823062897
            ],
            [
              0.10699462890625,
              0.7587890625,
              -0.642578125,
              0.3305046260356903
            ],
            [
              -0.392578125,
              0.6259765625,
              0.67333984375,
              0.07391256839036942
            ]
          ]
        ]
      },
      {
        "psnr": 11.675432205200195,
        "distortion": 0.08962305635213852,
        "rotation_rmse": 15.630328178405762,
        "translation_rmse_100": 72.42147064208984,
        "t_final": [
          [
            [
              0.77978515625,
              0.0191650390625,
              0.62548828125,
              -0.2737330198287964
            ],
            [
              0.4580078125,
              0.66357421875,
              -0.59130859375,
              -0.9203366041183472
            ],
            [
              -0.4267578125,
              0.74755859375,
              0.5087890625,
              0.029338404536247253
            ]
          ]
        ]
      },
      {
        "psnr": 10.741266250610352,
        "distortion": 0.07544253766536713,
        "rotation_rmse": 23.355371475219727,
        "translation_rmse_100": 69.08369445800781,
        "t_final": [
          [
            [
              0.607421875,
              -0.300537109375,
              0.7353515625,
              0.40125709772109985
            ],
            [
              0.64892578125,
              0.7216796875,
              -0.240966796875,
              -0.5875160694122314
            ],
            [
              -0.458251953125,
              0.62353515625,
              0.63330078125,
              0.20858128368854523
            ]
          ]
        ]
      },
      {
        "psnr": 10.001494407653809,
        "distortion": 0.06340397149324417,
        "rotation_rmse": 14.517672538757324,
        "translation_rmse_100": 56.80095672607422,
        "t_final": [
          [
            [
              0.7998046875,
              -0.227783203125,
              0.55517578125,
              0.24177029728889465
            ],
            [
              0.437744140625,
              0.8544921875,
              -0.280029296875,
              -0.3533843755722046
            ],
            [
              -0.41064453125,
              0.467041015625,
              0.783203125,
              -0.3061649799346924
            ]
          ]
        ]
      },
      {
        "psnr": 23.607288360595703,
        "distortion": 0.017645150423049927,
        "rotation_rmse": 0.022480877116322517,
        "translation_rmse_100": 0.025640904903411865,
        "t_final": [
          [
            [
              0.91357421875,
              0.18017578125,
              0.364990234375,
              -0.354194313287735
            ],
            [
              0.107177734375,
              0.7587890625,
              -0.642578125,
              0.3304823637008667
            ],
            [
              -0.392578125,
              0.6259765625,
              0.67333984375,
              0.07396308332681656
            ]
          ]
        ]
      },
      {
        "psnr": 12.564535140991211,
        "distortion": 0.13066932559013367,
        "rotation_rmse": 12.660521507263184,
        "translation_rmse_100": 8.842888832092285,
        "t_final": [
          [
            [
              0.80322265625,
              -0.1490478515625,
              0.57666015625,
              -0.25428637862205505
            ],
            [
              0.400390625,
              0.8515625,
              -0.337890625,
              0.2162822037935257
            ],
            [
              -0.440673828125,
              0.50244140625,
              0.74365234375,
              0.05450969189405441
            ]
          ]
        ]
      },
      {
        "psnr": 11.65908432006836,
        "distortion": 0.15395605564117432,
        "rotation_rmse": 23.93702507019043,
        "translation_rmse_100": 23.89036750793457,
        "t_final": [
          [
            [
              0.58056640625,
              -0.37841796875,
              0.72119140625,
              -0.08320130407810211
            ],
            [
              0.5302734375,
              0.84765625,
              0.0182952880859375,
              0.021185439079999924
            ],
            [
              -0.6181640625,
              0.371826171875,
              0.69287109375,
              0.11923017352819443
            ]
          ]
        ]
      }
    ]
  },
  "fern_30_70_even_odd": {
    "best": {
      "psnr": 22.60942840576172,
      "distortion": 0.017844799906015396,
      "rotation_rmse": 0.01121962908655405,
      "translation_rmse_100": 0.034273501485586166,
      "t_final": [
        [
          [
            0.91357421875,
            0.1805419921875,
            0.364990234375,
            -0.3547573983669281
          ],
          [
            0.1068115234375,
            0.75830078125,
            -0.64306640625,
            0.33079397678375244
          ],
          [
            -0.392822265625,
            0.6259765625,
            0.67333984375,
            0.0741899311542511
          ]
        ]
      ]
    },
    "stats_list": [
      {
        "psnr": 22.60942840576172,
        "distortion": 0.017844799906015396,
        "rotation_rmse": 0.01121962908655405,
        "translation_rmse_100": 0.034273501485586166,
        "t_final": [
          [
            [
              0.91357421875,
              0.1805419921875,
              0.364990234375,
              -0.3547573983669281
            ],
            [
              0.1068115234375,
              0.75830078125,
              -0.64306640625,
              0.33079397678375244
            ],
            [
              -0.392822265625,
              0.6259765625,
              0.67333984375,
              0.0741899311542511
            ]
          ]
        ]
      },
      {
        "psnr": 22.608978271484375,
        "distortion": 0.017834307625889778,
        "rotation_rmse": 0.02518925629556179,
        "translation_rmse_100": 0.016904639080166817,
        "t_final": [
          [
            [
              0.91357421875,
              0.1806640625,
              0.364990234375,
              -0.35445669293403625
            ],
            [
              0.10675048828125,
              0.7587890625,
              -0.642578125,
              0.3307717740535736
            ],
            [
              -0.392822265625,
              0.6259765625,
              0.67333984375,
              0.07427281886339188
            ]
          ]
        ]
      },
      {
        "psnr": 22.603322982788086,
        "distortion": 0.017989903688430786,
        "rotation_rmse": 0.021111680194735527,
        "translation_rmse_100": 0.03747095912694931,
        "t_final": [
          [
            [
              0.91357421875,
              0.18017578125,
              0.365234375,
              -0.3547486364841461
            ],
            [
              0.10748291015625,
              0.7587890625,
              -0.642578125,
              0.3303573429584503
            ],
            [
              -0.392822265625,
              0.6259765625,
              0.67333984375,
              0.07414746284484863
            ]
          ]
        ]
      },
      {
        "psnr": 10.826180458068848,
        "distortion": 0.11982899904251099,
        "rotation_rmse": 20.02820587158203,
        "translation_rmse_100": 34.161598205566406,
        "t_final": [
          [
            [
              0.70458984375,
              -0.2108154296875,
              0.677734375,
              0.16373373568058014
            ],
            [
              0.314453125,
              0.94873046875,
              -0.03155517578125,
              0.04517677426338196
            ],
            [
              -0.63623046875,
              0.2353515625,
              0.73486328125,
              0.09289069473743439
            ]
          ]
        ]
      },
      {
        "psnr": 11.19115924835205,
        "distortion": 0.06943651288747787,
        "rotation_rmse": 5.857626438140869,
        "translation_rmse_100": 77.42506408691406,
        "t_final": [
          [
            [
              0.9296875,
              0.08709716796875,
              0.35791015625,
              -0.15474575757980347
            ],
            [
              0.2049560546875,
              0.685546875,
              -0.69873046875,
              -0.9954778552055359
            ],
            [
              -0.30615234375,
              0.72265625,
              0.61962890625,
              0.07586544007062912
            ]
          ]
        ]
      },
      {
        "psnr": 10.921229362487793,
        "distortion": 0.11026589572429657,
        "rotation_rmse": 8.425148963928223,
        "translation_rmse_100": 57.948570251464844,
        "t_final": [
          [
            [
              0.873046875,
              0.0369873046875,
              0.486328125,
              0.5464920997619629
            ],
            [
              0.3173828125,
              0.71435546875,
              -0.6240234375,
              0.045731574296951294
            ],
            [
              -0.370361328125,
              0.69873046875,
              0.61181640625,
              -0.26468849182128906
            ]
          ]
        ]
      },
      {
        "psnr": 11.38686466217041,
        "distortion": 0.07468169182538986,
        "rotation_rmse": 7.281299591064453,
        "translation_rmse_100": 74.24862670898438,
        "t_final": [
          [
            [
              0.9443359375,
              0.261474609375,
              0.1995849609375,
              -0.11952634155750275
            ],
            [
              -0.0733642578125,
              0.75927734375,
              -0.64697265625,
              -0.9286268353462219
            ],
            [
              -0.320556640625,
              0.59619140625,
              0.736328125,
              0.1884532868862152
            ]
          ]
        ]
      },
      {
        "psnr": 11.410781860351562,
        "distortion": 0.0696377381682396,
        "rotation_rmse": 3.348452568054199,
        "translation_rmse_100": 74.93309020996094,
        "t_final": [
          [
            [
              0.9423828125,
              0.1995849609375,
              0.268798828125,
              -0.058126769959926605
            ],
            [
              0.036773681640625,
              0.736328125,
              -0.67578125,
              -0.9329644441604614
            ],
            [
              -0.332763671875,
              0.646484375,
              0.6865234375,
              0.0850226879119873
            ]
          ]
        ]
      },
      {
        "psnr": 22.596471786499023,
        "distortion": 0.017866937443614006,
        "rotation_rmse": 0.020549355074763298,
        "translation_rmse_100": 0.01143893413245678,
        "t_final": [
          [
            [
              0.91357421875,
              0.1802978515625,
              0.364990234375,
              -0.3542709946632385
            ],
            [
              0.10699462890625,
              0.7587890625,
              -0.642578125,
              0.3305196762084961
            ],
            [
              -0.392822265625,
              0.6259765625,
              0.67333984375,
              0.07423363626003265
            ]
          ]
        ]
      },
      {
        "psnr": 10.973459243774414,
        "distortion": 0.05540928989648819,
        "rotation_rmse": 3.1571812629699707,
        "translation_rmse_100": 77.3454818725586,
        "t_final": [
          [
            [
              0.93115234375,
              0.1612548828125,
              0.32763671875,
              -0.4817541241645813
            ],
            [
              0.072265625,
              0.7978515625,
              -0.59814453125,
              -0.9929916858673096
            ],
            [
              -0.35791015625,
              0.58056640625,
              0.7314453125,
              0.23690670728683472
            ]
          ]
        ]
      }
    ]
  },
  "fern_50_50": {
    "best": {
      "psnr": 22.3646297454834,
      "distortion": 0.017141908407211304,
      "rotation_rmse": 0.0077576665207743645,
      "translation_rmse_100": 0.036604516208171844,
      "t_final": [
        [
          [
            0.9130859375,
            0.1806640625,
            0.365234375,
            -0.3548400402069092
          ],
          [
            0.10699462890625,
            0.75830078125,
            -0.64306640625,
            0.3305758237838745
          ],
          [
            -0.39306640625,
            0.62646484375,
            0.67333984375,
            0.07444487512111664
          ]
        ]
      ]
    },
    "stats_list": [
      {
        "psnr": 22.35389518737793,
        "distortion": 0.01722397282719612,
        "rotation_rmse": 0.008353449404239655,
        "translation_rmse_100": 0.024829542264342308,
        "t_final": [
          [
            [
              0.9130859375,
              0.1805419921875,
              0.365234375,
              -0.3545766770839691
            ],
            [
              0.1070556640625,
              0.75830078125,
              -0.64306640625,
              0.3305599093437195
            ],
            [
              -0.39306640625,
              0.62646484375,
              0.67333984375,
              0.0745900347828865
            ]
          ]
        ]
      },
      {
        "psnr": 22.361026763916016,
        "distortion": 0.017213087528944016,
        "rotation_rmse": 0.004594453144818544,
        "translation_rmse_100": 0.041338156908750534,
        "t_final": [
          [
            [
              0.91357421875,
              0.1805419921875,
              0.364990234375,
              -0.354925274848938
            ],
            [
              0.1070556640625,
              0.75830078125,
              -0.64306640625,
              0.3305785059928894
            ],
            [
              -0.392822265625,
              0.62646484375,
              0.67333984375,
              0.0743338018655777
            ]
          ]
        ]
      },
      {
        "psnr": 22.3646297454834,
        "distortion": 0.017141908407211304,
        "rotation_rmse": 0.0077576665207743645,
        "translation_rmse_100": 0.036604516208171844,
        "t_final": [
          [
            [
              0.9130859375,
              0.1806640625,
              0.365234375,
              -0.3548400402069092
            ],
            [
              0.10699462890625,
              0.75830078125,
              -0.64306640625,
              0.3305758237838745
            ],
            [
              -0.39306640625,
              0.62646484375,
              0.67333984375,
              0.07444487512111664
            ]
          ]
        ]
      },
      {
        "psnr": 11.212769508361816,
        "distortion": 0.1041487455368042,
        "rotation_rmse": 23.833683013916016,
        "translation_rmse_100": 26.070636749267578,
        "t_final": [
          [
            [
              0.91455078125,
              -0.3984375,
              0.0711669921875,
              -0.5219135284423828
            ],
            [
              0.40283203125,
              0.87890625,
              -0.255859375,
              0.07432696968317032
            ],
            [
              0.03936767578125,
              0.262451171875,
              0.96435546875,
              -0.2574089765548706
            ]
          ]
        ]
      },
      {
        "psnr": 12.73447322845459,
        "distortion": 0.04812458157539368,
        "rotation_rmse": 23.51856803894043,
        "translation_rmse_100": 21.39971923828125,
        "t_final": [
          [
            [
              0.5869140625,
              -0.357666015625,
              0.72607421875,
              -0.535157322883606
            ],
            [
              0.5966796875,
              0.79736328125,
              -0.08984375,
              0.007283167913556099
            ],
            [
              -0.546875,
              0.486328125,
              0.681640625,
              0.08336444199085236
            ]
          ]
        ]
      },
      {
        "psnr": 12.011966705322266,
        "distortion": 0.04881208389997482,
        "rotation_rmse": 23.988662719726562,
        "translation_rmse_100": 25.19834327697754,
        "t_final": [
          [
            [
              0.61474609375,
              -0.439208984375,
              0.6552734375,
              -0.6644977927207947
            ],
            [
              0.67138671875,
              0.7275390625,
              -0.1422119140625,
              0.028953511267900467
            ],
            [
              -0.4140625,
              0.52734375,
              0.74169921875,
              0.017870618030428886
            ]
          ]
        ]
      },
      {
        "psnr": 22.32917022705078,
        "distortion": 0.01717519387602806,
        "rotation_rmse": 0.011019512079656124,
        "translation_rmse_100": 0.03053712099790573,
        "t_final": [
          [
            [
              0.9130859375,
              0.180419921875,
              0.365234375,
              -0.3547270894050598
            ],
            [
              0.107177734375,
              0.75830078125,
              -0.64306640625,
              0.3305230438709259
            ],
            [
              -0.39306640625,
              0.62646484375,
              0.67333984375,
              0.07441049069166183
            ]
          ]
        ]
      },
      {
        "psnr": 12.40216064453125,
        "distortion": 0.02990102954208851,
        "rotation_rmse": 4.693761348724365,
        "translation_rmse_100": 85.58488464355469,
        "t_final": [
          [
            [
              0.9580078125,
              0.131103515625,
              0.25341796875,
              -0.7266136407852173
            ],
            [
              0.08770751953125,
              0.70947265625,
              -0.69921875,
              -1.0937525033950806
            ],
            [
              -0.271484375,
              0.6923828125,
              0.66845703125,
              0.24712081253528595
            ]
          ]
        ]
      },
      {
        "psnr": 22.324989318847656,
        "distortion": 0.017117546871304512,
        "rotation_rmse": 0.012624794617295265,
        "translation_rmse_100": 0.04596935585141182,
        "t_final": [
          [
            [
              0.9130859375,
              0.1806640625,
              0.365234375,
              -0.3549746870994568
            ],
            [
              0.10723876953125,
              0.75830078125,
              -0.64306640625,
              0.3306484520435333
            ],
            [
              -0.39306640625,
              0.62646484375,
              0.6728515625,
              0.07460977882146835
            ]
          ]
        ]
      },
      {
        "psnr": 11.404951095581055,
        "distortion": 0.09368821233510971,
        "rotation_rmse": 18.98624038696289,
        "translation_rmse_100": 56.34484100341797,
        "t_final": [
          [
            [
              0.685546875,
              -0.2685546875,
              0.6767578125,
              -0.4579654037952423
            ],
            [
              0.458251953125,
              0.88134765625,
              -0.11419677734375,
              -0.6331639885902405
            ],
            [
              -0.56591796875,
              0.388427734375,
              0.72705078125,
              0.1872028410434723
            ]
          ]
        ]
      }
    ]
  },
  "horns_0_100_even_odd": {
    "best": {
      "psnr": 26.61638641357422,
      "distortion": 0.023864464834332466,
      "rotation_rmse": 0.0013679302064701915,
      "translation_rmse_100": 0.006990985944867134,
      "t_final": [
        [
          [
            0.85595703125,
            0.1358642578125,
            0.498779296875,
            -0.04377136379480362
          ],
          [
            0.034332275390625,
            0.94775390625,
            -0.317138671875,
            0.12879961729049683
          ],
          [
            -0.51611328125,
            0.28857421875,
            0.806640625,
            -0.23757274448871613
          ]
        ]
      ]
    },
    "stats_list": [
      {
        "psnr": 26.531679153442383,
        "distortion": 0.02374046854674816,
        "rotation_rmse": 0.0074079521000385284,
        "translation_rmse_100": 0.004392673727124929,
        "t_final": [
          [
            [
              0.85595703125,
              0.1356201171875,
              0.4990234375,
              -0.04384628310799599
            ],
            [
              0.03448486328125,
              0.94775390625,
              -0.31689453125,
              0.12889829277992249
            ],
            [
              -0.51611328125,
              0.28857421875,
              0.806640625,
              -0.2375861257314682
            ]
          ]
        ]
      },
      {
        "psnr": 11.77843952178955,
        "distortion": 0.20282165706157684,
        "rotation_rmse": 19.255352020263672,
        "translation_rmse_100": 56.01096725463867,
        "t_final": [
          [
            [
              0.966796875,
              -0.0867919921875,
              0.23974609375,
              0.4384332299232483
            ],
            [
              0.22021484375,
              0.75830078125,
              -0.61376953125,
              -0.6638311743736267
            ],
            [
              -0.12841796875,
              0.646484375,
              0.751953125,
              -0.5207202434539795
            ]
          ]
        ]
      },
      {
        "psnr": 26.51603126525879,
        "distortion": 0.023729486390948296,
        "rotation_rmse": 0.010812395252287388,
        "translation_rmse_100": 0.017284592613577843,
        "t_final": [
          [
            [
              0.85595703125,
              0.1358642578125,
              0.4990234375,
              -0.04360285401344299
            ],
            [
              0.0343017578125,
              0.94775390625,
              -0.31689453125,
              0.12884193658828735
            ],
            [
              -0.51611328125,
              0.288330078125,
              0.806640625,
              -0.23766690492630005
            ]
          ]
        ]
      },
      {
        "psnr": 11.455977439880371,
        "distortion": 0.21113720536231995,
        "rotation_rmse": 13.144939422607422,
        "translation_rmse_100": 53.250755310058594,
        "t_final": [
          [
            [
              0.96435546875,
              -0.10552978515625,
              0.2420654296875,
              0.7441138625144958
            ],
            [
              0.19091796875,
              0.912109375,
              -0.36328125,
              -0.2276238352060318
            ],
            [
              -0.182373046875,
              0.396484375,
              0.89990234375,
              -0.5579954981803894
            ]
          ]
        ]
      },
      {
        "psnr": 26.529314041137695,
        "distortion": 0.02377830073237419,
        "rotation_rmse": 0.008322983980178833,
        "translation_rmse_100": 0.0013601011596620083,
        "t_final": [
          [
            [
              0.85595703125,
              0.1356201171875,
              0.4990234375,
              -0.043867237865924835
            ],
            [
              0.0345458984375,
              0.94775390625,
              -0.31689453125,
              0.1288640797138214
            ],
            [
              -0.51611328125,
              0.28857421875,
              0.806640625,
              -0.2375471591949463
            ]
          ]
        ]
      },
      {
        "psnr": 26.61638641357422,
        "distortion": 0.023864464834332466,
        "rotation_rmse": 0.0013679302064701915,
        "translation_rmse_100": 0.006990985944867134,
        "t_final": [
          [
            [
              0.85595703125,
              0.1358642578125,
              0.498779296875,
              -0.04377136379480362
            ],
            [
              0.034332275390625,
              0.94775390625,
              -0.317138671875,
              0.12879961729049683
            ],
            [
              -0.51611328125,
              0.28857421875,
              0.806640625,
              -0.23757274448871613
            ]
          ]
        ]
      },
      {
        "psnr": 11.397343635559082,
        "distortion": 0.2143290638923645,
        "rotation_rmse": 1.3305610418319702,
        "translation_rmse_100": 47.44680404663086,
        "t_final": [
          [
            [
              0.86083984375,
              0.1171875,
              0.494873046875,
              0.6795225143432617
            ],
            [
              0.05950927734375,
              0.943359375,
              -0.326904296875,
              0.5179497003555298
            ],
            [
              -0.50537109375,
              0.31103515625,
              0.80517578125,
              -0.2635473310947418
            ]
          ]
        ]
      },
      {
        "psnr": 11.268006324768066,
        "distortion": 0.233818918466568,
        "rotation_rmse": 18.920101165771484,
        "translation_rmse_100": 79.67852020263672,
        "t_final": [
          [
            [
              0.9111328125,
              -0.05401611328125,
              0.40869140625,
              1.0370824337005615
            ],
            [
              0.308837890625,
              0.74609375,
              -0.58984375,
              -0.3824136555194855
            ],
            [
              -0.273193359375,
              0.66357421875,
              0.6962890625,
              0.4514983594417572
            ]
          ]
        ]
      },
      {
        "psnr": 11.163601875305176,
        "distortion": 0.1463754028081894,
        "rotation_rmse": 16.62026596069336,
        "translation_rmse_100": 40.01694869995117,
        "t_final": [
          [
            [
              0.88623046875,
              -0.183349609375,
              0.425537109375,
              0.2673986256122589
            ],
            [
              0.371826171875,
              0.82958984375,
              -0.416748046875,
              -0.16774778068065643
            ],
            [
              -0.276611328125,
              0.52734375,
              0.80322265625,
              -0.7811660766601562
            ]
          ]
        ]
      },
      {
        "psnr": 11.278082847595215,
        "distortion": 0.0846625417470932,
        "rotation_rmse": 30.139251708984375,
        "translation_rmse_100": 42.13718032836914,
        "t_final": [
          [
            [
              0.7158203125,
              -0.475341796875,
              0.51171875,
              -0.2606733739376068
            ],
            [
              0.68798828125,
              0.60546875,
              -0.39990234375,
              -0.5402345657348633
            ],
            [
              -0.11962890625,
              0.63818359375,
              0.7607421875,
              -0.43238765001296997
            ]
          ]
        ]
      }
    ]
  },
  "horns_30_70_even_odd": {
    "best": {
      "psnr": 22.676570892333984,
      "distortion": 0.019415058195590973,
      "rotation_rmse": 0.012763588689267635,
      "translation_rmse_100": 0.016859402880072594,
      "t_final": [
        [
          [
            0.85595703125,
            0.135986328125,
            0.4990234375,
            -0.04400104656815529
          ],
          [
            0.034271240234375,
            0.94775390625,
            -0.31689453125,
            0.12872594594955444
          ],
          [
            -0.51611328125,
            0.288330078125,
            0.806640625,
            -0.2377467155456543
          ]
        ]
      ]
    },
    "stats_list": [
      {
        "psnr": 11.344459533691406,
        "distortion": 0.21442292630672455,
        "rotation_rmse": 2.5340583324432373,
        "translation_rmse_100": 83.7309799194336,
        "t_final": [
          [
            [
              0.85205078125,
              0.211669921875,
              0.47900390625,
              1.3264379501342773
            ],
            [
              -0.00545501708984375,
              0.91845703125,
              -0.39599609375,
              0.5889939665794373
            ],
            [
              -0.5234375,
              0.334716796875,
              0.783203125,
              -0.35502514243125916
            ]
          ]
        ]
      },
      {
        "psnr": 11.25963020324707,
        "distortion": 0.2193635106086731,
        "rotation_rmse": 30.49846076965332,
        "translation_rmse_100": 62.312992095947266,
        "t_final": [
          [
            [
              0.8916015625,
              -0.419921875,
              0.1710205078125,
              0.6841427087783813
            ],
            [
              0.416015625,
              0.607421875,
              -0.6767578125,
              -0.2520497739315033
            ],
            [
              0.180419921875,
              0.67431640625,
              0.71630859375,
              -0.9373711347579956
            ]
          ]
        ]
      },
      {
        "psnr": 22.655654907226562,
        "distortion": 0.019352102652192116,
        "rotation_rmse": 0.023766042664647102,
        "translation_rmse_100": 0.008534721098840237,
        "t_final": [
          [
            [
              0.85595703125,
              0.1357421875,
              0.498779296875,
              -0.04390503466129303
            ],
            [
              0.03411865234375,
              0.94775390625,
              -0.316650390625,
              0.12871824204921722
            ],
            [
              -0.515625,
              0.2880859375,
              0.806640625,
              -0.2375507801771164
            ]
          ]
        ]
      },
      {
        "psnr": 11.525317192077637,
        "distortion": 0.16958355903625488,
        "rotation_rmse": 5.883014678955078,
        "translation_rmse_100": 62.35393142700195,
        "t_final": [
          [
            [
              0.888671875,
              0.21826171875,
              0.4033203125,
              0.21776878833770752
            ],
            [
              0.0034637451171875,
              0.8759765625,
              -0.48193359375,
              -0.7338374853134155
            ],
            [
              -0.45849609375,
              0.429931640625,
              0.77783203125,
              -0.8322573304176331
            ]
          ]
        ]
      },
      {
        "psnr": 22.666738510131836,
        "distortion": 0.019247744232416153,
        "rotation_rmse": 0.009826318360865116,
        "translation_rmse_100": 0.041000690311193466,
        "t_final": [
          [
            [
              0.85595703125,
              0.1356201171875,
              0.4990234375,
              -0.04453276842832565
            ],
            [
              0.034637451171875,
              0.94775390625,
              -0.31689453125,
              0.12865591049194336
            ],
            [
              -0.51611328125,
              0.28857421875,
              0.806640625,
              -0.23738911747932434
            ]
          ]
        ]
      },
      {
        "psnr": 22.676570892333984,
        "distortion": 0.019415058195590973,
        "rotation_rmse": 0.012763588689267635,
        "translation_rmse_100": 0.016859402880072594,
        "t_final": [
          [
            [
              0.85595703125,
              0.135986328125,
              0.4990234375,
              -0.04400104656815529
            ],
            [
              0.034271240234375,
              0.94775390625,
              -0.31689453125,
              0.12872594594955444
            ],
            [
              -0.51611328125,
              0.288330078125,
              0.806640625,
              -0.2377467155456543
            ]
          ]
        ]
      },
      {
        "psnr": 11.250977516174316,
        "distortion": 0.21533405780792236,
        "rotation_rmse": 12.617539405822754,
        "translation_rmse_100": 91.18597412109375,
        "t_final": [
          [
            [
              0.88623046875,
              0.0238037109375,
              0.463134765625,
              1.4862858057022095
            ],
            [
              0.2322998046875,
              0.84130859375,
              -0.48779296875,
              0.4703735411167145
            ],
            [
              -0.4013671875,
              0.53955078125,
              0.740234375,
              -0.04655754566192627
            ]
          ]
        ]
      },
      {
        "psnr": 10.898472785949707,
        "distortion": 0.20677778124809265,
        "rotation_rmse": 14.610931396484375,
        "translation_rmse_100": 63.200233459472656,
        "t_final": [
          [
            [
              0.912109375,
              0.138671875,
              0.38623046875,
              0.5381016731262207
            ],
            [
              0.1466064453125,
              0.76904296875,
              -0.62255859375,
              -0.6697230339050293
            ],
            [
              -0.38330078125,
              0.6240234375,
              0.6806640625,
              0.23349885642528534
            ]
          ]
        ]
      },
      {
        "psnr": 10.293150901794434,
        "distortion": 0.029653435572981834,
        "rotation_rmse": 7.06464958190918,
        "translation_rmse_100": 34.786861419677734,
        "t_final": [
          [
            [
              0.94580078125,
              0.069580078125,
              0.317626953125,
              -0.46286383271217346
            ],
            [
              0.034515380859375,
              0.94970703125,
              -0.310791015625,
              0.0759507343173027
            ],
            [
              -0.3232421875,
              0.304931640625,
              0.89599609375,
              -0.6672673225402832
            ]
          ]
        ]
      },
      {
        "psnr": 10.274026870727539,
        "distortion": 0.1240048035979271,
        "rotation_rmse": 31.2200927734375,
        "translation_rmse_100": 44.15401077270508,
        "t_final": [
          [
            [
              0.7353515625,
              -0.50244140625,
              0.454345703125,
              -0.36398741602897644
            ],
            [
              0.6767578125,
              0.572265625,
              -0.462646484375,
              0.26643839478492737
            ],
            [
              -0.027679443359375,
              0.64794921875,
              0.76123046875,
              -0.9183083176612854
            ]
          ]
        ]
      }
    ]
  },
  "horns_50_50": {
    "best": {
      "psnr": 21.411386489868164,
      "distortion": 0.016929492354393005,
      "rotation_rmse": 0.018518708646297455,
      "translation_rmse_100": 0.016105132177472115,
      "t_final": [
        [
          [
            0.85595703125,
            0.1358642578125,
            0.499267578125,
            -0.043762415647506714
          ],
          [
            0.03466796875,
            0.94775390625,
            -0.3173828125,
            0.12911240756511688
          ],
          [
            -0.51611328125,
            0.288818359375,
            0.80615234375,
            -0.2374737411737442
          ]
        ]
      ]
    },
    "stats_list": [
      {
        "psnr": 11.487607955932617,
        "distortion": 0.18201430141925812,
        "rotation_rmse": 8.977581024169922,
        "translation_rmse_100": 74.05826568603516,
        "t_final": [
          [
            [
              0.89111328125,
              0.300537109375,
              0.34033203125,
              0.421395868062973
            ],
            [
              -0.1785888671875,
              0.9208984375,
              -0.345947265625,
              -0.8775641918182373
            ],
            [
              -0.41748046875,
              0.2474365234375,
              0.87451171875,
              -0.8825310468673706
            ]
          ]
        ]
      },
      {
        "psnr": 10.96843433380127,
