{
  "F_15_C_Jungle_Camo16c6": {
    "best": {
      "psnr": 16.733821868896484,
      "distortion": 0.0009006658219732344,
      "rotation_rmse": 0.02562345176980362,
      "translation_rmse_100": 0.9522441625595093,
      "t_final": [
        [
          [
            0.10260009765625,
            -0.5400390625,
            0.83544921875,
            -0.055665042251348495
          ],
          [
            -0.69580078125,
            0.5615234375,
            0.4482421875,
            -0.03301503509283066
          ],
          [
            -0.7109375,
            -0.62744140625,
            -0.318115234375,
            0.09994185715913773
          ]
        ]
      ],
      "t0_rotation_rmse": 1.4975353238242481,
      "t0_translation_rmse_100": 1.1750224828720093
    },
    "stats_list": [
      {
        "psnr": 16.733821868896484,
        "distortion": 0.0009006658219732344,
        "rotation_rmse": 0.02562345176980362,
        "translation_rmse_100": 0.9522441625595093,
        "t_final": [
          [
            [
              0.10260009765625,
              -0.5400390625,
              0.83544921875,
              -0.055665042251348495
            ],
            [
              -0.69580078125,
              0.5615234375,
              0.4482421875,
              -0.03301503509283066
            ],
            [
              -0.7109375,
              -0.62744140625,
              -0.318115234375,
              0.09994185715913773
            ]
          ]
        ],
        "t0_rotation_rmse": 1.4975353238242481,
        "t0_translation_rmse_100": 1.1750224828720093
      }
    ]
  },
  "Hl_Maximilian09f0": {
    "best": {
      "psnr": 15.07580852508545,
      "distortion": 0.0013938635820522904,
      "rotation_rmse": 9.586074961706817,
      "translation_rmse_100": 2.597743272781372,
      "t_final": [
        [
          [
            0.135498046875,
            0.67822265625,
            -0.72216796875,
            -0.09688609838485718
          ],
          [
            0.22412109375,
            -0.73095703125,
            -0.64453125,
            -0.16139104962348938
          ],
          [
            -0.96533203125,
            -0.07452392578125,
            -0.2509765625,
            0.005324115045368671
          ]
        ]
      ],
      "t0_rotation_rmse": 9.803346124245627,
      "t0_translation_rmse_100": 3.159266710281372
    },
    "stats_list": [
      {
        "psnr": 15.07580852508545,
        "distortion": 0.0013938635820522904,
        "rotation_rmse": 9.586074961706817,
        "translation_rmse_100": 2.597743272781372,
        "t_final": [
          [
            [
              0.135498046875,
              0.67822265625,
              -0.72216796875,
              -0.09688609838485718
            ],
            [
              0.22412109375,
              -0.73095703125,
              -0.64453125,
              -0.16139104962348938
            ],
            [
              -0.96533203125,
              -0.07452392578125,
              -0.2509765625,
              0.005324115045368671
            ]
          ]
        ],
        "t0_rotation_rmse": 9.803346124245627,
        "t0_translation_rmse_100": 3.159266710281372
      }
    ]
  },
  "MiG_23_Desert_Camo089f": {
    "best": {
      "psnr": 10.965575218200684,
      "distortion": 0.0015537708532065153,
      "rotation_rmse": 3.342255849055863,
      "translation_rmse_100": 3.4207046031951904,
      "t_final": [
        [
          [
            -0.87255859375,
            -0.29443359375,
            -0.390625,
            -0.2821643352508545
          ],
          [
            0.464599609375,
            -0.2491455078125,
            -0.85009765625,
            0.06769973039627075
          ],
          [
            0.15283203125,
            -0.92236328125,
            0.35400390625,
            -0.4334791302680969
          ]
        ]
      ],
      "t0_rotation_rmse": 3.5460733262634188,
      "t0_translation_rmse_100": 3.974980115890503
    },
    "stats_list": [
      {
        "psnr": 10.965575218200684,
        "distortion": 0.0015537708532065153,
        "rotation_rmse": 3.342255849055863,
        "translation_rmse_100": 3.4207046031951904,
        "t_final": [
          [
            [
              -0.87255859375,
              -0.29443359375,
              -0.390625,
              -0.2821643352508545
            ],
            [
              0.464599609375,
              -0.2491455078125,
              -0.85009765625,
              0.06769973039627075
            ],
            [
              0.15283203125,
              -0.92236328125,
              0.35400390625,
              -0.4334791302680969
            ]
          ]
        ],
        "t0_rotation_rmse": 3.5460733262634188,
        "t0_translation_rmse_100": 3.974980115890503
      }
    ]
  },
  "Tolix_Industrial_Chairs3f2d": {
    "best": {
      "psnr": 9.030466079711914,
      "distortion": 0.0020807089749723673,
      "rotation_rmse": 3.655385064053049,
      "translation_rmse_100": 0.07398426532745361,
      "t_final": [
        [
          [
            -0.1361083984375,
            0.1644287109375,
            0.97705078125,
            0.1001778393983841
          ],
          [
            0.55712890625,
            -0.802734375,
            0.2127685546875,
            -0.01412956416606903
          ],
          [
            0.8193359375,
            0.5732421875,
            0.0176544189453125,
            -0.08130800724029541
          ]
        ]
      ],
      "t0_rotation_rmse": 4.0590340891473105,
      "t0_translation_rmse_100": 0.4509180784225464
    },
    "stats_list": [
      {
        "psnr": 9.030466079711914,
        "distortion": 0.0020807089749723673,
        "rotation_rmse": 3.655385064053049,
        "translation_rmse_100": 0.07398426532745361,
        "t_final": [
          [
            [
              -0.1361083984375,
              0.1644287109375,
              0.97705078125,
              0.1001778393983841
            ],
            [
              0.55712890625,
              -0.802734375,
              0.2127685546875,
              -0.01412956416606903
            ],
            [
              0.8193359375,
              0.5732421875,
              0.0176544189453125,
              -0.08130800724029541
            ]
          ]
        ],
        "t0_rotation_rmse": 4.0590340891473105,
        "t0_translation_rmse_100": 0.4509180784225464
      }
    ]
  },
  "Procedural_Bananas3a07": {
    "best": {
      "psnr": 16.96090316772461,
      "distortion": 0.0009330963948741555,
      "rotation_rmse": 1.2866604414834384,
      "translation_rmse_100": 0.13509690761566162,
      "t_final": [
        [
          [
            0.98046875,
            -0.194580078125,
            -0.0416259765625,
            0.1290513575077057
          ],
          [
            -0.1944580078125,
            -0.89111328125,
            -0.41015625,
            0.08573601394891739
          ],
          [
            0.042724609375,
            0.409912109375,
            -0.9111328125,
            0.14352989196777344
          ]
        ]
      ],
      "t0_rotation_rmse": 2.0619998715837684,
      "t0_translation_rmse_100": 0.5045503377914429
    },
    "stats_list": [
      {
        "psnr": 16.96090316772461,
        "distortion": 0.0009330963948741555,
        "rotation_rmse": 1.2866604414834384,
        "translation_rmse_100": 0.13509690761566162,
        "t_final": [
          [
            [
              0.98046875,
              -0.194580078125,
              -0.0416259765625,
              0.1290513575077057
            ],
            [
              -0.1944580078125,
              -0.89111328125,
              -0.41015625,
              0.08573601394891739
            ],
            [
              0.042724609375,
              0.409912109375,
              -0.9111328125,
              0.14352989196777344
            ]
          ]
        ],
        "t0_rotation_rmse": 2.0619998715837684,
        "t0_translation_rmse_100": 0.5045503377914429
      }
    ]
  },
  "Banana_for_scale0a07": {
    "best": {
      "psnr": 18.247909545898438,
      "distortion": 0.0006411123322322965,
      "rotation_rmse": 1.2617078014172203,
      "translation_rmse_100": 2.545639991760254,
      "t_final": [
        [
          [
            0.791015625,
            -0.5888671875,
            0.1663818359375,
            0.17692507803440094
          ],
          [
            -0.6064453125,
            -0.791015625,
            0.0836181640625,
            0.00010974856559187174
          ],
          [
            0.08233642578125,
            -0.1669921875,
            -0.982421875,
            0.09344262629747391
          ]
        ]
      ],
      "t0_rotation_rmse": 1.7390884241136235,
      "t0_translation_rmse_100": 3.014847755432129
    },
    "stats_list": [
      {
        "psnr": 18.247909545898438,
        "distortion": 0.0006411123322322965,
        "rotation_rmse": 1.2617078014172203,
        "translation_rmse_100": 2.545639991760254,
        "t_final": [
          [
            [
              0.791015625,
              -0.5888671875,
              0.1663818359375,
              0.17692507803440094
            ],
            [
              -0.6064453125,
              -0.791015625,
              0.0836181640625,
              0.00010974856559187174
            ],
            [
              0.08233642578125,
              -0.1669921875,
              -0.982421875,
              0.09344262629747391
            ]
          ]
        ],
        "t0_rotation_rmse": 1.7390884241136235,
        "t0_translation_rmse_100": 3.014847755432129
      }
    ]
  },
  "PB170_Sneaker_Sm18c3": {
    "best": {
      "psnr": 17.56559944152832,
      "distortion": 0.0017339580226689577,
      "rotation_rmse": 2.0025850973699257,
      "translation_rmse_100": 0.33212751150131226,
      "t_final": [
        [
          [
            0.62451171875,
            -0.74560546875,
            0.2325439453125,
            0.14226499199867249
          ],
          [
            0.7333984375,
            0.662109375,
            0.1527099609375,
            0.0108150914311409
          ],
          [
            -0.267822265625,
            0.07525634765625,
            0.96044921875,
            0.35532093048095703
          ]
        ]
      ],
      "t0_rotation_rmse": 2.0708390282250795,
      "t0_translation_rmse_100": 1.334630012512207
    },
    "stats_list": [
      {
        "psnr": 17.56559944152832,
        "distortion": 0.0017339580226689577,
        "rotation_rmse": 2.0025850973699257,
        "translation_rmse_100": 0.33212751150131226,
        "t_final": [
          [
            [
              0.62451171875,
              -0.74560546875,
              0.2325439453125,
              0.14226499199867249
            ],
            [
              0.7333984375,
              0.662109375,
              0.1527099609375,
              0.0108150914311409
            ],
            [
              -0.267822265625,
              0.07525634765625,
              0.96044921875,
              0.35532093048095703
            ]
          ]
        ],
        "t0_rotation_rmse": 2.0708390282250795,
        "t0_translation_rmse_100": 1.334630012512207
      }
    ]
  },
  "Acoustic_Guitar0aa0": {
    "best": {
      "psnr": 13.96084976196289,
      "distortion": 0.0008406810811720788,
      "rotation_rmse": 2.1365611939205267,
      "translation_rmse_100": 0.7368661165237427,
      "t_final": [
        [
          [
            0.70361328125,
            -0.1993408203125,
            -0.68212890625,
            0.0807950496673584
          ],
          [
            0.1336669921875,
            0.97998046875,
            -0.1484375,
            0.00520315021276474
          ],
          [
            0.69775390625,
            0.0133209228515625,
            0.7158203125,
            0.1717943400144577
          ]
        ]
      ],
      "t0_rotation_rmse": 2.4436038523526356,
      "t0_translation_rmse_100": 1.1599160432815552
    },
    "stats_list": [
      {
        "psnr": 13.96084976196289,
        "distortion": 0.0008406810811720788,
        "rotation_rmse": 2.1365611939205267,
        "translation_rmse_100": 0.7368661165237427,
        "t_final": [
          [
            [
              0.70361328125,
              -0.1993408203125,
              -0.68212890625,
              0.0807950496673584
            ],
            [
              0.1336669921875,
              0.97998046875,
              -0.1484375,
              0.00520315021276474
            ],
            [
              0.69775390625,
              0.0133209228515625,
              0.7158203125,
              0.1717943400144577
            ]
          ]
        ],
        "t0_rotation_rmse": 2.4436038523526356,
        "t0_translation_rmse_100": 1.1599160432815552
      }
    ]
  },
  "Banana_3D_Scan2373": {
    "best": {
      "psnr": 14.50928020477295,
      "distortion": 0.0013404448982328176,
      "rotation_rmse": 1.6416216602140754,
      "translation_rmse_100": 0.1252293586730957,
      "t_final": [
        [
          [
            -0.6826171875,
            0.63818359375,
            -0.356201171875,
            -0.08990941941738129
          ],
          [
            0.73046875,
            0.59814453125,
            -0.32861328125,
            0.4654535949230194
          ],
          [
            0.003238677978515625,
            -0.484619140625,
            -0.875,
            0.1915970742702484
          ]
        ]
      ],
      "t0_rotation_rmse": 1.6901980815169422,
      "t0_translation_rmse_100": 0.1337885856628418
    },
    "stats_list": [
      {
        "psnr": 14.50928020477295,
        "distortion": 0.0013404448982328176,
        "rotation_rmse": 1.6416216602140754,
        "translation_rmse_100": 0.1252293586730957,
        "t_final": [
          [
            [
              -0.6826171875,
              0.63818359375,
              -0.356201171875,
              -0.08990941941738129
            ],
            [
              0.73046875,
              0.59814453125,
              -0.32861328125,
              0.4654535949230194
            ],
            [
              0.003238677978515625,
              -0.484619140625,
              -0.875,
              0.1915970742702484
            ]
          ]
        ],
        "t0_rotation_rmse": 1.6901980815169422,
        "t0_translation_rmse_100": 0.1337885856628418
      }
    ]
  },
  "Test_Model15b4": {
    "best": {
      "psnr": 10.256345748901367,
      "distortion": 0.001100558671168983,
      "rotation_rmse": 1.9378925653763839,
      "translation_rmse_100": 1.9116073846817017,
      "t_final": [
        [
          [
            0.9482421875,
            0.158935546875,
            -0.275146484375,
            0.3439405560493469
          ],
          [
            -0.0828857421875,
            0.95947265625,
            0.268798828125,
            -0.38439881801605225
          ],
          [
            0.306884765625,
            -0.23193359375,
            0.9228515625,
            0.4084368050098419
          ]
        ]
      ],
      "t0_rotation_rmse": 1.8380423170481675,
      "t0_translation_rmse_100": 2.1460204124450684
    },
    "stats_list": [
      {
        "psnr": 10.256345748901367,
        "distortion": 0.001100558671168983,
        "rotation_rmse": 1.9378925653763839,
        "translation_rmse_100": 1.9116073846817017,
        "t_final": [
          [
            [
              0.9482421875,
              0.158935546875,
              -0.275146484375,
              0.3439405560493469
            ],
            [
              -0.0828857421875,
              0.95947265625,
              0.268798828125,
              -0.38439881801605225
            ],
            [
              0.306884765625,
              -0.23193359375,
              0.9228515625,
              0.4084368050098419
            ]
          ]
        ],
        "t0_rotation_rmse": 1.8380423170481675,
        "t0_translation_rmse_100": 2.1460204124450684
      }
    ]
  },
  "Hunter_Boy_With_Rabbit_Figurine0a5b": {
    "best": {
      "psnr": 15.084774017333984,
      "distortion": 0.0012345690047368407,
      "rotation_rmse": 4.122660454921167,
      "translation_rmse_100": 0.04636049270629883,
      "t_final": [
        [
          [
            0.869140625,
            -0.44091796875,
            -0.224365234375,
            0.3003462553024292
          ],
          [
            0.058380126953125,
            -0.35888671875,
            0.931640625,
            -0.04912147298455238
          ],
          [
            -0.4912109375,
            -0.82275390625,
            -0.286376953125,
            0.007703827694058418
          ]
        ]
      ],
      "t0_rotation_rmse": 4.270791589164713,
      "t0_translation_rmse_100": 0.5544781684875488
    },
    "stats_list": [
      {
        "psnr": 15.084774017333984,
        "distortion": 0.0012345690047368407,
        "rotation_rmse": 4.122660454921167,
        "translation_rmse_100": 0.04636049270629883,
        "t_final": [
          [
            [
              0.869140625,
              -0.44091796875,
              -0.224365234375,
              0.3003462553024292
            ],
            [
              0.058380126953125,
              -0.35888671875,
              0.931640625,
              -0.04912147298455238
            ],
            [
              -0.4912109375,
              -0.82275390625,
              -0.286376953125,
              0.007703827694058418
            ]
          ]
        ],
        "t0_rotation_rmse": 4.270791589164713,
        "t0_translation_rmse_100": 0.5544781684875488
      }
    ]
  },
  "Elephant1608": {
    "best": {
      "psnr": 11.625825881958008,
      "distortion": 0.0014277230948209763,
      "rotation_rmse": 8.08517827611692,
      "translation_rmse_100": 3.5608530044555664,
      "t_final": [
        [
          [
            -0.1488037109375,
            0.642578125,
            0.7509765625,
            -0.4074896574020386
          ],
          [
            0.47314453125,
            0.71337890625,
            -0.5166015625,
            -0.24298900365829468
          ],
          [
            -0.8681640625,
            0.27880859375,
            -0.410400390625,
            -0.382061243057251
          ]
        ]
      ],
      "t0_rotation_rmse": 8.300297412178725,
      "t0_translation_rmse_100": 3.8805246353149414
    },
    "stats_list": [
      {
        "psnr": 11.625825881958008,
        "distortion": 0.0014277230948209763,
        "rotation_rmse": 8.08517827611692,
        "translation_rmse_100": 3.5608530044555664,
        "t_final": [
          [
            [
              -0.1488037109375,
              0.642578125,
              0.7509765625,
              -0.4074896574020386
            ],
            [
              0.47314453125,
              0.71337890625,
              -0.5166015625,
              -0.24298900365829468
            ],
            [
              -0.8681640625,
              0.27880859375,
              -0.410400390625,
              -0.382061243057251
            ]
          ]
        ],
        "t0_rotation_rmse": 8.300297412178725,
        "t0_translation_rmse_100": 3.8805246353149414
      }
    ]
  },
  "Ornate_Medieval_Shield22a7": {
    "best": {
      "psnr": 8.005085945129395,
      "distortion": 0.002454593777656555,
      "rotation_rmse": 1.220410777324463,
      "translation_rmse_100": 3.067375659942627,
      "t_final": [
        [
          [
            0.91796875,
            0.333740234375,
            -0.215087890625,
            0.009437628090381622
          ],
          [
            0.298828125,
            -0.223876953125,
            0.927734375,
            0.26525259017944336
          ],
          [
            0.261474609375,
            -0.91552734375,
            -0.30517578125,
            0.3599802255630493
          ]
        ]
      ],
      "t0_rotation_rmse": 1.2941129580863677,
      "t0_translation_rmse_100": 3.067375659942627
    },
    "stats_list": [
      {
        "psnr": 8.005085945129395,
        "distortion": 0.002454593777656555,
        "rotation_rmse": 1.220410777324463,
        "translation_rmse_100": 3.067375659942627,
        "t_final": [
          [
            [
              0.91796875,
              0.333740234375,
              -0.215087890625,
              0.009437628090381622
            ],
            [
              0.298828125,
              -0.223876953125,
              0.927734375,
              0.26525259017944336
            ],
            [
              0.261474609375,
              -0.91552734375,
              -0.30517578125,
              0.3599802255630493
            ]
          ]
        ],
        "t0_rotation_rmse": 1.2941129580863677,
        "t0_translation_rmse_100": 3.067375659942627
      }
    ]
  },
  "Vikings_shield_and_axe1973": {
    "best": {
      "psnr": 9.065431594848633,
      "distortion": 0.0010144454427063465,
      "rotation_rmse": 3.680133354441524,
      "translation_rmse_100": 1.4550626277923584,
      "t_final": [
        [
          [
            -0.165283203125,
            -0.97314453125,
            0.162109375,
            0.38394540548324585
          ],
          [
            0.277099609375,
            -0.2034912109375,
            -0.93896484375,
            0.34030598402023315
          ],
          [
            0.94677734375,
            -0.11041259765625,
            0.302978515625,
            0.2467053085565567
          ]
        ]
      ],
      "t0_rotation_rmse": 3.9162446225306433,
      "t0_translation_rmse_100": 1.5190541744232178
    },
    "stats_list": [
      {
        "psnr": 9.065431594848633,
        "distortion": 0.0010144454427063465,
        "rotation_rmse": 3.680133354441524,
        "translation_rmse_100": 1.4550626277923584,
        "t_final": [
          [
            [
              -0.165283203125,
              -0.97314453125,
              0.162109375,
              0.38394540548324585
            ],
            [
              0.277099609375,
              -0.2034912109375,
              -0.93896484375,
              0.34030598402023315
            ],
            [
              0.94677734375,
              -0.11041259765625,
              0.302978515625,
              0.2467053085565567
            ]
          ]
        ],
        "t0_rotation_rmse": 3.9162446225306433,
        "t0_translation_rmse_100": 1.5190541744232178
      }
    ]
  },
  "Xbox_360_Controller0866": {
    "best": {
      "psnr": 13.654618263244629,
      "distortion": 0.0017242816975340247,
      "rotation_rmse": 7.02323600443842,
      "translation_rmse_100": 4.124466419219971,
      "t_final": [
        [
          [
            0.090576171875,
            0.6630859375,
            -0.7431640625,
            0.08900709450244904
          ],
          [
            0.52783203125,
            0.60107421875,
            0.6005859375,
            -0.07579308748245239
          ],
          [
            0.8447265625,
            -0.446533203125,
            -0.29541015625,
            0.5013434290885925
          ]
        ]
      ],
      "t0_rotation_rmse": 7.13932478106983,
      "t0_translation_rmse_100": 4.124466419219971
    },
    "stats_list": [
      {
        "psnr": 13.654618263244629,
        "distortion": 0.0017242816975340247,
        "rotation_rmse": 7.02323600443842,
        "translation_rmse_100": 4.124466419219971,
        "t_final": [
          [
            [
              0.090576171875,
              0.6630859375,
              -0.7431640625,
              0.08900709450244904
            ],
            [
              0.52783203125,
              0.60107421875,
              0.6005859375,
              -0.07579308748245239
            ],
            [
              0.8447265625,
              -0.446533203125,
              -0.29541015625,
              0.5013434290885925
            ]
          ]
        ],
        "t0_rotation_rmse": 7.13932478106983,
        "t0_translation_rmse_100": 4.124466419219971
      }
    ]
  },
  "Petroleum_lamp0230": {
    "best": {
      "psnr": 14.466670989990234,
      "distortion": 0.0017934059724211693,
      "rotation_rmse": 2.5164696242000995,
      "translation_rmse_100": 0.8356660604476929,
      "t_final": [
        [
          [
            -0.2049560546875,
            -0.50390625,
            0.83935546875,
            0.3787234127521515
          ],
          [
            -0.68505859375,
            0.68603515625,
            0.2442626953125,
            -0.19856911897659302
          ],
          [
            -0.69873046875,
            -0.525390625,
            -0.48583984375,
            -0.03270532935857773
          ]
        ]
      ],
      "t0_rotation_rmse": 2.8166886491709127,
      "t0_translation_rmse_100": 0.9120553731918335
    },
    "stats_list": [
      {
        "psnr": 14.466670989990234,
        "distortion": 0.0017934059724211693,
        "rotation_rmse": 2.5164696242000995,
        "translation_rmse_100": 0.8356660604476929,
        "t_final": [
          [
            [
              -0.2049560546875,
              -0.50390625,
              0.83935546875,
              0.3787234127521515
            ],
            [
              -0.68505859375,
              0.68603515625,
              0.2442626953125,
              -0.19856911897659302
            ],
            [
              -0.69873046875,
              -0.525390625,
              -0.48583984375,
              -0.03270532935857773
            ]
          ]
        ],
        "t0_rotation_rmse": 2.8166886491709127,
        "t0_translation_rmse_100": 0.9120553731918335
      }
    ]
  },
  "26851W_Odeon_Lightab66": {
    "best": {
      "psnr": 15.852951049804688,
      "distortion": 0.001577848568558693,
      "rotation_rmse": 1.8617788002598576,
      "translation_rmse_100": 2.3133795261383057,
      "t_final": [
        [
          [
            -0.82568359375,
            -0.1885986328125,
            -0.53125,
            0.042754847556352615
          ],
          [
            -0.44287109375,
            -0.3671875,
            0.81787109375,
            0.31117987632751465
          ],
          [
            -0.349609375,
            0.9111328125,
            0.2197265625,
            -0.2898392379283905
          ]
        ]
      ],
      "t0_rotation_rmse": 1.9751220758219012,
      "t0_translation_rmse_100": 3.0709784030914307
    },
    "stats_list": [
      {
        "psnr": 15.852951049804688,
        "distortion": 0.001577848568558693,
        "rotation_rmse": 1.8617788002598576,
        "translation_rmse_100": 2.3133795261383057,
        "t_final": [
          [
            [
              -0.82568359375,
              -0.1885986328125,
              -0.53125,
              0.042754847556352615
            ],
            [
              -0.44287109375,
              -0.3671875,
              0.81787109375,
              0.31117987632751465
            ],
            [
              -0.349609375,
              0.9111328125,
              0.2197265625,
              -0.2898392379283905
            ]
          ]
        ],
        "t0_rotation_rmse": 1.9751220758219012,
        "t0_translation_rmse_100": 3.0709784030914307
      }
    ]
  },
  "Teddy1b47": {
    "best": {
      "psnr": 14.834860801696777,
      "distortion": 0.0015891562215983868,
      "rotation_rmse": 6.978254711436686,
      "translation_rmse_100": 6.440427780151367,
      "t_final": [
        [
          [
            0.3876953125,
            -0.0263519287109375,
            0.921875,
            0.042644865810871124
          ],
          [
            -0.5380859375,
            -0.81787109375,
            0.2030029296875,
            -0.20421960949897766
          ],
          [
            0.74853515625,
            -0.57421875,
            -0.331298828125,
            -0.16830886900424957
          ]
        ]
      ],
      "t0_rotation_rmse": 7.137316986572657,
      "t0_translation_rmse_100": 6.543996810913086
    },
    "stats_list": [
      {
        "psnr": 14.834860801696777,
        "distortion": 0.0015891562215983868,
        "rotation_rmse": 6.978254711436686,
        "translation_rmse_100": 6.440427780151367,
        "t_final": [
          [
            [
              0.3876953125,
              -0.0263519287109375,
              0.921875,
              0.042644865810871124
            ],
            [
              -0.5380859375,
              -0.81787109375,
              0.2030029296875,
              -0.20421960949897766
            ],
            [
              0.74853515625,
              -0.57421875,
              -0.331298828125,
              -0.16830886900424957
            ]
          ]
        ],
        "t0_rotation_rmse": 7.137316986572657,
        "t0_translation_rmse_100": 6.543996810913086
      }
    ]
  },
  "Figura_San_Juan260d": {
    "best": {
      "psnr": 17.37427520751953,
      "distortion": 0.0008618371794000268,
      "rotation_rmse": 4.384703365351429,
      "translation_rmse_100": 2.3406519889831543,
      "t_final": [
        [
          [
            0.72607421875,
            0.488037109375,
            -0.48388671875,
            -0.17610585689544678
          ],
          [
            0.6865234375,
            -0.486328125,
            0.5400390625,
            0.020314404740929604
          ],
          [
            0.0283966064453125,
            -0.724609375,
            -0.6884765625,
            0.027831444516777992
          ]
        ]
      ],
      "t0_rotation_rmse": 4.311961887039795,
      "t0_translation_rmse_100": 2.820922374725342
    },
    "stats_list": [
      {
        "psnr": 17.37427520751953,
        "distortion": 0.0008618371794000268,
        "rotation_rmse": 4.384703365351429,
        "translation_rmse_100": 2.3406519889831543,
        "t_final": [
          [
            [
              0.72607421875,
              0.488037109375,
              -0.48388671875,
              -0.17610585689544678
            ],
            [
              0.6865234375,
              -0.486328125,
              0.5400390625,
              0.020314404740929604
            ],
            [
              0.0283966064453125,
              -0.724609375,
              -0.6884765625,
              0.027831444516777992
            ]
          ]
        ],
        "t0_rotation_rmse": 4.311961887039795,
        "t0_translation_rmse_100": 2.820922374725342
      }
    ]
  },
  "Stylized_Skateboard10c7": {
    "best": {
      "psnr": 11.963894844055176,
      "distortion": 0.0022310817148536444,
      "rotation_rmse": 179.17247100271288,
      "translation_rmse_100": 2.8133273124694824,
      "t_final": [
        [
          [
            -0.61376953125,
            -0.6611328125,
            0.430908203125,
            -0.29808473587036133
          ],
          [
            -0.681640625,
            0.1690673828125,
            -0.7119140625,
            0.1340613216161728
          ],
          [
            0.39794921875,
            -0.73095703125,
            -0.5546875,
            0.22859469056129456
          ]
        ]
      ],
      "t0_rotation_rmse": 179.4499023390445,
      "t0_translation_rmse_100": 3.0437350273132324
    },
    "stats_list": [
      {
        "psnr": 11.963894844055176,
        "distortion": 0.0022310817148536444,
        "rotation_rmse": 179.17247100271288,
        "translation_rmse_100": 2.8133273124694824,
        "t_final": [
          [
            [
              -0.61376953125,
              -0.6611328125,
              0.430908203125,
              -0.29808473587036133
            ],
            [
              -0.681640625,
              0.1690673828125,
              -0.7119140625,
              0.1340613216161728
            ],
            [
              0.39794921875,
              -0.73095703125,
              -0.5546875,
              0.22859469056129456
            ]
          ]
        ],
        "t0_rotation_rmse": 179.4499023390445,
        "t0_translation_rmse_100": 3.0437350273132324
      }
    ]
  },
  "Lantern0231": {
    "best": {
      "psnr": 13.780549049377441,
      "distortion": 0.001316053792834282,
      "rotation_rmse": 2.793157255451876,
      "translation_rmse_100": 2.3867340087890625,
      "t_final": [
        [
          [
            -0.1895751953125,
            0.67431640625,
            -0.712890625,
            0.3450777232646942
          ],
          [
            0.03302001953125,
            -0.7216796875,
            -0.69140625,
            -0.08408059924840927
          ],
          [
            -0.98095703125,
            -0.1546630859375,
            0.1146240234375,
            -0.31922975182533264
          ]
        ]
      ],
      "t0_rotation_rmse": 2.687362058504004,
      "t0_translation_rmse_100": 2.428624153137207
    },
    "stats_list": [
      {
        "psnr": 13.780549049377441,
        "distortion": 0.001316053792834282,
        "rotation_rmse": 2.793157255451876,
        "translation_rmse_100": 2.3867340087890625,
        "t_final": [
          [
            [
              -0.1895751953125,
              0.67431640625,
              -0.712890625,
              0.3450777232646942
            ],
            [
              0.03302001953125,
              -0.7216796875,
              -0.69140625,
              -0.08408059924840927
            ],
            [
              -0.98095703125,
              -0.1546630859375,
              0.1146240234375,
              -0.31922975182533264
            ]
          ]
        ],
        "t0_rotation_rmse": 2.687362058504004,
        "t0_translation_rmse_100": 2.428624153137207
      }
    ]
  },
  "model_New_Qlone183a": {
    "best": {
      "psnr": 18.40475845336914,
      "distortion": 0.0012486260384321213,
      "rotation_rmse": 1.0923606777119723,
      "translation_rmse_100": 0.1670905351638794,
      "t_final": [
        [
          [
            0.705078125,
            -0.49169921875,
            0.51123046875,
            0.0027266908437013626
          ],
          [
            -0.268798828125,
            -0.85205078125,
            -0.448974609375,
            -0.017016064375638962
          ],
          [
            0.65625,
            0.1793212890625,
            -0.73291015625,
            -0.07009053975343704
          ]
        ]
      ],
      "t0_rotation_rmse": 1.2322913667457298,
      "t0_translation_rmse_100": 0.296122670173645
    },
    "stats_list": [
      {
        "psnr": 18.40475845336914,
        "distortion": 0.0012486260384321213,
        "rotation_rmse": 1.0923606777119723,
        "translation_rmse_100": 0.1670905351638794,
        "t_final": [
          [
            [
              0.705078125,
              -0.49169921875,
              0.51123046875,
              0.0027266908437013626
            ],
            [
              -0.268798828125,
              -0.85205078125,
              -0.448974609375,
              -0.017016064375638962
            ],
            [
              0.65625,
              0.1793212890625,
              -0.73291015625,
              -0.07009053975343704
            ]
          ]
        ],
        "t0_rotation_rmse": 1.2322913667457298,
        "t0_translation_rmse_100": 0.296122670173645
      }
    ]
  },
  "FireHydrant_Fortnite_Style_0152": {
    "best": {
      "psnr": 16.814428329467773,
      "distortion": 0.0011455733329057693,
      "rotation_rmse": 1.1145146009450941,
      "translation_rmse_100": 2.59999418258667,
      "t_final": [
        [
          [
            0.9130859375,
            -0.39892578125,
            0.08258056640625,
            -0.08218855410814285
          ],
          [
            0.404052734375,
            0.86083984375,
            -0.31005859375,
            0.301153302192688
          ],
          [
            0.052520751953125,
            0.31640625,
            0.947265625,
            -0.05043555423617363
          ]
        ]
      ],
      "t0_rotation_rmse": 1.5280274545114743,
      "t0_translation_rmse_100": 2.980128765106201
    },
    "stats_list": [
      {
        "psnr": 16.814428329467773,
        "distortion": 0.0011455733329057693,
        "rotation_rmse": 1.1145146009450941,
        "translation_rmse_100": 2.59999418258667,
        "t_final": [
          [
            [
              0.9130859375,
              -0.39892578125,
              0.08258056640625,
              -0.08218855410814285
            ],
            [
              0.404052734375,
              0.86083984375,
              -0.31005859375,
              0.301153302192688
            ],
            [
              0.052520751953125,
              0.31640625,
              0.947265625,
              -0.05043555423617363
            ]
          ]
        ],
        "t0_rotation_rmse": 1.5280274545114743,
        "t0_translation_rmse_100": 2.980128765106201
      }
    ]
  },
  "chair_teacher4659": {
    "best": {
      "psnr": 9.48342514038086,
      "distortion": 0.0011405140394344926,
      "rotation_rmse": 1.7510612181291405,
      "translation_rmse_100": 2.9216620922088623,
      "t_final": [
        [
          [
            0.93017578125,
            0.236572265625,
            -0.2802734375,
            0.030573241412639618
          ],
          [
            0.330322265625,
            -0.2095947265625,
            0.92041015625,
            0.19679629802703857
          ],
          [
            0.1590576171875,
            -0.94873046875,
            -0.273193359375,
            0.04364064335823059
          ]
        ]
      ],
      "t0_rotation_rmse": 1.9092347917418617,
      "t0_translation_rmse_100": 3.4065101146698
    },
    "stats_list": [
      {
        "psnr": 9.48342514038086,
        "distortion": 0.0011405140394344926,
        "rotation_rmse": 1.7510612181291405,
        "translation_rmse_100": 2.9216620922088623,
        "t_final": [
          [
            [
              0.93017578125,
              0.236572265625,
              -0.2802734375,
              0.030573241412639618
            ],
            [
              0.330322265625,
              -0.2095947265625,
              0.92041015625,
              0.19679629802703857
            ],
            [
              0.1590576171875,
              -0.94873046875,
              -0.273193359375,
              0.04364064335823059
            ]
          ]
        ],
        "t0_rotation_rmse": 1.9092347917418617,
        "t0_translation_rmse_100": 3.4065101146698
      }
    ]
  },
  "Traffic_Cone37b5": {
    "best": {
      "psnr": 15.136344909667969,
      "distortion": 0.0028303663711994886,
      "rotation_rmse": 54.49799538951231,
      "translation_rmse_100": 23.77916717529297,
      "t_final": [
        [
          [
            0.8076171875,
            -0.270751953125,
            0.52392578125,
            0.1789170801639557
          ],
          [
            -0.09478759765625,
            0.8173828125,
            0.568359375,
            -0.006008891388773918
          ],
          [
            -0.58251953125,
            -0.5087890625,
            0.63427734375,
            0.16481919586658478
          ]
        ]
      ],
      "t0_rotation_rmse": 54.51977999961969,
      "t0_translation_rmse_100": 23.98249053955078
    },
    "stats_list": [
      {
        "psnr": 15.136344909667969,
        "distortion": 0.0028303663711994886,
        "rotation_rmse": 54.49799538951231,
        "translation_rmse_100": 23.77916717529297,
        "t_final": [
          [
            [
              0.8076171875,
              -0.270751953125,
              0.52392578125,
              0.1789170801639557
            ],
            [
