{
  "fern_0_100_even_odd": {
    "best": {
      "psnr": 11.928394317626953,
      "distortion": 0.04782068729400635,
      "rotation_rmse": 10.442960739135742,
      "translation_rmse_100": 8.874874114990234,
      "t_final": [
        [
          [
            0.95947265625,
            -0.098388671875,
            0.264404296875,
            -0.342529296875
          ],
          [
            0.219970703125,
            0.84765625,
            -0.482421875,
            0.28466796875
          ],
          [
            -0.1766357421875,
            0.52099609375,
            0.8349609375,
            -0.07183837890625
          ]
        ]
      ]
    },
    "stats_list": [
      {
        "psnr": 10.61876106262207,
        "distortion": 0.10143847018480301,
        "rotation_rmse": 30.492534637451172,
        "translation_rmse_100": 28.083852767944336,
        "t_final": [
          [
            [
              0.994140625,
              -0.08819580078125,
              0.062103271484375,
              0.00905609130859375
            ],
            [
              0.0806884765625,
              0.990234375,
              0.114990234375,
              0.363037109375
            ],
            [
              -0.0716552734375,
              -0.10931396484375,
              0.9912109375,
              0.396240234375
            ]
          ]
        ]
      },
      {
        "psnr": 11.928394317626953,
        "distortion": 0.04782068729400635,
        "rotation_rmse": 10.442960739135742,
        "translation_rmse_100": 8.874874114990234,
        "t_final": [
          [
            [
              0.95947265625,
              -0.098388671875,
              0.264404296875,
              -0.342529296875
            ],
            [
              0.219970703125,
              0.84765625,
              -0.482421875,
              0.28466796875
            ],
            [
              -0.1766357421875,
              0.52099609375,
              0.8349609375,
              -0.07183837890625
            ]
          ]
        ]
      },
      {
        "psnr": 10.342687606811523,
        "distortion": 0.10319696366786957,
        "rotation_rmse": 21.973121643066406,
        "translation_rmse_100": 22.496143341064453,
        "t_final": [
          [
            [
              0.9931640625,
              -0.06964111328125,
              0.09619140625,
              0.034820556640625
            ],
            [
              0.08447265625,
              0.9833984375,
              -0.159912109375,
              0.329345703125
            ],
            [
              -0.08343505859375,
              0.1668701171875,
              0.982421875,
              0.0526123046875
            ]
          ]
        ]
      },
      {
        "psnr": 10.513107299804688,
        "distortion": 0.1010884940624237,
        "rotation_rmse": 17.325956344604492,
        "translation_rmse_100": 33.461360931396484,
        "t_final": [
          [
            [
              0.97509765625,
              -0.0667724609375,
              0.212158203125,
              0.1844482421875
            ],
            [
              0.11907958984375,
              0.96240234375,
              -0.244384765625,
              0.29736328125
            ],
            [
              -0.1878662109375,
              0.263671875,
              0.9462890625,
              0.28564453125
            ]
          ]
        ]
      },
      {
        "psnr": 10.131659507751465,
        "distortion": 0.10431425273418427,
        "rotation_rmse": 23.8510799407959,
        "translation_rmse_100": 30.132070541381836,
        "t_final": [
          [
            [
              0.98876953125,
              -0.1309814453125,
              0.07427978515625,
              0.11761474609375
            ],
            [
              0.1385498046875,
              0.984375,
              -0.10687255859375,
              0.28271484375
            ],
            [
              -0.05914306640625,
              0.115966796875,
              0.99169921875,
              0.292236328125
            ]
          ]
        ]
      },
      {
        "psnr": 10.19528579711914,
        "distortion": 0.10064714401960373,
        "rotation_rmse": 30.114471435546875,
        "translation_rmse_100": 28.432086944580078,
        "t_final": [
          [
            [
              0.98828125,
              -0.153076171875,
              -0.0017642974853515625,
              0.005321502685546875
            ],
            [
              0.15283203125,
              0.98583984375,
              0.0706787109375,
              0.121337890625
            ],
            [
              -0.0090789794921875,
              -0.07012939453125,
              0.99755859375,
              0.337890625
            ]
          ]
        ]
      },
      {
        "psnr": 10.621967315673828,
        "distortion": 0.08572836965322495,
        "rotation_rmse": 14.023712158203125,
        "translation_rmse_100": 55.81142807006836,
        "t_final": [
          [
            [
              0.97021484375,
              0.1962890625,
              0.14111328125,
              0.429443359375
            ],
            [
              -0.11279296875,
              0.88427734375,
              -0.453369140625,
              -0.0256500244140625
            ],
            [
              -0.2137451171875,
              0.424072265625,
              0.8798828125,
              0.51416015625
            ]
          ]
        ]
      },
      {
        "psnr": 10.432720184326172,
        "distortion": 0.10582022368907928,
        "rotation_rmse": 28.107942581176758,
        "translation_rmse_100": 26.727354049682617,
        "t_final": [
          [
            [
              0.98193359375,
              -0.1358642578125,
              0.1312255859375,
              0.07733154296875
            ],
            [
              0.126708984375,
              0.9892578125,
              0.07586669921875,
              0.1749267578125
            ],
            [
              -0.14013671875,
              -0.057891845703125,
              0.98828125,
              0.13623046875
            ]
          ]
        ]
      },
      {
        "psnr": 10.121824264526367,
        "distortion": 0.06633985042572021,
        "rotation_rmse": 28.8609561920166,
        "translation_rmse_100": 23.975725173950195,
        "t_final": [
          [
            [
              0.9853515625,
              0.1334228515625,
              0.10687255859375,
              -0.043670654296875
            ],
            [
              -0.1357421875,
              0.99072265625,
              0.01532745361328125,
              0.11407470703125
            ],
            [
              -0.10382080078125,
              -0.02960205078125,
              0.994140625,
              0.2449951171875
            ]
          ]
        ]
      },
      {
        "psnr": 10.230770111083984,
        "distortion": 0.09494204074144363,
        "rotation_rmse": 30.104047775268555,
        "translation_rmse_100": 49.44575119018555,
        "t_final": [
          [
            [
              0.96630859375,
              0.2484130859375,
              0.06854248046875,
              0.218505859375
            ],
            [
              -0.2486572265625,
              0.96875,
              -0.00537872314453125,
              -0.08056640625
            ],
            [
              -0.0677490234375,
              -0.01186370849609375,
              0.99755859375,
              0.560546875
            ]
          ]
        ]
      }
    ]
  },
  "fern_30_70_even_odd": {
    "best": {
      "psnr": 10.575623512268066,
      "distortion": 0.023779846727848053,
      "rotation_rmse": 14.546772003173828,
      "translation_rmse_100": 8.33339786529541,
      "t_final": [
        [
          [
            0.982421875,
            0.187255859375,
            0.0167999267578125,
            -0.2220458984375
          ],
          [
            -0.1494140625,
            0.83154296875,
            -0.53515625,
            0.309814453125
          ],
          [
            -0.11419677734375,
            0.52294921875,
            0.8447265625,
            0.020233154296875
          ]
        ]
      ]
    },
    "stats_list": [
      {
        "psnr": 10.21791934967041,
        "distortion": 0.07590926438570023,
        "rotation_rmse": 22.952049255371094,
        "translation_rmse_100": 19.913732528686523,
        "t_final": [
          [
            [
              0.943359375,
              0.1119384765625,
              0.3125,
              -0.37939453125
            ],
            [
              -0.07916259765625,
              0.990234375,
              -0.11578369140625,
              0.54052734375
            ],
            [
              -0.322509765625,
              0.08447265625,
              0.94287109375,
              0.346923828125
            ]
          ]
        ]
      },
      {
        "psnr": 9.473723411560059,
        "distortion": 0.10115388035774231,
        "rotation_rmse": 34.7975959777832,
        "translation_rmse_100": 28.056854248046875,
        "t_final": [
          [
            [
              0.8994140625,
              -0.1614990234375,
              -0.40625,
              -0.0083160400390625
            ],
            [
              0.10089111328125,
              0.98095703125,
              -0.16650390625,
              -0.01062774658203125
            ],
            [
              0.425537109375,
              0.10882568359375,
              0.8984375,
              0.08099365234375
            ]
          ]
        ]
      },
      {
        "psnr": 10.128755569458008,
        "distortion": 0.056540314108133316,
        "rotation_rmse": 20.80738067626953,
        "translation_rmse_100": 9.719677925109863,
        "t_final": [
          [
            [
              0.99609375,
              -0.0782470703125,
              0.045196533203125,
              -0.392822265625
            ],
            [
              0.0869140625,
              0.96630859375,
              -0.2427978515625,
              0.2069091796875
            ],
            [
              -0.024658203125,
              0.2457275390625,
              0.96923828125,
              -0.033050537109375
            ]
          ]
        ]
      },
      {
        "psnr": 10.480713844299316,
        "distortion": 0.02697531320154667,
        "rotation_rmse": 17.22140884399414,
        "translation_rmse_100": 9.365092277526855,
        "t_final": [
          [
            [
              0.98291015625,
              0.1802978515625,
              -0.04132080078125,
              -0.2900390625
            ],
            [
              -0.1776123046875,
              0.85693359375,
              -0.48388671875,
              0.360107421875
            ],
            [
              -0.05181884765625,
              0.48291015625,
              0.8740234375,
              -0.0716552734375
            ]
          ]
        ]
      },
      {
        "psnr": 10.575623512268066,
        "distortion": 0.023779846727848053,
        "rotation_rmse": 14.546772003173828,
        "translation_rmse_100": 8.33339786529541,
        "t_final": [
          [
            [
              0.982421875,
              0.187255859375,
              0.0167999267578125,
              -0.2220458984375
            ],
            [
              -0.1494140625,
              0.83154296875,
              -0.53515625,
              0.309814453125
            ],
            [
              -0.11419677734375,
              0.52294921875,
              0.8447265625,
              0.020233154296875
            ]
          ]
        ]
      },
      {
        "psnr": 9.800814628601074,
        "distortion": 0.071688711643219,
        "rotation_rmse": 28.744915008544922,
        "translation_rmse_100": 24.535804748535156,
        "t_final": [
          [
            [
              0.998046875,
              0.05267333984375,
              0.0309600830078125,
              -0.168212890625
            ],
            [
              -0.05316162109375,
              0.99853515625,
              0.0149383544921875,
              -0.023681640625
            ],
            [
              -0.0301361083984375,
              -0.0165557861328125,
              0.99951171875,
              0.2174072265625
            ]
          ]
        ]
      },
      {
        "psnr": 10.130480766296387,
        "distortion": 0.033273447304964066,
        "rotation_rmse": 23.22003173828125,
        "translation_rmse_100": 13.220669746398926,
        "t_final": [
          [
            [
              0.9208984375,
              0.386474609375,
              -0.050811767578125,
              -0.437744140625
            ],
            [
              -0.376953125,
              0.849609375,
              -0.36865234375,
              0.23779296875
            ],
            [
              -0.09930419921875,
              0.358642578125,
              0.92822265625,
              -0.1175537109375
            ]
          ]
        ]
      },
      {
        "psnr": 10.373234748840332,
        "distortion": 0.043833620846271515,
        "rotation_rmse": 29.067996978759766,
        "translation_rmse_100": 6.8417510986328125,
        "t_final": [
          [
            [
              0.8056640625,
              0.59130859375,
              -0.03173828125,
              -0.333984375
            ],
            [
              -0.5634765625,
              0.7490234375,
              -0.34765625,
              0.2259521484375
            ],
            [
              -0.1817626953125,
              0.298095703125,
              0.93701171875,
              0.022674560546875
            ]
          ]
        ]
      },
      {
        "psnr": 10.437690734863281,
        "distortion": 0.02893158420920372,
        "rotation_rmse": 17.889917373657227,
        "translation_rmse_100": 11.466018676757812,
        "t_final": [
          [
            [
              0.98486328125,
              0.1558837890625,
              -0.07421875,
              -0.311279296875
            ],
            [
              -0.1722412109375,
              0.8564453125,
              -0.486572265625,
              0.374755859375
            ],
            [
              -0.01224517822265625,
              0.491943359375,
              0.87060546875,
              -0.11444091796875
            ]
          ]
        ]
      },
      {
        "psnr": 10.005537986755371,
        "distortion": 0.06641578674316406,
        "rotation_rmse": 33.668182373046875,
        "translation_rmse_100": 23.3250789642334,
        "t_final": [
          [
            [
              0.9990234375,
              -0.042694091796875,
              0.0121612548828125,
              -0.349365234375
            ],
            [
              0.03961181640625,
              0.98095703125,
              0.189697265625,
              -0.07318115234375
            ],
            [
              -0.02001953125,
              -0.18896484375,
              0.98193359375,
              0.08526611328125
            ]
          ]
        ]
      }
    ]
  },
  "fern_50_50": {
    "best": {
      "psnr": 12.307973861694336,
      "distortion": 0.023812202736735344,
      "rotation_rmse": 13.961464881896973,
      "translation_rmse_100": 16.015411376953125,
      "t_final": [
        [
          [
            0.88720703125,
            -0.2379150390625,
            0.39501953125,
            -0.487060546875
          ],
          [
            0.37646484375,
            0.86865234375,
            -0.322265625,
            0.1607666015625
          ],
          [
            -0.2666015625,
            0.434814453125,
            0.8603515625,
            -0.10009765625
          ]
        ]
      ]
    },
    "stats_list": [
      {
        "psnr": 12.307973861694336,
        "distortion": 0.023812202736735344,
        "rotation_rmse": 13.961464881896973,
        "translation_rmse_100": 16.015411376953125,
        "t_final": [
          [
            [
              0.88720703125,
              -0.2379150390625,
              0.39501953125,
              -0.487060546875
            ],
            [
              0.37646484375,
              0.86865234375,
              -0.322265625,
              0.1607666015625
            ],
            [
              -0.2666015625,
              0.434814453125,
              0.8603515625,
              -0.10009765625
            ]
          ]
        ]
      },
      {
        "psnr": 11.735203742980957,
        "distortion": 0.06580924987792969,
        "rotation_rmse": 16.07317543029785,
        "translation_rmse_100": 65.12959289550781,
        "t_final": [
          [
            [
              0.94287109375,
              -0.097412109375,
              0.31787109375,
              -0.55078125
            ],
            [
              0.1746826171875,
              0.95849609375,
              -0.2244873046875,
              -0.71484375
            ],
            [
              -0.282958984375,
              0.267333984375,
              0.92138671875,
              0.44970703125
            ]
          ]
        ]
      },
      {
        "psnr": 10.803733825683594,
        "distortion": 0.09222125262022018,
        "rotation_rmse": 20.046369552612305,
        "translation_rmse_100": 19.667673110961914,
        "t_final": [
          [
            [
              0.966796875,
              -0.1507568359375,
              0.2056884765625,
              -0.546875
            ],
            [
              0.184326171875,
              0.970703125,
              -0.1549072265625,
              0.2293701171875
            ],
            [
              -0.17626953125,
              0.187744140625,
              0.96630859375,
              0.33642578125
            ]
          ]
        ]
      },
      {
        "psnr": 11.168087005615234,
        "distortion": 0.11243332922458649,
        "rotation_rmse": 24.734039306640625,
        "translation_rmse_100": 14.143590927124023,
        "t_final": [
          [
            [
              0.93359375,
              -0.1298828125,
              0.33447265625,
              -0.468017578125
            ],
            [
              0.12359619140625,
              0.99169921875,
              0.040069580078125,
              0.2978515625
            ],
            [
              -0.3369140625,
              0.003948211669921875,
              0.94140625,
              0.288818359375
            ]
          ]
        ]
      },
      {
        "psnr": 10.621122360229492,
        "distortion": 0.06939487159252167,
        "rotation_rmse": 22.79340934753418,
        "translation_rmse_100": 35.844112396240234,
        "t_final": [
          [
            [
              0.97705078125,
              -0.0994873046875,
              0.1885986328125,
              -0.34912109375
            ],
            [
              0.115478515625,
              0.990234375,
              -0.0758056640625,
              -0.040191650390625
            ],
            [
              -0.17919921875,
              0.0958251953125,
              0.97900390625,
              0.572265625
            ]
          ]
        ]
      },
      {
        "psnr": 10.811537742614746,
        "distortion": 0.1247715950012207,
        "rotation_rmse": 27.78577423095703,
        "translation_rmse_100": 13.208686828613281,
        "t_final": [
          [
            [
              0.94921875,
              -0.28466796875,
              0.1353759765625,
              -0.265869140625
            ],
            [
              0.276611328125,
              0.9580078125,
              0.0751953125,
              0.12548828125
            ],
            [
              -0.151123046875,
              -0.033935546875,
              0.98779296875,
              0.12384033203125
            ]
          ]
        ]
      },
      {
        "psnr": 10.923824310302734,
        "distortion": 0.07299240678548813,
        "rotation_rmse": 23.849390029907227,
        "translation_rmse_100": 14.785645484924316,
        "t_final": [
          [
            [
              0.8515625,
              0.51318359375,
              0.10546875,
              -0.32470703125
            ],
            [
              -0.4287109375,
              0.79833984375,
              -0.4228515625,
              0.076904296875
            ],
            [
              -0.301025390625,
              0.31494140625,
              0.89990234375,
              0.092529296875
            ]
          ]
        ]
      },
      {
        "psnr": 10.61047649383545,
        "distortion": 0.08992556482553482,
        "rotation_rmse": 24.53611183166504,
        "translation_rmse_100": 10.241619110107422,
        "t_final": [
          [
            [
              0.97509765625,
              -0.12939453125,
              0.1788330078125,
              -0.359619140625
            ],
            [
              0.1351318359375,
              0.99072265625,
              -0.019561767578125,
              0.1539306640625
            ],
            [
              -0.174560546875,
              0.043243408203125,
              0.98388671875,
              0.0888671875
            ]
          ]
        ]
      },
      {
        "psnr": 10.671676635742188,
        "distortion": 0.07462950795888901,
        "rotation_rmse": 27.0124568939209,
        "translation_rmse_100": 38.928531646728516,
        "t_final": [
          [
            [
              0.9853515625,
              -0.0279388427734375,
              0.16943359375,
              -0.1624755859375
            ],
            [
              0.02288818359375,
              0.9990234375,
              0.031707763671875,
              -0.12371826171875
            ],
            [
              -0.170166015625,
              -0.027374267578125,
              0.98486328125,
              0.5341796875
            ]
          ]
        ]
      },
      {
        "psnr": 11.621976852416992,
        "distortion": 0.022483346983790398,
        "rotation_rmse": 13.554197311401367,
        "translation_rmse_100": 14.16623306274414,
        "t_final": [
          [
            [
              0.9140625,
              -0.192138671875,
              0.357666015625,
              -0.455322265625
            ],
            [
              0.3125,
              0.8955078125,
              -0.3173828125,
              0.21337890625
            ],
            [
              -0.25927734375,
              0.40185546875,
              0.87841796875,
              -0.115966796875
            ]
          ]
        ]
      }
    ]
  },
  "horns_0_100_even_odd": {
    "best": {
      "psnr": 12.127364158630371,
      "distortion": 0.153834730386734,
      "rotation_rmse": 19.697765350341797,
      "translation_rmse_100": 19.25387191772461,
      "t_final": [
        [
          [
            0.9951171875,
            0.09722900390625,
            0.01983642578125,
            0.2003173828125
          ],
          [
            -0.09539794921875,
            0.9921875,
            -0.07904052734375,
            0.043701171875
          ],
          [
            -0.027374267578125,
            0.07672119140625,
            0.99658203125,
            -0.0269622802734375
          ]
        ]
      ]
    },
    "stats_list": [
      {
        "psnr": 12.115087509155273,
        "distortion": 0.19463489949703217,
        "rotation_rmse": 20.494606018066406,
        "translation_rmse_100": 15.852691650390625,
        "t_final": [
          [
            [
              1.0,
              0.0033245086669921875,
              0.019866943359375,
              0.06488037109375
            ],
            [
              -0.0030651092529296875,
              1.0,
              -0.013153076171875,
              -0.049957275390625
            ],
            [
              -0.0199127197265625,
              0.01308441162109375,
              0.99951171875,
              -0.059783935546875
            ]
          ]
        ]
      },
      {
        "psnr": 11.995436668395996,
        "distortion": 0.1843065321445465,
        "rotation_rmse": 18.576818466186523,
        "translation_rmse_100": 13.012191772460938,
        "t_final": [
          [
            [
              0.99755859375,
              0.025482177734375,
              0.061309814453125,
              0.0399169921875
            ],
            [
              -0.0218505859375,
              0.998046875,
              -0.05914306640625,
              -0.01031494140625
            ],
            [
              -0.06268310546875,
              0.05767822265625,
              0.99658203125,
              -0.081298828125
            ]
          ]
        ]
      },
      {
        "psnr": 12.059813499450684,
        "distortion": 0.2017126828432083,
        "rotation_rmse": 22.617704391479492,
        "translation_rmse_100": 15.52308177947998,
        "t_final": [
          [
            [
              1.0,
              -0.019683837890625,
              0.0015039443969726562,
              0.0902099609375
            ],
            [
              0.0195159912109375,
              0.9970703125,
              0.07635498046875,
              -0.03253173828125
            ],
            [
              -0.003002166748046875,
              -0.0762939453125,
              0.9970703125,
              -0.06939697265625
            ]
          ]
        ]
      },
      {
        "psnr": 11.470422744750977,
        "distortion": 0.20109307765960693,
        "rotation_rmse": 24.206506729125977,
        "translation_rmse_100": 54.387359619140625,
        "t_final": [
          [
            [
              0.98388671875,
              -0.07574462890625,
              -0.1617431640625,
              0.277099609375
            ],
            [
              0.042266845703125,
              0.978515625,
              -0.2012939453125,
              -0.1334228515625
            ],
            [
              0.173583984375,
              0.191162109375,
              0.96630859375,
              0.6083984375
            ]
          ]
        ]
      },
      {
        "psnr": 12.127364158630371,
        "distortion": 0.153834730386734,
        "rotation_rmse": 19.697765350341797,
        "translation_rmse_100": 19.25387191772461,
        "t_final": [
          [
            [
              0.9951171875,
              0.09722900390625,
              0.01983642578125,
              0.2003173828125
            ],
            [
              -0.09539794921875,
              0.9921875,
              -0.07904052734375,
              0.043701171875
            ],
            [
              -0.027374267578125,
              0.07672119140625,
              0.99658203125,
              -0.0269622802734375
            ]
          ]
        ]
      },
      {
        "psnr": 11.966691017150879,
        "distortion": 0.19163793325424194,
        "rotation_rmse": 18.49591636657715,
        "translation_rmse_100": 12.07689094543457,
        "t_final": [
          [
            [
              0.99609375,
              0.03729248046875,
              0.082763671875,
              -0.0142364501953125
            ],
            [
              -0.034515380859375,
              0.9990234375,
              -0.034759521484375,
              -0.024444580078125
            ],
            [
              -0.083984375,
              0.03173828125,
              0.99609375,
              -0.09832763671875
            ]
          ]
        ]
      },
      {
        "psnr": 11.561319351196289,
        "distortion": 0.17759659886360168,
        "rotation_rmse": 21.767274856567383,
        "translation_rmse_100": 14.295777320861816,
        "t_final": [
          [
            [
              0.9990234375,
              -0.0158843994140625,
              -0.040679931640625,
              0.006206512451171875
            ],
            [
              0.01421356201171875,
              0.9990234375,
              -0.041015625,
              -0.01727294921875
            ],
            [
              0.041290283203125,
              0.0404052734375,
              0.99853515625,
              -0.04400634765625
            ]
          ]
        ]
      },
      {
        "psnr": 12.043132781982422,
        "distortion": 0.20472507178783417,
        "rotation_rmse": 21.260536193847656,
        "translation_rmse_100": 13.280017852783203,
        "t_final": [
          [
            [
              1.0,
              0.011932373046875,
              0.01262664794921875,
              0.057220458984375
            ],
            [
              -0.01213836669921875,
              1.0,
              0.01641845703125,
              -0.004932403564453125
            ],
            [
              -0.01242828369140625,
              -0.016571044921875,
              1.0,
              -0.080078125
            ]
          ]
        ]
      },
      {
        "psnr": 11.936673164367676,
        "distortion": 0.1640876978635788,
        "rotation_rmse": 17.864992141723633,
        "translation_rmse_100": 17.163557052612305,
        "t_final": [
          [
            [
              0.99755859375,
              -0.049652099609375,
              0.053802490234375,
              0.0523681640625
            ],
            [
              0.056060791015625,
              0.99072265625,
              -0.125244140625,
              -0.08404541015625
            ],
            [
              -0.04705810546875,
              0.1279296875,
              0.99072265625,
              -0.0537109375
            ]
          ]
        ]
      },
      {
        "psnr": 11.97957992553711,
        "distortion": 0.20120786130428314,
        "rotation_rmse": 20.34674644470215,
        "translation_rmse_100": 12.368556022644043,
        "t_final": [
          [
            [
              0.99951171875,
              0.0117950439453125,
              0.031524658203125,
              0.05487060546875
            ],
            [
              -0.0116424560546875,
              1.0,
              -0.004909515380859375,
              0.0258026123046875
            ],
            [
              -0.031585693359375,
              0.00453948974609375,
              0.99951171875,
              -0.0777587890625
            ]
          ]
        ]
      }
    ]
  },
  "horns_30_70_even_odd": {
    "best": {
      "psnr": 11.525527954101562,
      "distortion": 0.1258293092250824,
      "rotation_rmse": 21.26080894470215,
      "translation_rmse_100": 11.65894889831543,
      "t_final": [
        [
          [
            0.9990234375,
            0.0191192626953125,
            -0.045135498046875,
            -0.035400390625
          ],
          [
            -0.0229034423828125,
            0.99609375,
            -0.08502197265625,
            -0.0196533203125
          ],
          [
            0.0433349609375,
            0.0859375,
            0.9951171875,
            -0.1009521484375
          ]
        ]
      ]
    },
    "stats_list": [
      {
        "psnr": 11.409308433532715,
        "distortion": 0.12468350678682327,
        "rotation_rmse": 22.58953285217285,
        "translation_rmse_100": 12.200936317443848,
        "t_final": [
          [
            [
              0.99609375,
              -0.02471923828125,
              -0.08294677734375,
              -0.0158538818359375
            ],
            [
              0.01849365234375,
              0.9970703125,
              -0.07501220703125,
              -0.04888916015625
            ],
            [
              0.0845947265625,
              0.07318115234375,
              0.99365234375,
              -0.126708984375
            ]
          ]
        ]
      },
      {
        "psnr": 11.188919067382812,
        "distortion": 0.1603984534740448,
        "rotation_rmse": 22.327377319335938,
        "translation_rmse_100": 11.636128425598145,
        "t_final": [
          [
            [
              0.99609375,
              0.07568359375,
              -0.04583740234375,
              -0.10986328125
            ],
            [
              -0.076904296875,
              0.99658203125,
              -0.0261688232421875,
              -0.0204010009765625
            ],
            [
              0.043701171875,
              0.02960205078125,
              0.99853515625,
              -0.1192626953125
            ]
          ]
        ]
      },
      {
        "psnr": 11.316012382507324,
        "distortion": 0.13225632905960083,
        "rotation_rmse": 21.83521842956543,
        "translation_rmse_100": 10.21510124206543,
        "t_final": [
          [
            [
              0.994140625,
              0.0758056640625,
              -0.0738525390625,
              -0.043487548828125
            ],
            [
              -0.0836181640625,
              0.990234375,
              -0.10986328125,
              0.024810791015625
            ],
            [
              0.0648193359375,
              0.11541748046875,
              0.9912109375,
              -0.09442138671875
            ]
          ]
        ]
      },
      {
        "psnr": 11.396349906921387,
        "distortion": 0.14667414128780365,
        "rotation_rmse": 22.92344093322754,
        "translation_rmse_100": 12.930501937866211,
        "t_final": [
          [
            [
              0.99755859375,
              0.00995635986328125,
              -0.06951904296875,
              -0.06927490234375
            ],
            [
              -0.01143646240234375,
              0.99951171875,
              -0.0208892822265625,
              -0.0655517578125
            ],
            [
              0.06927490234375,
              0.021636962890625,
              0.99755859375,
              -0.1292724609375
            ]
          ]
        ]
      },
      {
        "psnr": 11.503033638000488,
        "distortion": 0.14482346177101135,
        "rotation_rmse": 23.003814697265625,
        "translation_rmse_100": 10.897018432617188,
        "t_final": [
          [
            [
              0.99609375,
              0.0254669189453125,
              -0.0833740234375,
              -0.0614013671875
            ],
            [
              -0.0291290283203125,
              0.99853515625,
              -0.04302978515625,
              -0.027191162109375
            ],
            [
              0.0821533203125,
              0.0452880859375,
              0.99560546875,
              -0.1328125
            ]
          ]
        ]
      },
      {
        "psnr": 11.465614318847656,
        "distortion": 0.11750537902116776,
        "rotation_rmse": 22.114421844482422,
        "translation_rmse_100": 10.893122673034668,
        "t_final": [
          [
            [
              0.99658203125,
              0.0325927734375,
              -0.075439453125,
              -0.0191192626953125
            ],
            [
              -0.039306640625,
              0.9951171875,
              -0.08929443359375,
              -0.01068878173828125
            ],
            [
              0.0721435546875,
              0.09197998046875,
              0.9931640625,
              -0.11297607421875
            ]
          ]
        ]
      },
      {
        "psnr": 11.516210556030273,
        "distortion": 0.11491866409778595,
        "rotation_rmse": 21.795080184936523,
        "translation_rmse_100": 12.619643211364746,
        "t_final": [
          [
            [
              0.9990234375,
              0.007221221923828125,
              -0.048858642578125,
              -0.00937652587890625
            ],
            [
              -0.009918212890625,
              0.99853515625,
              -0.055267333984375,
              -0.03558349609375
            ],
            [
              0.048370361328125,
              0.0556640625,
              0.9970703125,
              -0.09771728515625
            ]
          ]
        ]
      },
      {
        "psnr": 11.357970237731934,
        "distortion": 0.09757740050554276,
        "rotation_rmse": 21.063364028930664,
        "translation_rmse_100": 12.083481788635254,
        "t_final": [
          [
            [
              0.99462890625,
              0.0985107421875,
              -0.025177001953125,
              0.007061004638671875
            ],
            [
              -0.10009765625,
              0.9921875,
              -0.07275390625,
              0.0299072265625
            ],
            [
              0.0178070068359375,
              0.07489013671875,
              0.9970703125,
              -0.060272216796875
            ]
          ]
        ]
      },
      {
        "psnr": 11.525527954101562,
        "distortion": 0.1258293092250824,
        "rotation_rmse": 21.26080894470215,
        "translation_rmse_100": 11.65894889831543,
        "t_final": [
          [
            [
              0.9990234375,
              0.0191192626953125,
              -0.045135498046875,
              -0.035400390625
            ],
            [
              -0.0229034423828125,
              0.99609375,
              -0.08502197265625,
              -0.0196533203125
            ],
            [
              0.0433349609375,
              0.0859375,
              0.9951171875,
              -0.1009521484375
            ]
          ]
        ]
      },
      {
        "psnr": 11.433554649353027,
        "distortion": 0.16163064539432526,
        "rotation_rmse": 20.295625686645508,
        "translation_rmse_100": 10.806238174438477,
        "t_final": [
          [
            [
              0.99951171875,
              0.0189971923828125,
              -0.024078369140625,
              -0.10711669921875
            ],
            [
              -0.0215301513671875,
              0.99365234375,
              -0.109375,
              -0.0031757354736328125
            ],
            [
              0.0218505859375,
              0.10986328125,
              0.99365234375,
              -0.12091064453125
            ]
          ]
        ]
      }
    ]
  },
  "horns_50_50": {
    "best": {
      "psnr": 25.934152603149414,
      "distortion": 0.01494695246219635,
      "rotation_rmse": 0.016408437862992287,
      "translation_rmse_100": 0.02415803261101246,
      "t_final": [
        [
          [
            0.85595703125,
            0.1358642578125,
            0.498779296875,
            -0.04400634765625
          ],
          [
            0.034149169921875,
            0.94775390625,
            -0.31689453125,
            0.128662109375
          ],
          [
            -0.515625,
            0.288330078125,
            0.806640625,
            -0.2371826171875
          ]
        ]
      ]
    },
    "stats_list": [
      {
        "psnr": 25.75026512145996,
        "distortion": 0.015029766596853733,
        "rotation_rmse": 0.017293065786361694,
        "translation_rmse_100": 0.03435615077614784,
        "t_final": [
          [
            [
              0.85595703125,
              0.1361083984375,
              0.4990234375,
              -0.0443115234375
            ],
            [
              0.0341796875,
              0.9482421875,
              -0.31689453125,
              0.128662109375
            ],
            [
              -0.51611328125,
              0.288330078125,
              0.806640625,
              -0.2371826171875
            ]
          ]
        ]
      },
      {
        "psnr": 25.934152603149414,
        "distortion": 0.01494695246219635,
        "rotation_rmse": 0.016408437862992287,
        "translation_rmse_100": 0.02415803261101246,
        "t_final": [
          [
            [
