{
  "fern_0_100_even_odd": {
    "best": {
      "psnr": 22.436220169067383,
      "distortion": 0.017824405804276466,
      "rotation_rmse": 0.04487163573503494,
      "translation_rmse_100": 0.1916925013065338,
      "t_final": [
        [
          [
            0.91357421875,
            0.18017578125,
            0.3642578125,
            -0.35740622878074646
          ],
          [
            0.1064453125,
            0.7587890625,
            -0.642578125,
            0.33095577359199524
          ],
          [
            -0.39208984375,
            0.6259765625,
            0.673828125,
            0.07351875305175781
          ]
        ]
      ]
    },
    "stats_list": [
      {
        "psnr": 22.436220169067383,
        "distortion": 0.017824405804276466,
        "rotation_rmse": 0.04487163573503494,
        "translation_rmse_100": 0.1916925013065338,
        "t_final": [
          [
            [
              0.91357421875,
              0.18017578125,
              0.3642578125,
              -0.35740622878074646
            ],
            [
              0.1064453125,
              0.7587890625,
              -0.642578125,
              0.33095577359199524
            ],
            [
              -0.39208984375,
              0.6259765625,
              0.673828125,
              0.07351875305175781
            ]
          ]
        ]
      },
      {
        "psnr": 11.71385383605957,
        "distortion": 0.14222481846809387,
        "rotation_rmse": 24.313581466674805,
        "translation_rmse_100": 43.873268127441406,
        "t_final": [
          [
            [
              0.576171875,
              -0.40087890625,
              0.7119140625,
              0.38416698575019836
            ],
            [
              0.56591796875,
              0.82421875,
              0.00627899169921875,
              0.4989534318447113
            ],
            [
              -0.58935546875,
              0.3994140625,
              0.7021484375,
              0.1370289921760559
            ]
          ]
        ]
      },
      {
        "psnr": 22.315181732177734,
        "distortion": 0.01779494248330593,
        "rotation_rmse": 0.05405859649181366,
        "translation_rmse_100": 0.1688530594110489,
        "t_final": [
          [
            [
              0.91357421875,
              0.1806640625,
              0.364013671875,
              -0.35699567198753357
            ],
            [
              0.10595703125,
              0.7587890625,
              -0.642578125,
              0.3312342166900635
            ],
            [
              -0.392333984375,
              0.6259765625,
              0.673828125,
              0.07369274646043777
            ]
          ]
        ]
      },
      {
        "psnr": 11.555197715759277,
        "distortion": 0.06707945466041565,
        "rotation_rmse": 26.843730926513672,
        "translation_rmse_100": 7.475622177124023,
        "t_final": [
          [
            [
              0.58349609375,
              -0.53955078125,
              0.60693359375,
              -0.369032621383667
            ],
            [
              0.5888671875,
              0.7958984375,
              0.141357421875,
              0.3676874041557312
            ],
            [
              -0.5595703125,
              0.274658203125,
              0.7822265625,
              -0.04880592226982117
            ]
          ]
        ]
      },
      {
        "psnr": 12.032215118408203,
        "distortion": 0.12263508141040802,
        "rotation_rmse": 9.247955322265625,
        "translation_rmse_100": 31.99298667907715,
        "t_final": [
          [
            [
              0.875,
              -0.049652099609375,
              0.481201171875,
              0.19222941994667053
            ],
            [
              0.261474609375,
              0.88525390625,
              -0.384521484375,
              0.28984013199806213
            ],
            [
              -0.406982421875,
              0.46240234375,
              0.78759765625,
              0.15683996677398682
            ]
          ]
        ]
      },
      {
        "psnr": 22.327573776245117,
        "distortion": 0.01769956760108471,
        "rotation_rmse": 0.03735001012682915,
        "translation_rmse_100": 0.17794883251190186,
        "t_final": [
          [
            [
              0.91357421875,
              0.1805419921875,
              0.364501953125,
              -0.3572023808956146
            ],
            [
              0.10650634765625,
              0.7587890625,
              -0.642578125,
              0.33100399374961853
            ],
            [
              -0.392578125,
              0.6259765625,
              0.673828125,
              0.07371379435062408
            ]
          ]
        ]
      },
      {
        "psnr": 11.551002502441406,
        "distortion": 0.03704693913459778,
        "rotation_rmse": 20.476104736328125,
        "translation_rmse_100": 13.031408309936523,
        "t_final": [
          [
            [
              0.66845703125,
              -0.284423828125,
              0.6875,
              -0.5140136480331421
            ],
            [
              0.418701171875,
              0.90771484375,
              -0.031768798828125,
              0.4297453761100769
            ],
            [
              -0.61474609375,
              0.30908203125,
              0.7255859375,
              -0.050477564334869385
            ]
          ]
        ]
      },
      {
        "psnr": 12.240874290466309,
        "distortion": 0.03352005407214165,
        "rotation_rmse": 24.026721954345703,
        "translation_rmse_100": 16.050472259521484,
        "t_final": [
          [
            [
              0.572265625,
              -0.359130859375,
              0.7373046875,
              -0.568504810333252
            ],
            [
              0.5908203125,
              0.80419921875,
              -0.06689453125,
              0.15356148779392242
            ],
            [
              -0.56884765625,
              0.4736328125,
              0.67236328125,
              0.07193208485841751
            ]
          ]
        ]
      },
      {
        "psnr": 12.690746307373047,
        "distortion": 0.030174070969223976,
        "rotation_rmse": 11.089703559875488,
        "translation_rmse_100": 8.826591491699219,
        "t_final": [
          [
            [
              0.86767578125,
              -0.1151123046875,
              0.4833984375,
              -0.4289681911468506
            ],
            [
              0.40185546875,
              0.7353515625,
              -0.5458984375,
              0.19812363386154175
            ],
            [
              -0.292724609375,
              0.66748046875,
              0.6845703125,
              0.059462085366249084
            ]
          ]
        ]
      },
      {
        "psnr": 11.89052677154541,
        "distortion": 0.14447608590126038,
        "rotation_rmse": 13.567803382873535,
        "translation_rmse_100": 15.746047019958496,
        "t_final": [
          [
            [
              0.7861328125,
              -0.1553955078125,
              0.5986328125,
              -0.08209600299596786
            ],
            [
              0.44873046875,
              0.8095703125,
              -0.379150390625,
              0.34888195991516113
            ],
            [
              -0.425537109375,
              0.56640625,
              0.7060546875,
              0.0734722763299942
            ]
          ]
        ]
      }
    ]
  },
  "fern_30_70_even_odd": {
    "best": {
      "psnr": 21.796791076660156,
      "distortion": 0.018036622554063797,
      "rotation_rmse": 0.044297512620687485,
      "translation_rmse_100": 0.16800260543823242,
      "t_final": [
        [
          [
            0.91357421875,
            0.1806640625,
            0.3642578125,
            -0.35698872804641724
          ],
          [
            0.10626220703125,
            0.7587890625,
            -0.642578125,
            0.33134669065475464
          ],
          [
            -0.392578125,
            0.6259765625,
            0.673828125,
            0.0738522931933403
          ]
        ]
      ]
    },
    "stats_list": [
      {
        "psnr": 21.780517578125,
        "distortion": 0.017689678817987442,
        "rotation_rmse": 0.08836033940315247,
        "translation_rmse_100": 0.16342464089393616,
        "t_final": [
          [
            [
              0.91357421875,
              0.181884765625,
              0.36328125,
              -0.35668057203292847
            ],
            [
              0.104736328125,
              0.75830078125,
              -0.64306640625,
              0.3319666385650635
            ],
            [
              -0.392578125,
              0.6259765625,
              0.673828125,
              0.07395144551992416
            ]
          ]
        ]
      },
      {
        "psnr": 11.763312339782715,
        "distortion": 0.12004514783620834,
        "rotation_rmse": 39.091182708740234,
        "translation_rmse_100": 10.500816345214844,
        "t_final": [
          [
            [
              0.2479248046875,
              -0.47998046875,
              0.841796875,
              -0.17871135473251343
            ],
            [
              0.8359375,
              0.544921875,
              0.06451416015625,
              0.3720719814300537
            ],
            [
              -0.489501953125,
              0.6875,
              0.5361328125,
              0.09810169786214828
            ]
          ]
        ]
      },
      {
        "psnr": 11.756388664245605,
        "distortion": 0.07943528890609741,
        "rotation_rmse": 23.49369239807129,
        "translation_rmse_100": 13.24941349029541,
        "t_final": [
          [
            [
              0.60107421875,
              -0.25341796875,
              0.7578125,
              -0.3310803472995758
            ],
            [
              0.6396484375,
              0.7216796875,
              -0.26611328125,
              0.558191180229187
            ],
            [
              -0.4794921875,
              0.64453125,
              0.595703125,
              0.055621080100536346
            ]
          ]
        ]
      },
      {
        "psnr": 21.729970932006836,
        "distortion": 0.01797633431851864,
        "rotation_rmse": 0.08920848369598389,
        "translation_rmse_100": 0.15653583407402039,
        "t_final": [
          [
            [
              0.91357421875,
              0.1817626953125,
              0.363525390625,
              -0.35657158493995667
            ],
            [
              0.1048583984375,
              0.7587890625,
              -0.64306640625,
              0.33184391260147095
            ],
            [
              -0.392578125,
              0.62548828125,
              0.673828125,
              0.0737808421254158
            ]
          ]
        ]
      },
      {
        "psnr": 11.89225959777832,
        "distortion": 0.05396461486816406,
        "rotation_rmse": 20.626371383666992,
        "translation_rmse_100": 9.221758842468262,
        "t_final": [
          [
            [
              0.6318359375,
              -0.26708984375,
              0.7275390625,
              -0.4987092614173889
            ],
            [
              0.48193359375,
              0.87060546875,
              -0.09918212890625,
              0.3244995176792145
            ],
            [
              -0.60693359375,
              0.413330078125,
              0.6787109375,
              0.006585783325135708
            ]
          ]
        ]
      },
      {
        "psnr": 21.796791076660156,
        "distortion": 0.018036622554063797,
        "rotation_rmse": 0.044297512620687485,
        "translation_rmse_100": 0.16800260543823242,
        "t_final": [
          [
            [
              0.91357421875,
              0.1806640625,
              0.3642578125,
              -0.35698872804641724
            ],
            [
              0.10626220703125,
              0.7587890625,
              -0.642578125,
              0.33134669065475464
            ],
            [
              -0.392578125,
              0.6259765625,
              0.673828125,
              0.0738522931933403
            ]
          ]
        ]
      },
      {
        "psnr": 11.690114974975586,
        "distortion": 0.056133680045604706,
        "rotation_rmse": 21.422578811645508,
        "translation_rmse_100": 13.402424812316895,
        "t_final": [
          [
            [
              0.6513671875,
              -0.315673828125,
              0.68994140625,
              -0.5401254892349243
            ],
            [
              0.43896484375,
              0.8984375,
              -0.0030117034912109375,
              0.3381248712539673
            ],
            [
              -0.619140625,
              0.304931640625,
              0.7236328125,
              -0.06443455815315247
            ]
          ]
        ]
      },
      {
        "psnr": 11.054990768432617,
        "distortion": 0.0542367659509182,
        "rotation_rmse": 17.34874725341797,
        "translation_rmse_100": 43.95298767089844,
        "t_final": [
          [
            [
              0.7734375,
              -0.2242431640625,
              0.5927734375,
              -1.0110538005828857
            ],
            [
              0.354736328125,
              0.92822265625,
              -0.1116943359375,
              0.6157203912734985
            ],
            [
              -0.525390625,
              0.296630859375,
              0.79736328125,
              0.3329344689846039
            ]
          ]
        ]
      },
      {
        "psnr": 12.088580131530762,
        "distortion": 0.0262287687510252,
        "rotation_rmse": 20.083940505981445,
        "translation_rmse_100": 22.75751495361328,
        "t_final": [
          [
            [
              0.6328125,
              -0.11676025390625,
              0.76513671875,
              -0.6743370294570923
            ],
            [
              0.51513671875,
              0.80126953125,
              -0.303955078125,
              0.12384375184774399
            ],
            [
              -0.57763671875,
              0.58642578125,
              0.5673828125,
              0.17500165104866028
            ]
          ]
        ]
      },
      {
        "psnr": 21.70838165283203,
        "distortion": 0.01759677194058895,
        "rotation_rmse": 0.03709740191698074,
        "translation_rmse_100": 0.18158359825611115,
        "t_final": [
          [
            [
              0.91357421875,
              0.1806640625,
              0.3642578125,
              -0.3572966158390045
            ],
            [
              0.10638427734375,
              0.75830078125,
              -0.64306640625,
              0.33110663294792175
            ],
            [
              -0.392333984375,
              0.6259765625,
              0.673828125,
              0.07395873218774796
            ]
          ]
        ]
      }
    ]
  },
  "fern_50_50": {
    "best": {
      "psnr": 21.52787971496582,
      "distortion": 0.017112722620368004,
      "rotation_rmse": 0.009610148146748543,
      "translation_rmse_100": 0.2381713092327118,
      "t_final": [
        [
          [
            0.91357421875,
            0.1805419921875,
            0.36474609375,
            -0.35832828283309937
          ],
          [
            0.1068115234375,
            0.75830078125,
            -0.64306640625,
            0.33087030053138733
          ],
          [
            -0.392822265625,
            0.62646484375,
            0.67333984375,
            0.07456707209348679
          ]
        ]
      ]
    },
    "stats_list": [
      {
        "psnr": 21.505916595458984,
        "distortion": 0.01719045080244541,
        "rotation_rmse": 0.022474315017461777,
        "translation_rmse_100": 0.20981894433498383,
        "t_final": [
          [
            [
              0.91357421875,
              0.1807861328125,
              0.364501953125,
              -0.35783761739730835
            ],
            [
              0.1065673828125,
              0.75830078125,
              -0.64306640625,
              0.33091267943382263
            ],
            [
              -0.392578125,
              0.62646484375,
              0.67333984375,
              0.07432786375284195
            ]
          ]
        ]
      },
      {
        "psnr": 11.847762107849121,
        "distortion": 0.15253761410713196,
        "rotation_rmse": 19.29836082458496,
        "translation_rmse_100": 35.93170928955078,
        "t_final": [
          [
            [
              0.71826171875,
              -0.3369140625,
              0.6083984375,
              0.25082114338874817
            ],
            [
              0.49169921875,
              0.86474609375,
              -0.10198974609375,
              0.45888856053352356
            ],
            [
              -0.491943359375,
              0.37255859375,
              0.787109375,
              0.14375075697898865
            ]
          ]
        ]
      },
      {
        "psnr": 21.486669540405273,
        "distortion": 0.017147289589047432,
        "rotation_rmse": 0.027668535709381104,
        "translation_rmse_100": 0.19813647866249084,
        "t_final": [
          [
            [
              0.91357421875,
              0.180908203125,
              0.364501953125,
              -0.3576398491859436
            ],
            [
              0.10638427734375,
              0.75830078125,
              -0.64306640625,
              0.33083444833755493
            ],
            [
              -0.392822265625,
              0.6259765625,
              0.67333984375,
              0.07432509958744049
            ]
          ]
        ]
      },
      {
        "psnr": 12.212100982666016,
        "distortion": 0.05025912821292877,
        "rotation_rmse": 26.13578987121582,
        "translation_rmse_100": 28.94188690185547,
        "t_final": [
          [
            [
              0.59228515625,
              -0.54345703125,
              0.5947265625,
              -0.6591325402259827
            ],
            [
              0.669921875,
              0.74267578125,
              0.011749267578125,
              -0.043024156242609024
            ],
            [
              -0.447998046875,
              0.391357421875,
              0.80419921875,
              -0.062319301068782806
            ]
          ]
        ]
      },
      {
        "psnr": 11.945873260498047,
        "distortion": 0.11450464278459549,
        "rotation_rmse": 21.630521774291992,
        "translation_rmse_100": 22.042652130126953,
        "t_final": [
          [
            [
              0.65625,
              -0.377685546875,
              0.6533203125,
              0.0021031154319643974
            ],
            [
              0.52880859375,
              0.84765625,
              -0.04107666015625,
              0.4665754437446594
            ],
            [
              -0.5380859375,
              0.372314453125,
              0.755859375,
              0.0563519224524498
            ]
          ]
        ]
      },
      {
        "psnr": 21.52787971496582,
        "distortion": 0.017112722620368004,
        "rotation_rmse": 0.009610148146748543,
        "translation_rmse_100": 0.2381713092327118,
        "t_final": [
          [
            [
              0.91357421875,
              0.1805419921875,
              0.36474609375,
              -0.35832828283309937
            ],
            [
              0.1068115234375,
              0.75830078125,
              -0.64306640625,
              0.33087030053138733
            ],
            [
              -0.392822265625,
              0.62646484375,
              0.67333984375,
              0.07456707209348679
            ]
          ]
        ]
      },
      {
        "psnr": 11.470346450805664,
        "distortion": 0.07632022351026535,
        "rotation_rmse": 21.48047637939453,
        "translation_rmse_100": 13.506714820861816,
        "t_final": [
          [
            [
              0.64990234375,
              -0.3125,
              0.69287109375,
              -0.5379214286804199
            ],
            [
              0.43310546875,
              0.9013671875,
              0.0005507469177246094,
              0.34519073367118835
            ],
            [
              -0.62451171875,
              0.299560546875,
              0.72119140625,
              -0.06973964720964432
            ]
          ]
        ]
      },
      {
        "psnr": 11.377405166625977,
        "distortion": 0.11921755969524384,
        "rotation_rmse": 13.293149948120117,
        "translation_rmse_100": 13.107728958129883,
        "t_final": [
          [
            [
              0.9345703125,
              -0.159912109375,
              0.31787109375,
              -0.1425153613090515
            ],
            [
              0.2685546875,
              0.90283203125,
              -0.335693359375,
              0.2563171088695526
            ],
            [
              -0.2332763671875,
              0.399169921875,
              0.88671875,
              0.1090594232082367
            ]
          ]
        ]
      },
      {
        "psnr": 13.151455879211426,
        "distortion": 0.023732896894216537,
        "rotation_rmse": 10.445043563842773,
        "translation_rmse_100": 11.39493465423584,
        "t_final": [
          [
            [
              0.8916015625,
              -0.1365966796875,
              0.431884765625,
              -0.49495989084243774
            ],
            [
              0.372314453125,
              0.763671875,
              -0.52685546875,
              0.2026384174823761
            ],
            [
              -0.2578125,
              0.630859375,
              0.73193359375,
              0.021857980638742447
            ]
          ]
        ]
      },
      {
        "psnr": 12.158580780029297,
        "distortion": 0.05530177801847458,
        "rotation_rmse": 13.631702423095703,
        "translation_rmse_100": 6.313553333282471,
        "t_final": [
          [
            [
              0.8525390625,
              -0.2105712890625,
              0.478515625,
              -0.3886858820915222
            ],
            [
              0.46240234375,
              0.73046875,
              -0.5029296875,
              0.23266635835170746
            ],
            [
              -0.2435302734375,
              0.64990234375,
              0.7197265625,
              0.10858268290758133
            ]
          ]
        ]
      }
    ]
  },
  "horns_0_100_even_odd": {
    "best": {
      "psnr": 25.060705184936523,
      "distortion": 0.02373271994292736,
      "rotation_rmse": 0.021228032186627388,
      "translation_rmse_100": 0.09400791674852371,
      "t_final": [
        [
          [
            0.8564453125,
            0.135986328125,
            0.498291015625,
            -0.04549308493733406
          ],
          [
            0.03411865234375,
            0.94775390625,
            -0.3173828125,
            0.12882006168365479
          ],
          [
            -0.515625,
            0.288818359375,
            0.806640625,
            -0.23755864799022675
          ]
        ]
      ]
    },
    "stats_list": [
      {
        "psnr": 11.62215518951416,
        "distortion": 0.2296314686536789,
        "rotation_rmse": 20.143152236938477,
        "translation_rmse_100": 57.24860382080078,
        "t_final": [
          [
            [
              0.95654296875,
              -0.207275390625,
              0.2037353515625,
              0.5616689920425415
            ],
            [
              0.285888671875,
              0.796875,
              -0.5322265625,
              0.5505767464637756
            ],
            [
              -0.052032470703125,
              0.5673828125,
              0.82177734375,
              0.4248216152191162
            ]
          ]
        ]
      },
      {
        "psnr": 25.060705184936523,
        "distortion": 0.02373271994292736,
        "rotation_rmse": 0.021228032186627388,
        "translation_rmse_100": 0.09400791674852371,
        "t_final": [
          [
            [
              0.8564453125,
              0.135986328125,
              0.498291015625,
              -0.04549308493733406
            ],
            [
              0.03411865234375,
              0.94775390625,
              -0.3173828125,
              0.12882006168365479
            ],
            [
              -0.515625,
              0.288818359375,
              0.806640625,
              -0.23755864799022675
            ]
          ]
        ]
      },
      {
        "psnr": 11.560264587402344,
        "distortion": 0.11360704898834229,
        "rotation_rmse": 24.272544860839844,
        "translation_rmse_100": 15.56829833984375,
        "t_final": [
          [
            [
              0.82763671875,
              -0.53271484375,
              0.17724609375,
              -0.15430642664432526
            ],
            [
              0.55615234375,
              0.8212890625,
              -0.1260986328125,
              0.3286082148551941
            ],
            [
              -0.078369140625,
              0.202880859375,
              0.97607421875,
              -0.09394737333059311
            ]
          ]
        ]
      },
      {
        "psnr": 11.397997856140137,
        "distortion": 0.19675280153751373,
        "rotation_rmse": 18.304794311523438,
        "translation_rmse_100": 51.09013366699219,
        "t_final": [
          [
            [
              0.861328125,
              -0.01611328125,
              0.5078125,
              0.2280687838792801
            ],
            [
              0.33447265625,
              0.77001953125,
              -0.54296875,
              0.8772748112678528
            ],
            [
              -0.38232421875,
              0.6376953125,
              0.6689453125,
              -0.6235100030899048
            ]
          ]
        ]
      },
      {
        "psnr": 11.622956275939941,
        "distortion": 0.1647343784570694,
        "rotation_rmse": 24.43122100830078,
        "translation_rmse_100": 25.76410484313965,
        "t_final": [
          [
            [
              0.87060546875,
              -0.484130859375,
              0.08966064453125,
              0.06456034630537033
            ],
            [
              0.4921875,
              0.85546875,
              -0.1610107421875,
              0.4940251410007477
            ],
            [
              0.0012035369873046875,
              0.184326171875,
              0.98291015625,
              -0.005072920583188534
            ]
          ]
        ]
      },
      {
        "psnr": 11.607609748840332,
        "distortion": 0.2211725264787674,
        "rotation_rmse": 16.759780883789062,
        "translation_rmse_100": 48.886932373046875,
        "t_final": [
          [
            [
              0.95361328125,
              -0.1708984375,
              0.248291015625,
              0.44420650601387024
            ],
            [
              0.2705078125,
              0.84912109375,
              -0.45361328125,
              0.5648552179336548
            ],
            [
              -0.1334228515625,
              0.49951171875,
              0.85595703125,
              0.29975754022598267
            ]
          ]
        ]
      },
      {
        "psnr": 11.519855499267578,
        "distortion": 0.2283828854560852,
        "rotation_rmse": 26.2734317779541,
        "translation_rmse_100": 53.585540771484375,
        "t_final": [
          [
            [
              0.8896484375,
              -0.45703125,
              -0.01136016845703125,
              0.36228302121162415
            ],
            [
              0.44189453125,
              0.86572265625,
              -0.2344970703125,
              0.3370511829853058
            ],
            [
              0.116943359375,
              0.2034912109375,
              0.97216796875,
              0.5706353187561035
            ]
          ]
        ]
      },
      {
        "psnr": 11.764195442199707,
        "distortion": 0.21173152327537537,
        "rotation_rmse": 10.786502838134766,
        "translation_rmse_100": 46.18306350708008,
        "t_final": [
          [
            [
              0.84521484375,
              -0.1390380859375,
              0.515625,
              0.0879286676645279
            ],
            [
              0.303466796875,
              0.91943359375,
              -0.2493896484375,
              0.9103796482086182
            ],
            [
              -0.439453125,
              0.367431640625,
              0.81982421875,
              -0.12927815318107605
            ]
          ]
        ]
      },
      {
        "psnr": 11.651899337768555,
        "distortion": 0.21101877093315125,
        "rotation_rmse": 9.695429801940918,
        "translation_rmse_100": 43.44846725463867,
        "t_final": [
          [
            [
              0.8447265625,
              -0.120361328125,
              0.521484375,
              0.18736812472343445
            ],
            [
              0.279541015625,
              0.93017578125,
              -0.2379150390625,
              0.8397088050842285
            ],
            [
              -0.456298828125,
              0.3466796875,
              0.8193359375,
              -0.1506156325340271
            ]
          ]
        ]
      },
      {
        "psnr": 11.540075302124023,
        "distortion": 0.24126750230789185,
        "rotation_rmse": 22.985225677490234,
        "translation_rmse_100": 72.2786636352539,
        "t_final": [
          [
            [
              0.90380859375,
              -0.1634521484375,
              0.39501953125,
              0.9768570065498352
            ],
            [
              0.391845703125,
              0.68701171875,
              -0.61181640625,
              0.6280835270881653
            ],
            [
              -0.17138671875,
              0.7080078125,
              0.68505859375,
              0.28798604011535645
            ]
          ]
        ]
      }
    ]
  },
  "horns_30_70_even_odd": {
    "best": {
      "psnr": 11.290603637695312,
      "distortion": 0.21787120401859283,
      "rotation_rmse": 17.57353401184082,
      "translation_rmse_100": 55.19207000732422,
      "t_final": [
        [
          [
            0.99609375,
            0.0167236328125,
            0.087158203125,
            0.6311777234077454
          ],
          [
            -0.010345458984375,
            0.9970703125,
            -0.07305908203125,
            0.05081113427877426
          ],
          [
            -0.088134765625,
            0.0718994140625,
            0.99365234375,
            0.4348404109477997
          ]
        ]
      ]
    },
    "stats_list": [
      {
        "psnr": 11.21718692779541,
        "distortion": 0.22043482959270477,
        "rotation_rmse": 14.620987892150879,
        "translation_rmse_100": 58.21587371826172,
        "t_final": [
          [
            [
              0.99169921875,
              -0.044708251953125,
              0.1221923828125,
              0.700411856174469
            ],
            [
              0.07940673828125,
              0.9521484375,
              -0.2958984375,
              0.16311831772327423
            ],
            [
              -0.10308837890625,
              0.302978515625,
              0.947265625,
              0.44188985228538513
            ]
          ]
        ]
      },
      {
        "psnr": 11.185620307922363,
        "distortion": 0.23586547374725342,
        "rotation_rmse": 11.710817337036133,
        "translation_rmse_100": 93.49552154541016,
        "t_final": [
          [
            [
              0.6650390625,
              0.41796875,
              0.61865234375,
              0.9107540249824524
            ],
            [
              -0.048583984375,
              0.85107421875,
              -0.52294921875,
              -0.5759536623954773
            ],
            [
              -0.7451171875,
              0.31787109375,
              0.58642578125,
              0.864457905292511
            ]
          ]
        ]
      },
      {
        "psnr": 11.24569320678711,
        "distortion": 0.20935404300689697,
        "rotation_rmse": 21.393274307250977,
        "translation_rmse_100": 57.15995407104492,
        "t_final": [
          [
            [
              0.9921875,
              -0.11920166015625,
              -0.03387451171875,
              0.563897430896759
            ],
            [
              0.11602783203125,
              0.98974609375,
              -0.0848388671875,
              0.1533069610595703
            ],
            [
              0.04364013671875,
              0.08026123046875,
              0.99560546875,
              0.5436314344406128
            ]
          ]
        ]
      },
      {
        "psnr": 11.235928535461426,
        "distortion": 0.15466192364692688,
        "rotation_rmse": 20.973960876464844,
        "translation_rmse_100": 54.661983489990234,
        "t_final": [
          [
            [
              0.9931640625,
              -0.114990234375,
              -0.0193634033203125,
              -0.1936051994562149
            ],
            [
              0.0919189453125,
              0.8740234375,
              -0.47705078125,
              0.9146813750267029
            ],
            [
              0.07177734375,
              0.471923828125,
              0.87841796875,
              0.2688743770122528
            ]
          ]
        ]
      },
      {
        "psnr": 11.269417762756348,
        "distortion": 0.21699264645576477,
        "rotation_rmse": 17.794925689697266,
        "translation_rmse_100": 53.168426513671875,
        "t_final": [
          [
            [
              0.99658203125,
              0.01461029052734375,
              0.08135986328125,
              0.6021361351013184
            ],
            [
              -0.00894927978515625,
              0.99755859375,
              -0.069580078125,
              0.009149214252829552
            ],
            [
              -0.0821533203125,
              0.068603515625,
              0.994140625,
              0.40777862071990967
            ]
          ]
        ]
      },
      {
        "psnr": 11.243202209472656,
        "distortion": 0.21174107491970062,
        "rotation_rmse": 19.085988998413086,
        "translation_rmse_100": 58.1326904296875,
        "t_final": [
          [
            [
              0.99365234375,
              -0.11181640625,
              0.01413726806640625,
              0.6144210696220398
            ],
            [
              0.112548828125,
              0.9775390625,
              -0.177490234375,
              0.07102430611848831
            ],
            [
              0.0060272216796875,
              0.177978515625,
              0.98388671875,
              0.5221707820892334
            ]
          ]
        ]
      },
      {
        "psnr": 11.143251419067383,
        "distortion": 0.204123854637146,
        "rotation_rmse": 18.960237503051758,
        "translation_rmse_100": 38.83247756958008,
        "t_final": [
          [
            [
              0.9921875,
              -0.11761474609375,
              0.03936767578125,
              0.4025905430316925
            ],
            [
              0.12109375,
              0.9873046875,
              -0.101806640625,
              0.042410142719745636
            ],
            [
              -0.0269012451171875,
              0.1058349609375,
              0.994140625,
              0.2580479681491852
            ]
          ]
        ]
      },
      {
        "psnr": 11.290603637695312,
        "distortion": 0.21787120401859283,
        "rotation_rmse": 17.57353401184082,
        "translation_rmse_100": 55.19207000732422,
        "t_final": [
          [
            [
              0.99609375,
              0.0167236328125,
              0.087158203125,
              0.6311777234077454
            ],
            [
              -0.010345458984375,
              0.9970703125,
              -0.07305908203125,
              0.05081113427877426
            ],
            [
              -0.088134765625,
              0.0718994140625,
              0.99365234375,
              0.4348404109477997
            ]
          ]
        ]
      },
      {
        "psnr": 11.192136764526367,
        "distortion": 0.20894214510917664,
        "rotation_rmse": 16.79499053955078,
        "translation_rmse_100": 48.12950897216797,
        "t_final": [
          [
            [
              0.99755859375,
              -0.003570556640625,
              0.0693359375,
              0.5129430294036865
            ],
            [
              0.0148162841796875,
              0.98681640625,
              -0.1624755859375,
              0.07548307627439499
            ],
            [
              -0.06781005859375,
              0.1630859375,
              0.984375,
              0.3805777132511139
            ]
          ]
        ]
      },
      {
        "psnr": 11.207301139831543,
        "distortion": 0.2100071758031845,
        "rotation_rmse": 15.210848808288574,
        "translation_rmse_100": 53.558135986328125,
        "t_final": [
          [
            [
              0.99365234375,
              -0.01296234130859375,
              0.11151123046875,
              0.686439037322998
            ],
            [
              0.034088134765625,
              0.9814453125,
              -0.189697265625,
              -0.01802368462085724
            ],
            [
              -0.10699462890625,
              0.1922607421875,
              0.9755859375,
              0.3153074085712433
            ]
          ]
        ]
      }
    ]
  },
  "horns_50_50": {
    "best": {
      "psnr": 11.647013664245605,
      "distortion": 0.11302132904529572,
      "rotation_rmse": 16.330646514892578,
      "translation_rmse_100": 43.90393829345703,
      "t_final": [
        [
          [
            0.98193359375,
            -0.1495361328125,
            0.1160888671875,
            -0.47962602972984314
          ],
          [
            0.1717529296875,
            0.96142578125,
            -0.21533203125,
            0.5575426816940308
          ],
          [
            -0.07940673828125,
            0.2314453125,
            0.9697265625,
            0.214813232421875
          ]
        ]
      ]
    },
    "stats_list": [
      {
        "psnr": 11.41823673248291,
        "distortion": 0.2005906105041504,
        "rotation_rmse": 18.084135055541992,
        "translation_rmse_100": 49.35954666137695,
        "t_final": [
          [
            [
              0.9599609375,
              -0.1900634765625,
              0.20556640625,
              0.47388479113578796
            ],
            [
              0.26708984375,
              0.841796875,
              -0.46923828125,
              0.6177093982696533
            ],
            [
              -0.08380126953125,
              0.50537109375,
              0.85888671875,
              0.2356230914592743
            ]
          ]
        ]
      },
      {
        "psnr": 11.377904891967773,
        "distortion": 0.19718067348003387,
