{
  "keyframes": [
    {
      "matrix": "[-0.8731999912066875,-0.48736210468526076,-8.673617578191576e-19,0,-0.48717465952617306,0.8728641482888783,0.027730493021156113,0,0.013514791399495721,-0.02421426618473149,0.9996154308271562,0,0.016989703006759768,-0.038729784378607905,0.5847913529806796,1]",
      "fov": 10,
      "aspect": 1.5786026200873362,
      "properties": "[[\"FOV\",10],[\"NAME\",\"Camera 0\"],[\"TIME\",0]]"
    },
    {
      "matrix": "[-0.928063014348657,-0.37242319540596786,1.7347234717079192e-18,0,-0.3715064562387803,0.925778538716187,0.0701217642828284,0,0.026114971642526155,-0.06507741623282401,0.9975384474213711,0,0.017645533908617766,-0.038694006705917265,0.581670608530693,1]",
      "fov": 10,
      "aspect": 1.5786026200873362,
      "properties": "[[\"FOV\",10],[\"NAME\",\"Camera 1\"],[\"TIME\",0.3333333333333333]]"
    },
    {
      "matrix": "[0.11112938476615965,-0.9938059442968743,2.7755575547326708e-17,0,-0.9763925264673643,-0.10918218126916433,0.18637837093583656,0,0.1852239337812713,0.020712113791635466,0.9824780499472461,0,0.11044156942051106,0.011340436154418604,0.5728870355625428,1]",
      "fov": 10,
      "aspect": 1.5786026200873362,
      "properties": "[[\"FOV\",10],[\"NAME\",\"Camera 2\"],[\"TIME\",0.6666666666666666]]"
    },
    {
      "matrix": "[0.11112938476615965,-0.9938059442968743,1.3877787773663354e-17,0,-0.9763925264673643,-0.10918218126916433,0.18637837093583723,0,0.18522393378127192,0.020712113791635522,0.982478049947246,0,0.08949365054284662,0.008997997622665503,0.4617735845671396,1]",
      "fov": 10,
      "aspect": 1.5786026200873362,
      "properties": "[[\"FOV\",10],[\"NAME\",\"Camera 3\"],[\"TIME\",1]]"
    }
  ],
  "camera_type": "perspective",
  "render_height": 1080,
  "render_width": 1920,
  "camera_path": [
    {
      "camera_to_world": [
        0.873199971242452,
        -0.48717467158479194,
        0.013514791468277918,
        0.016989703006759768,
        0.4873620935425537,
        0.87286416989414,
        -0.024214266307967604,
        -0.038729784378607905,
        0,
        0.027730493707545354,
        0.9996154359146001,
        0.5847913529806796,
        0,
        0,
        0,
        1
      ],
      "fov": 10,
      "aspect": 1.5786026200873362
    },
    {
      "camera_to_world": [
        0.8753935762090289,
        -0.4832127419335492,
        0.013839536301067679,
        0.016966613336106908,
        0.48341082999141033,
        0.8750206173266378,
        -0.025551686839135522,
        -0.03875231681798697,
        0.0002370210608914036,
        0.029057964250279397,
        0.9995777000987197,
        0.5846965083616991,
        0,
        0,
        0,
        1
      ],
      "fov": 10,
      "aspect": 1.5786026200873362
    },
    {
      "camera_to_world": [
        0.8780604411757021,
        -0.47834391039322216,
        0.014034423110782934,
        0.01686197868456748,
        0.47854937414829807,
        0.8776454009794828,
        -0.027000863723869943,
        -0.03881909856432532,
        0.0005984518390916381,
        0.03042455470970384,
        0.9995368869261966,
        0.5846066754012581,
        0,
        0,
        0,
        1
      ],
      "fov": 10,
      "aspect": 1.5786026200873362
    },
    {
      "camera_to_world": [
        0.8811304735643397,
        -0.47266258105608266,
        0.014112867379970131,
        0.016684234739819406,
        0.4728720255473723,
        0.8806684594401231,
        -0.02855016641082348,
        -0.038925552103109926,
        0.0010658381715194423,
        0.03183000183415751,
        0.9994927288240919,
        0.5845213356519218,
        0,
        0,
        0,
        1
      ],
      "fov": 10,
      "aspect": 1.5786026200873362
    },
    {
      "camera_to_world": [
        0.8845330776519723,
        -0.4662646828757879,
        0.014088294512501164,
        0.016441817189540606,
        0.46647465747611766,
        0.8840192763281243,
        -0.030187961389240205,
        -0.03906709991982774,
        0.0016212563241818495,
        0.0332740827528052,
        0.9994449494318788,
        0.5844399706662546,
        0,
        0,
        0,
        1
      ],
      "fov": 10,
      "aspect": 1.5786026200873362
    },
    {
      "camera_to_world": [
        0.8881985383384337,
        -0.4592472971906677,
        0.013974137416552807,
        0.016143161721408998,
        0.45945435671939994,
        0.887628253959071,
        -0.03190261533375098,
        -0.039239164499965756,
        0.0022473506696998,
        0.03475633462604169,
        0.999393289260204,
        0.5843620619968218,
        0,
        0,
        0,
        1
      ],
      "fov": 10,
      "aspect": 1.5786026200873362
    },
    {
      "camera_to_world": [
        0.8920592265911875,
        -0.45170824894651695,
        0.013783834270762749,
        0.01579670402310251,
        0.4519090248844705,
        0.8914279121406146,
        -0.03368249819404409,
        -0.03943716832901094,
        0.0029273676740975882,
        0.03627582239310758,
        0.9993375281796459,
        0.5842870911961882,
        0,
        0,
        0,
        1
      ],
      "fov": 10,
      "aspect": 1.5786026200873362
    },
    {
      "camera_to_world": [
        0.8960506133686958,
        -0.443745664787144,
        0.013530826441858702,
        0.015410879782299058,
        0.4439369447291339,
        0.8953538986497703,
        -0.03551598622055676,
        -0.03965653389245026,
        0.003645186709340418,
        0.03783095498758296,
        0.9992775047295829,
        0.5842145398169184,
        0,
        0,
        0,
        1
      ],
      "fov": 10,
      "aspect": 1.5786026200873362
    },
    {
      "camera_to_world": [
        0.9001120834927928,
        -0.4354575093415929,
        0.013228556545610125,
        0.014994124686676566,
        0.43563632295607313,
        0.8993458024998834,
        -0.037391464897123645,
        -0.03989268367577068,
        0.004385347372308238,
        0.039419349104943664,
        0.999213132241849,
        0.5841438894115775,
        0,
        0,
        0,
        1
      ],
      "fov": 10,
      "aspect": 1.5786026200873362
    },
    {
      "camera_to_world": [
        0.9041875460282296,
        -0.4269411171071014,
        0.012890466662950241,
        0.014554874423912949,
        0.4271048269157276,
        0.9033477661143788,
        -0.03929733173445583,
        -0.04014104016445918,
        0.005133072445888947,
        0.041037738479377195,
        0.9991444117782791,
        0.5840746215327302,
        0,
        0,
        0,
        1
      ],
      "fov": 10,
      "aspect": 1.5786026200873362
    },
    {
      "camera_to_world": [
        0.9082258429892636,
        -0.4182927411611981,
        0.012529996739533802,
        0.01410156468168613,
        0.4184391364318409,
        0.9073088977364855,
        -0.04122199886442678,
        -0.040397025844002725,
        0.005874285370756703,
        0.042681925683530776,
        0.9990714418855783,
        0.5840062177329415,
        0,
        0,
        0,
        1
      ],
      "fov": 10,
      "aspect": 1.5786026200873362
    },
    {
      "camera_to_world": [
        0.9121809632843083,
        -0.40960714158533484,
        0.012160583209819234,
        0.013642631147674033,
        0.40973453357554646,
        0.9111834904729713,
        -0.043153895364405566,
        -0.0406560631998883,
        0.0065956210731766985,
        0.04434677273245562,
        0.9989944251750733,
        0.5839381595647762,
        0,
        0,
        0,
        1
      ],
      "fov": 10,
      "aspect": 1.5786026200873362
    },
    {
      "camera_to_world": [
        0.9160120733529556,
        -0.4009772361698608,
        0.011795657895994696,
        0.013186509509554576,
        0.4010845528854753,
        0.9149310589156027,
        -0.045081469233292606,
        -0.04091357471760286,
        0.007284429166253667,
        0.04602622627539089,
        0.9989136717387387,
        0.5838699285807992,
        0,
        0,
        0,
        1
      ],
      "fov": 10,
      "aspect": 1.5786026200873362
    },
    {
      "camera_to_world": [
        0.9196833795959989,
        -0.3924938340551458,
        0.011448647237718412,
        0.012741635455005677,
        0.39258071261761623,
        0.9185162079540178,
        -0.04699318893644335,
        -0.04116498288263337,
        0.007928768853150154,
        0.04771337291015272,
        0.9988295994162418,
        0.5838010063335755,
        0,
        0,
        0,
        1
      ],
      "fov": 10,
      "aspect": 1.5786026200873362
    },
    {
      "camera_to_world": [
        0.9231638401734684,
        -0.3842454698921117,
        0.011132971910737985,
        0.012316444671705265,
        0.38431234455097363,
        0.9219083509089785,
        -0.048877544435270294,
        -0.04140571018046682,
        0.008517395253758568,
        0.049400520155949305,
        0.9987427309304497,
        0.5837308743756696,
        0,
        0,
        0,
        1
      ],
      "fov": 10,
      "aspect": 1.5786026200873362
    },
    {
      "camera_to_world": [
        0.9264267448735863,
        -0.3763183523564437,
        0.010862046891025101,
        0.011919372847331251,
        0.37636653614860305,
        0.9250812952966616,
        -0.050723047618935396,
        -0.04163117909659019,
        0.009039737298932628,
        0.05107929885953704,
        0.9986536879106712,
        0.5836590142596466,
        0,
        0,
        0,
        1
      ],
      "fov": 10,
      "aspect": 1.5786026200873362
    },
    {
      "camera_to_world": [
        0.9294491814687175,
        -0.3687964368858133,
        0.010649282016148122,
        0.011558855669561562,
        0.3688281949366608,
        0.9280127143100165,
        -0.05251823206011864,
        -0.041836812116490416,
        0.009485867746055575,
        0.05274078326384879,
        0.9985631818236742,
        0.5835849075380716,
        0,
        0,
        0,
        1
      ],
      "fov": 10,
      "aspect": 1.5786026200873362
    },
    {
      "camera_to_world": [
        0.9322114052984702,
        -0.3617616287298627,
        0.010508083087247605,
        0.011243328826074114,
        0.3617802412157256,
        0.9306835204936881,
        -0.05425165202430689,
        -0.042018031725654485,
        0.009846466236319231,
        0.05437562560736204,
        0.9984720018320319,
        0.5835080357635091,
        0,
        0,
        0,
        1
      ],
      "fov": 10,
      "aspect": 1.5786026200873362
    },
    {
      "camera_to_world": [
        0.9346961258488773,
        -0.35529411911909103,
        0.010451853543216674,
        0.010981228004546833,
        0.3553039319682635,
        0.9330771551847017,
        -0.0559118806723184,
        -0.04217026040956938,
        0.010112776621251339,
        0.05597420291360204,
        0.998380999597446,
        0.583427880488524,
        0,
        0,
        0,
        1
      ],
      "fov": 10,
      "aspect": 1.5786026200873362
    },
    {
      "camera_to_world": [
        0.9368877199585991,
        -0.34947285477350576,
        0.010493996723550477,
        0.010780988892657637,
        0.34947931627595014,
        0.9351788032174473,
        -0.057487507408803394,
        -0.042288920653722056,
        0.010276560031069838,
        0.05752677454228536,
        0.9982910710432548,
        0.5833439232656813,
        0,
        0,
        0,
        1
      ],
      "fov": 10,
      "aspect": 1.5786026200873362
    },
    {
      "camera_to_world": [
        0.9387713761057144,
        -0.3443761391727976,
        0.010647918717835608,
        0.010651047178084445,
        0.34438582079935337,
        0.9369745372738111,
        -0.05896713434518568,
        -0.042369434943599495,
        0.010330045350305548,
        0.05902365008168709,
        0.9982031350852867,
        0.5832556456475457,
        0,
        0,
        0,
        1
      ],
      "fov": 10,
      "aspect": 1.5786026200873362
    },
    {
      "camera_to_world": [
        0.9403321681046418,
        -0.3400823629713047,
        0.010927031778000019,
        0.010599838548505183,
        0.3401029628766251,
        0.9384503901888527,
        -0.06033937186390761,
        -0.04240722576468865,
        0.010265878928011849,
        0.060455368250005304,
        0.9981181093335555,
        0.5831625291866822,
        0,
        0,
        0,
        1
      ],
      "fov": 10,
      "aspect": 1.5786026200873362
    },
    {
      "camera_to_world": [
        0.9415540495011605,
        -0.33667086052752865,
        0.011344758244212641,
        0.010635798691597767,
        0.33671118843467573,
        0.9395913465278319,
        -0.06159283329190161,
        -0.042397715602476516,
        0.010077075512000652,
        0.06181288863715277,
        0.9980368827590774,
        0.5830640554356558,
        0,
        0,
        0,
        1
      ],
      "fov": 10,
      "aspect": 1.5786026200873362
    },
    {
      "camera_to_world": [
        0.9424187519374946,
        -0.33422288948325096,
        0.011914534906654839,
        0.01076736329504012,
        0.3342928319337154,
        0.9403802367748615,
        -0.0627161287149667,
        -0.042336326942450056,
        0.00975697259973723,
        0.06308779936502894,
        0.9979602853104756,
        0.5829597059470311,
        0,
        0,
        0,
        1
      ],
      "fov": 10,
      "aspect": 1.5786026200873362
    },
    {
      "camera_to_world": [
        0.9429045616105465,
        -0.3328227303030129,
        0.012649817693195717,
        0.011002968046510159,
        0.33293319562107426,
        0.9407965083592026,
        -0.06369785799124297,
        -0.042218482270096225,
        0.009299190693960081,
        0.06427254509338345,
        0.9978890544542798,
        0.582848962273373,
        0,
        0,
        0,
        1
      ],
      "fov": 10,
      "aspect": 1.5786026200873362
    },
    {
      "camera_to_world": [
        0.9429849373965602,
        -0.3325589021506085,
        0.013564086537166137,
        0.011351048633685811,
        0.3327217449395973,
        0.9408148372251587,
        -0.06452660305136008,
        -0.042039604070902015,
        0.008697602402696495,
        0.0653606812799571,
        0.9978237986012681,
        0.5827313059672465,
        0,
        0,
        0,
        1
      ],
      "fov": 10,
      "aspect": 1.5786026200873362
    },
    {
      "camera_to_world": [
        0.9426269218891151,
        -0.3335254897052005,
        0.014670850239782283,
        0.011820040744244989,
        0.33375341529858615,
        0.9404035313510642,
        -0.06519091960524509,
        -0.041795114830354405,
        0.007946314012257857,
        0.06634716225547437,
        0.9977649573693519,
        0.5826062185812164,
        0,
        0,
        0,
        1
      ],
      "fov": 10,
      "aspect": 1.5786026200873362
    },
    {
      "camera_to_world": [
        0.9417892820285186,
        -0.3358235714683838,
        0.015983651098124746,
        0.012418380065865618,
        0.33613002154561095,
        0.9395226630769471,
        -0.06567932841121688,
        -0.041480437033940325,
        0.007039664193296808,
        0.06722867253650543,
        0.9977127586219519,
        0.5824731816678478,
        0,
        0,
        0,
        1
      ],
      "fov": 10,
      "aspect": 1.5786026200873362
    },
    {
      "camera_to_world": [
        0.9404202986790595,
        -0.33956273228729794,
        0.01751606902171208,
        0.013154502286225625,
        0.3399617538929134,
        0.9381218497990187,
        -0.06598030630211982,
        -0.041090993167146775,
        0.005972246013244805,
        0.06800401290550592,
        0.9976671722104046,
        0.5823316767797051,
        0,
        0,
        0,
        1
      ],
      "fov": 10,
      "aspect": 1.5786026200873362
    },
    {
      "camera_to_world": [
        0.9384551039804967,
        -0.3448626290298346,
        0.019281724808381324,
        0.014036843093002922,
        0.34536873058413914,
        0.9361375820753856,
        -0.06608227720615392,
        -0.04062220571546073,
        0.004738960609231486,
        0.06867455514731254,
        0.9976278603405495,
        0.5821811854693535,
        0,
        0,
        0,
        1
      ],
      "fov": 10,
      "aspect": 1.5786026200873362
    },
    {
      "camera_to_world": [
        0.9358124413580655,
        -0.35185455538522614,
        0.02129428219316507,
        0.015073838173875427,
        0.352482555049541,
        0.9334899742546546,
        -0.06597360344707168,
        -0.04006949716436914,
        0.003335113971761617,
        0.0692447819023858,
        0.9975941244785307,
        0.5820211892893576,
        0,
        0,
        0,
        1
      ],
      "fov": 10,
      "aspect": 1.5786026200873362
    },
    {
      "camera_to_world": [
        0.9323906961476915,
        -0.360682914928792,
        0.023567448221924168,
        0.016273923216521068,
        0.36144778902329655,
        0.930078785807061,
        -0.06564257765987898,
        -0.039428289999359004,
        0.0017565726269867421,
        0.06972293073395894,
        0.9975648487103351,
        0.5818511697922826,
        0,
        0,
        0,
        1
      ],
      "fov": 10,
      "aspect": 1.5786026200873362
    },
    {
      "camera_to_world": [
        0.9280630166324775,
        -0.3715064540839107,
        0.026114971434503836,
        0.017645533908617766,
        0.37242319632244414,
        0.9257785333463421,
        -0.06507741571444109,
        -0.038694006705917265,
        -3.4694469519536134e-18,
        0.07012176387609724,
        0.9975384394753443,
        0.581670608530693,
        0,
        0,
        0,
        1
      ],
      "fov": 10,
      "aspect": 1.5786026200873362
    },
    {
      "camera_to_world": [
        0.9225054485666108,
        -0.3848914667666145,
        0.029021650110917015,
        0.01924809748717291,
        0.3859789535343932,
        0.9202688506293415,
        -0.06422997734582878,
        -0.03783882016636961,
        -0.0019861503999180417,
        0.07045425020249009,
        0.9975130344185955,
        0.5815275642036976,
        0,
        0,
        0,
        1
      ],
      "fov": 10,
      "aspect": 1.5786026200873362
    },
    {
      "camera_to_world": [
        0.9153889248197794,
        -0.40126915382091966,
        0.03234474469108367,
        0.021122851225594666,
        0.4025484222452777,
        0.9132232135313179,
        -0.06307241881655326,
        -0.03684420344686536,
        -0.004228955559684485,
        0.07075611958958958,
        0.9974846803212057,
        0.5814645410535572,
        0,
        0,
        0,
        1
      ],
      "fov": 10,
      "aspect": 1.5786026200873362
    },
    {
      "camera_to_world": [
        0.9065262025893546,
        -0.42060689468160434,
        0.03605667989738147,
        0.023250945866162137,
        0.4220965003056295,
        0.9044540403291447,
        -0.061623318330202424,
        -0.035719529308627075,
        -0.006692417251198891,
        0.07108255115415843,
        0.9974479848457023,
        0.5814726889475651,
        0,
        0,
        0,
        1
      ],
      "fov": 10,
      "aspect": 1.5786026200873362
    },
    {
      "camera_to_world": [
        0.8956910197579853,
        -0.44286250376838043,
        0.040129787949869704,
        0.025613532151154406,
        0.44457891414846634,
        0.8937345401675605,
        -0.05990125880188062,
        -0.03447417051287723,
        -0.00933735612851992,
        0.07149387713280472,
        0.9973973327180341,
        0.5815431577530148,
        0,
        0,
        0,
        1
      ],
      "fov": 10,
      "aspect": 1.5786026200873362
    },
    {
      "camera_to_world": [
        0.8826210621614922,
        -0.46797070515777034,
        0.04453627446316863,
        0.028191760822850555,
        0.46992888238420105,
        0.8808016549765543,
        -0.057924865918696174,
        -0.033117499820838336,
        -0.012120483903507433,
        0.07205458836675453,
        0.9973270427323437,
        0.5816670973372,
        0,
        0,
        0,
        1
      ],
      "fov": 10,
      "aspect": 1.5786026200873362
    },
    {
      "camera_to_world": [
        0.8670233628527008,
        -0.4958276957672636,
        0.04924819161877892,
        0.030966782623529684,
        0.4980418484019826,
        0.8653614253855969,
        -0.05571284138279357,
        -0.03165888999373292,
        -0.01499351552941195,
        0.07283199547406045,
        0.9972315152096507,
        0.5818356575674141,
        0,
        0,
        0,
        1
      ],
      "fov": 10,
      "aspect": 1.5786026200873362
    },
    {
      "camera_to_world": [
        0.8485834264262507,
        -0.5262741402817829,
        0.05423741942012231,
        0.03391974829547088,
        0.5287586136402385,
        0.8470980727416975,
        -0.05328399064029338,
        -0.030107713792783472,
        -0.017902427096265758,
        0.07389441405121239,
        0.997105369896327,
        0.5820399883109504,
        0,
        0,
        0,
        1
      ],
      "fov": 10,
      "aspect": 1.5786026200873362
    },
    {
      "camera_to_world": [
        0.8269794164457702,
        -0.5590775359239366,
        0.05947565552587743,
        0.037031808580953236,
        0.5618477950065297,
        0.8256881365354717,
        -0.05065724460411189,
        -0.02847334397921252,
        -0.020787015690424356,
        0.07530876449524125,
        0.9969435741148475,
        0.5822712394351025,
        0,
        0,
        0,
        1
      ],
      "fov": 10,
      "aspect": 1.5786026200873362
    },
    {
      "camera_to_world": [
        0.801902536535463,
        -0.5939156874463112,
        0.0649344138586475,
        0.04028411422225584,
        0.5969893297233002,
        0.8008208022954075,
        -0.047851675074804804,
        -0.026765153314242562,
        -0.0235809689053539,
        0.07713753182540609,
        0.9967415608317782,
        0.582520560807164,
        0,
        0,
        0,
        1
      ],
      "fov": 10,
      "aspect": 1.5786026200873362
    },
    {
      "camera_to_world": [
        0.7730841077685818,
        -0.6303639548603981,
        0.07058503190063582,
        0.043657815961657784,
        0.6337616723468605,
        0.7722249312506061,
        -0.04488650375232215,
        -0.024992514559096107,
        -0.026212687381620452,
        0.07943513056421851,
        0.9964953361920361,
        0.5827791022944282,
        0,
        0,
        0,
        1
      ],
      "fov": 10,
      "aspect": 1.5786026200873362
    },
    {
      "camera_to_world": [
        0.740328652806922,
        -0.667889756293722,
        0.07639868631724328,
        0.04713406454143815,
        0.6716361513369169,
        0.7397021153745625,
        -0.041781104912766195,
        -0.023164800474995674,
        -0.02860709790283266,
        0.08224386875816252,
        0.996201575988147,
        0.5830380137641886,
        0,
        0,
        0,
        1
      ],
      "fov": 10,
      "aspect": 1.5786026200873362
    },
    {
      "camera_to_world": [
        0.7035505245968725,
        -0.7058581493917022,
        0.0823464162959567,
        0.050694010703876045,
        0.7099823012994136,
        0.7031633122274038,
        -0.038555001996825884,
        -0.021291383823163767,
        -0.030688616473448678,
        0.08558989002626316,
        0.9958577104909304,
        0.5832884450837389,
        0,
        0,
        0,
        1
      ],
      "fov": 10,
      "aspect": 1.5786026200873362
    },
    {
      "camera_to_world": [
        0.6628095100992039,
        -0.7435517083145173,
        0.08839915375509332,
        0.054318805191250534,
        0.7480873940133238,
        0.6626645070490389,
        -0.03522785851862713,
        -0.01938163736482289,
        -0.032385247264883794,
        0.0894796522122062,
        0.9954619970644659,
        0.5835215461203723,
        0,
        0,
        0,
        1
      ],
      "fov": 10,
      "aspect": 1.5786026200873362
    },
    {
      "camera_to_world": [
        0.6183389976895053,
        -0.7802059898802475,
        0.09452775936898784,
        0.05798959874584072,
        0.7851914855635285,
        0.6184350028245977,
        -0.03181946385279283,
        -0.01744493386119557,
        -0.03363353883963591,
        0.0938976071916807,
        0.9950135800223028,
        0.5837284667413822,
        0,
        0,
        0,
        1
      ],
      "fov": 10,
      "aspect": 1.5786026200873362
    },
    {
      "camera_to_world": [
        0.5705596030776129,
        -0.8150586680740324,
        0.10070306317734877,
        0.06168754210992571,
        0.820536100713929,
        0.5708912340435848,
        -0.02834971459069508,
        -0.0154906460735043,
        -0.03438381539471483,
        0.09880570069372077,
        0.9945125372509515,
        0.5839003568140626,
        0,
        0,
        0,
        1
      ],
      "fov": 10,
      "aspect": 1.5786026200873362
    },
    {
      "camera_to_world": [
        0.5200724353616307,
        -0.8474065888014857,
        0.1068959084008943,
        0.06539378602578456,
        0.8534208608377405,
        0.5206302705576712,
        -0.024838592271227134,
        -0.013528146762971597,
        -0.034604858965074106,
        0.10414506534097512,
        0.9939599132264497,
        0.5840283662057063,
        0,
        0,
        0,
        1
      ],
      "fov": 10,
      "aspect": 1.5786026200873362
    },
    {
      "camera_to_world": [
        0.4676297071707063,
        -0.8766618529942724,
        0.1130771969766149,
        0.06908948123569639,
        0.8832592189116055,
        0.46840068389661765,
        -0.021306138384078105,
        -0.01156680869081997,
        -0.03428715764102067,
        0.10983985993176362,
        0.9933577381744556,
        0.5841036447836073,
        0,
        0,
        0,
        1
      ],
      "fov": 10,
      "aspect": 1.5786026200873362
    },
    {
      "camera_to_world": [
        0.414085410171902,
        -0.9023970063092257,
        0.1192179352568859,
        0.07275577848194024,
        0.9096234220301573,
        0.41505345548606615,
        -0.01777242761196681,
        -0.009616004618271931,
        -0.033444030512398346,
        0.11580272921319,
        0.9927090332669801,
        0.584117342415059,
        0,
        0,
        0,
        1
      ],
      "fov": 10,
      "aspect": 1.5786026200873362
    },
    {
      "camera_to_world": [
        0.360333640370619,
        -0.92437128058108,
        0.12528927828889394,
        0.07637382850679529,
        0.932270664551314,
        0.3614804705112803,
        -0.014257540320640008,
        -0.007685107306549987,
        -0.03211036646176172,
        0.12194099013800876,
        0.9920178019016864,
        0.5840606089673546,
        0,
        0,
        0,
        1
      ],
      "fov": 10,
      "aspect": 1.5786026200873362
    },
    {
      "camera_to_world": [
        0.30724502908319634,
        -0.942534152978334,
        0.13126257110494274,
        0.07992478205254056,
        0.9511466884132188,
        0.30855102595308603,
        -0.010781535320421982,
        -0.005783489516876647,
        -0.03033923572263007,
        0.12816253295215552,
        0.9912890072643065,
        0.583924594307788,
        0,
        0,
        0,
        1
      ],
      "fov": 10,
      "aspect": 1.5786026200873362
    },
    {
      "camera_to_world": [
        0.25561155946766634,
        -0.9570077048131596,
        0.1371093855093671,
        0.08338978986145515,
        0.9663682818447455,
        0.257056626261422,
        -0.007364423910266364,
        -0.00392052401047442,
        -0.028197065644179443,
        0.1343805931797601,
        0.9905285365226555,
        0.5837004483036522,
        0,
        0,
        0,
        1
      ],
      "fov": 10,
      "aspect": 1.5786026200873362
    },
    {
      "camera_to_world": [
        0.20610710359144074,
        -0.9680535000183195,
        0.14280155094195857,
        0.08675000267581816,
        0.9781903562688437,
        0.2076714160629973,
        -0.004026146174976541,
        -0.0021055835485658293,
        -0.02575827540383737,
        0.14051691731841806,
        0.9897431521336982,
        0.5833793208222411,
        0,
        0,
        0,
        1
      ],
      "fov": 10,
      "aspect": 1.5786026200873362
    },
    {
      "camera_to_world": [
        0.1592666661461218,
        -0.9760317225874591,
        0.14831117812780373,
        0.08998657123790868,
        0.9869653030781921,
        0.16093126439004513,
        -0.0007865504396859207,
        -0.00034804089237336355,
        -0.023100207238736088,
        0.14650325813707604,
        0.988940430855544,
        0.5829523617308476,
        0,
        0,
        0,
        1
      ],
      "fov": 10,
      "aspect": 1.5786026200873362
    },
    {
      "camera_to_world": [
        0.1154832065209465,
        -0.9813599694946685,
        0.15361067438515977,
        0.09308064629000581,
        0.9931019996691541,
        0.11723040470436706,
        0.0023346233053326455,
        0.0013427311968804562,
        -0.020298947380785817,
        0.1522814581171111,
        0.9881286911374241,
        0.5824107208967659,
        0,
        0,
        0,
        1
      ],
      "fov": 10,
      "aspect": 1.5786026200873362
    },
    {
      "camera_to_world": [
        0.07501816436734891,
        -0.9844771371306259,
        0.15867274965172867,
        0.0960133785743886,
        0.9970298884295842,
        0.07683178415577038,
        0.0053177553095471826,
        0.002957359957973117,
        -0.017426318975748405,
        0.1578025456402014,
        0.9873169096072585,
        0.5817455481872892,
        0,
        0,
        0,
        1
      ],
      "fov": 10,
      "aspect": 1.5786026200873362
    },
    {
      "camera_to_world": [
        0.03802075427387941,
        -0.9858153206769396,
        0.1634704125004523,
        0.0987659188333362,
        0.9991710445632244,
        0.03988620704909556,
        0.008143352729188879,
        0.004486472629682117,
        -0.014548056601504865,
        0.16302528640017605,
        0.9865146273843385,
        0.5809479934697108,
        0,
        0,
        0,
        1
      ],
      "fov": 10,
      "aspect": 1.5786026200873362
    },
    {
      "camera_to_world": [
        0.0045513966180949625,
        -0.9857804152860058,
        0.16797695564384602,
        0.10131941780912762,
        0.9999209249919321,
        0.006455649178036248,
        0.010792050637816655,
        0.00592069645078494,
        -0.011722992455165735,
        0.167914553961948,
        0.9857318469115502,
        0.5800092066113245,
        0,
        0,
        0,
        1
      ],
      "fov": 10,
      "aspect": 1.5786026200873362
    },
    {
      "camera_to_world": [
        -0.025394282082346967,
        -0.9847405865278686,
        0.17216593066652777,
        0.10365502624404205,
        0.9996369722873376,
        -0.02346282204510084,
        0.013244607124582702,
        0.007250658660059077,
        -0.009003003594734847,
        0.17243976695191104,
        0.9849789199266367,
        0.5789203374794234,
        0,
        0,
        0,
        1
      ],
      "fov": 10,
      "aspect": 1.5786026200873362
    },
    {
      "camera_to_world": [
        -0.051863164629405385,
        -0.9830210072098134,
        0.1760111119754296,
        0.10575389488035848,
        0.9986334776551867,
        -0.049914810568267846,
        0.015481892398596219,
        0.008466986496282025,
        -0.006433464147018262,
        0.17657352879222282,
        0.984266427075988,
        0.5776725359413011,
        0,
        0,
        0,
        1
      ],
      "fov": 10,
      "aspect": 1.5786026200873362
    },
    {
      "camera_to_world": [
        -0.07492521775647194,
        -0.9809030665329641,
        0.17948645021386037,
        0.10759717446035609,
        0.9971809148577608,
        -0.07296918729519493,
        0.017484872001766055,
        0.009560307198231269,
        -0.004053984161863832,
        0.18029052047100555,
        0.9836050495197294,
        0.5762569518642513,
        0,
        0,
        0,
        1
      ],
      "fov": 10,
      "aspect": 1.5786026200873362
    },
    {
      "camera_to_world": [
        -0.09465721924682587,
        -0.9786264153264936,
        0.18256601564824612,
        0.1091660157263139,
        0.9955081132843756,
        -0.09270181846635532,
        0.019234584425297827,
        0.010521248004684285,
        -0.0018992707656745184,
        0.1835666420628983,
        0.9830054326870785,
        0.5746647351155674,
        0,
        0,
        0,
        1
      ],
      "fov": 10,
      "aspect": 1.5786026200873362
    },
    {
      "camera_to_world": [
        -0.11112938503963199,
        -0.9763925208039402,
        0.1852239323058451,
        0.11044156942051106,
        0.9938059467424782,
        -0.10918218063586888,
        0.020712113626650333,
        0.011340436154418604,
        -3.1225022567582534e-17,
        0.18637836985477568,
        0.9824780421211847,
        0.5728870355625428,
        0,
        0,
        0,
        1
      ],
      "fov": 10,
      "aspect": 1.5786026200873362
    },
    {
      "camera_to_world": [
        -0.12491308653652396,
        -0.9742875774035658,
        0.18751116587822186,
        0.1114548537574695,
        0.992166299536063,
        -0.12297798470253259,
        0.0219647295321207,
        0.012035273631603161,
        0.0016597821647515855,
        0.18878594173188537,
        0.982016860001686,
        0.5709152744716249,
        0,
        0,
        0,
        1
      ],
      "fov": 10,
      "aspect": 1.5786026200873362
    },
    {
      "camera_to_world": [
        -0.13668094325316976,
        -0.9723197949663342,
        0.18950603174582512,
        0.1122563955035538,
        0.9906102148093248,
        -0.13475809878850417,
        0.02305769126194834,
        0.012632607759028277,
        0.0031180229068066626,
        0.190878157806318,
        0.9816087850083755,
        0.5687530189178267,
        0,
        0,
        0,
        1
      ],
      "fov": 10,
      "aspect": 1.5786026200873362
    },
    {
      "camera_to_world": [
        -0.14662484320857969,
        -0.9705332053299776,
        0.19122356733932963,
        0.11285660822880703,
        0.9891824724795972,
        -0.1447137919868384,
        0.023999053063426243,
        0.013137233783403427,
        0.0043808096523936454,
        0.19267385852966606,
        0.9812530727320449,
        0.5664096374812899,
        0,
        0,
        0,
        1
      ],
      "fov": 10,
      "aspect": 1.5786026200873362
    },
    {
      "camera_to_world": [
        -0.15491439317711928,
        -0.9689563766409368,
        0.19267867280379464,
        0.11326590550327208,
        0.9879128342106873,
        -0.15301421239316823,
        0.024796830593964286,
        0.013553946951438097,
        0.005455528239526836,
        0.19419111970573022,
        0.9809485441342284,
        0.5638944987421559,
        0,
        0,
        0,
        1
      ],
      "fov": 10,
      "aspect": 1.5786026200873362
    },
    {
      "camera_to_world": [
        -0.16169979325182093,
        -0.9676059885689596,
        0.19388612056515125,
        0.11349470089699198,
        0.9868195619705623,
        -0.15980923420274215,
        0.025459001861048276,
        0.013887542509841769,
        0.006350509786318759,
        0.19544733190560334,
        0.9806936379300291,
        0.5612169712805667,
        0,
        0,
        0,
        1
      ],
      "fov": 10,
      "aspect": 1.5786026200873362
    },
    {
      "camera_to_world": [
        -0.1671145448012807,
        -0.9664895698337295,
        0.19486056635059157,
        0.11355340798000975,
        0.9859121038397224,
        -0.16523214269949976,
        0.025993509214122815,
        0.014142815705323919,
        0.0070747733669196435,
        0.19645928438621754,
        0.9804864594476876,
        0.5583864236766637,
        0,
        0,
        0,
        1
      ],
      "fov": 10,
      "aspect": 1.5786026200873362
    },
    {
      "camera_to_world": [
        -0.171277941901934,
        -0.9656075950446277,
        0.1956165611853149,
        0.11345244032236833,
        0.9851931435168859,
        -0.16940210641826972,
        0.026408262123243917,
        0.014324561784594033,
        0.0076378390369569935,
        0.1972432476237996,
        0.9803248261069706,
        0.5554122245105886,
        0,
        0,
        0,
        1
      ],
      "fov": 10,
      "aspect": 1.5786026200873362
    },
    {
      "camera_to_world": [
        -0.17429733161176927,
        -0.9649550946597649,
        0.1961685639524872,
        0.11320221149411072,
        0.9846601668884294,
        -0.17242642116480572,
        0.026711140513788718,
        0.014437575994361585,
        0.008049592304413412,
        0.19781505143557995,
        0.9802063096559172,
        0.5523037423624831,
        0,
        0,
        0,
        1
      ],
      "fov": 10,
      "aspect": 1.5786026200873362
    },
    {
      "camera_to_world": [
        -0.17627014818090964,
        -0.9645228970410805,
        0.19653095416183464,
        0.11281313506527994,
        0.9843066642894052,
        -0.17440253042442652,
        0.026909998458218717,
        0.014486653581336058,
        0.008320186040258812,
        0.19819015733642767,
        0.9801282752982986,
        0.5490703458124891,
        0,
        0,
        0,
        1
      ],
      "fov": 10,
      "aspect": 1.5786026200873362
    },
    {
      "camera_to_world": [
        -0.1772857362930405,
        -0.9642985941220632,
        0.1967180446254153,
        0.11229562460591895,
        0.9841230596952183,
        -0.17541983679354436,
        0.02701266805497459,
        0.014476589792226942,
        0.008459969453637564,
        0.1983837247193899,
        0.9800879178335505,
        0.5457214034407478,
        0,
        0,
        0,
        1
      ],
      "fov": 10,
      "aspect": 1.5786026200873362
    },
    {
      "camera_to_world": [
        -0.1774269824708264,
        -0.9642673008306113,
        0.1967440937871943,
        0.11166009368607076,
        0.9840974367658005,
        -0.1755613231978962,
        0.02702696335116613,
        0.014412179873743707,
        0.008479436436374005,
        0.19841067094753514,
        0.9800822949180698,
        0.5422662838274012,
        0,
        0,
        0,
        1
      ],
      "fov": 10,
      "aspect": 1.5786026200873362
    },
    {
      "camera_to_world": [
        -0.1767717742657948,
        -0.9644122618670876,
        0.19662331749650344,
        0.11091695587577834,
        0.9842161151673001,
        -0.17490500322460073,
        0.02696068418995253,
        0.01429821907259583,
        0.00838918755964128,
        0.19828572567739292,
        0.9801083575425112,
        0.5387143555525908,
        0,
        0,
        0,
        1
      ],
      "fov": 10,
      "aspect": 1.5786026200873362
    },
    {
      "camera_to_world": [
        -0.17539430530753736,
        -0.9647153466272899,
        0.19636990005465316,
        0.11007662474508469,
        0.9844641178232658,
        -0.17352521841270122,
        0.02682161988552324,
        0.014139502635492808,
