{
  "trex_0_100_even_odd_no_init": {
    "best": {
      "psnr": 12.070490837097168,
      "distortion": 0.1902969479560852,
      "rotation_rmse": 31.78199577331543,
      "translation_rmse_100": 43.97969055175781,
      "t_final": [
        [
          [
            0.85986328125,
            -0.434814453125,
            0.267822265625,
            0.23721300065517426
          ],
          [
            0.2890625,
            0.8466796875,
            0.446533203125,
            0.2045716643333435
          ],
          [
            -0.4208984375,
            -0.306396484375,
            0.85400390625,
            0.3228195607662201
          ]
        ]
      ]
    },
    "stats_list": [
      {
        "psnr": 11.394901275634766,
        "distortion": 0.13840457797050476,
        "rotation_rmse": 25.50287628173828,
        "translation_rmse_100": 19.05708122253418,
        "t_final": [
          [
            [
              0.87255859375,
              -0.417724609375,
              0.253662109375,
              -0.07526634633541107
            ],
            [
              0.355712890625,
              0.89892578125,
              0.256103515625,
              -0.06839475780725479
            ],
            [
              -0.3349609375,
              -0.1331787109375,
              0.9326171875,
              0.08402933925390244
            ]
          ]
        ]
      },
      {
        "psnr": 10.397576332092285,
        "distortion": 0.13138431310653687,
        "rotation_rmse": 25.26100730895996,
        "translation_rmse_100": 25.102476119995117,
        "t_final": [
          [
            [
              0.9921875,
              -0.10784912109375,
              0.06182861328125,
              0.15188242495059967
            ],
            [
              0.11279296875,
              0.990234375,
              -0.08367919921875,
              0.03467979654669762
            ],
            [
              -0.05218505859375,
              0.09002685546875,
              0.99462890625,
              -0.0603942945599556
            ]
          ]
        ]
      },
      {
        "psnr": 11.631048202514648,
        "distortion": 0.15504959225654602,
        "rotation_rmse": 27.425983428955078,
        "translation_rmse_100": 23.76866912841797,
        "t_final": [
          [
            [
              0.90380859375,
              -0.39306640625,
              0.170166015625,
              0.06618521362543106
            ],
            [
              0.345458984375,
              0.90380859375,
              0.2529296875,
              -0.10309526324272156
            ],
            [
              -0.253173828125,
              -0.169677734375,
              0.9521484375,
              0.06669112294912338
            ]
          ]
        ]
      },
      {
        "psnr": 12.070490837097168,
        "distortion": 0.1902969479560852,
        "rotation_rmse": 31.78199577331543,
        "translation_rmse_100": 43.97969055175781,
        "t_final": [
          [
            [
              0.85986328125,
              -0.434814453125,
              0.267822265625,
              0.23721300065517426
            ],
            [
              0.2890625,
              0.8466796875,
              0.446533203125,
              0.2045716643333435
            ],
            [
              -0.4208984375,
              -0.306396484375,
              0.85400390625,
              0.3228195607662201
            ]
          ]
        ]
      },
      {
        "psnr": 11.478462219238281,
        "distortion": 0.1613098382949829,
        "rotation_rmse": 38.44290542602539,
        "translation_rmse_100": 37.058563232421875,
        "t_final": [
          [
            [
              0.89599609375,
              -0.419921875,
              0.143310546875,
              0.15140825510025024
            ],
            [
              0.269287109375,
              0.771484375,
              0.57666015625,
              0.04083449766039848
            ],
            [
              -0.3525390625,
              -0.47802734375,
              0.80419921875,
              0.29328781366348267
            ]
          ]
        ]
      },
      {
        "psnr": 11.151407241821289,
        "distortion": 0.14149105548858643,
        "rotation_rmse": 20.954898834228516,
        "translation_rmse_100": 17.829933166503906,
        "t_final": [
          [
            [
              0.82958984375,
              -0.487060546875,
              0.272705078125,
              -0.06795497238636017
            ],
            [
              0.468505859375,
              0.873046875,
              0.1341552734375,
              -0.16489867866039276
            ],
            [
              -0.303466796875,
              0.0163116455078125,
              0.95263671875,
              0.03438888117671013
            ]
          ]
        ]
      },
      {
        "psnr": 12.004688262939453,
        "distortion": 0.18009312450885773,
        "rotation_rmse": 28.501955032348633,
        "translation_rmse_100": 25.139266967773438,
        "t_final": [
          [
            [
              0.8759765625,
              -0.390380859375,
              0.282470703125,
              -0.0008978636469691992
            ],
            [
              0.288330078125,
              0.89453125,
              0.342041015625,
              0.07286130636930466
            ],
            [
              -0.38623046875,
              -0.21826171875,
              0.89599609375,
              0.1323470026254654
            ]
          ]
        ]
      },
      {
        "psnr": 11.254851341247559,
        "distortion": 0.19795173406600952,
        "rotation_rmse": 33.020957946777344,
        "translation_rmse_100": 62.800933837890625,
        "t_final": [
          [
            [
              0.9892578125,
              -0.1173095703125,
              0.0869140625,
              0.6550796031951904
            ],
            [
              0.09246826171875,
              0.96435546875,
              0.2489013671875,
              0.3009181320667267
            ],
            [
              -0.11297607421875,
              -0.2381591796875,
              0.96484375,
              0.2840929925441742
            ]
          ]
        ]
      },
      {
        "psnr": 11.56823444366455,
        "distortion": 0.02683245576918125,
        "rotation_rmse": 16.68107795715332,
        "translation_rmse_100": 16.341657638549805,
        "t_final": [
          [
            [
              0.96337890625,
              -0.11676025390625,
              0.2413330078125,
              -0.47415891289711
            ],
            [
              0.17919921875,
              0.9501953125,
              -0.255615234375,
              0.015633998438715935
            ],
            [
              -0.199462890625,
              0.28955078125,
              0.93603515625,
              -0.34499436616897583
            ]
          ]
        ]
      },
      {
        "psnr": 11.787582397460938,
        "distortion": 0.0346493124961853,
        "rotation_rmse": 22.10957908630371,
        "translation_rmse_100": 17.528629302978516,
        "t_final": [
          [
            [
              0.97119140625,
              -0.16015625,
              0.1756591796875,
              0.0055835009552538395
            ],
            [
              0.174560546875,
              0.982421875,
              -0.0694580078125,
              0.07009690999984741
            ],
            [
              -0.161376953125,
              0.09814453125,
              0.98193359375,
              -0.10324077308177948
            ]
          ]
        ]
      }
    ]
  },
  "trex_0_100_even_odd_single_image": {
    "best": {
      "psnr": 14.659351348876953,
      "distortion": 0.015396405011415482,
      "rotation_rmse": 15.228647232055664,
      "translation_rmse_100": 12.648812294006348,
      "t_final": [
        [
          [
            0.6796875,
            -0.302734375,
            0.66796875,
            -0.33049625158309937
          ],
          [
            0.662109375,
            0.64501953125,
            -0.381103515625,
            -0.1986660212278366
          ],
          [
            -0.3154296875,
            0.70166015625,
            0.63916015625,
            -0.04203854873776436
          ]
        ]
      ]
    },
    "stats_list": [
      {
        "psnr": 13.89801025390625,
        "distortion": 0.22625993192195892,
        "rotation_rmse": 30.39378547668457,
        "translation_rmse_100": 89.03314208984375,
        "t_final": [
          [
            [
              0.84228515625,
              -0.411865234375,
              0.347900390625,
              1.2125109434127808
            ],
            [
              0.48095703125,
              0.28271484375,
              -0.830078125,
              -0.25330403447151184
            ],
            [
              0.2435302734375,
              0.8662109375,
              0.436279296875,
              -0.6575545072555542
            ]
          ]
        ]
      },
      {
        "psnr": 8.304315567016602,
        "distortion": 0.014641247689723969,
        "rotation_rmse": 12.341594696044922,
        "translation_rmse_100": 27.91679573059082,
        "t_final": [
          [
            [
              0.66748046875,
              -0.483642578125,
              0.56640625,
              0.18860475718975067
            ],
            [
              0.60986328125,
              0.791015625,
              -0.0428466796875,
              -0.2626883387565613
            ],
            [
              -0.42724609375,
              0.3740234375,
              0.8232421875,
              -0.12203900516033173
            ]
          ]
        ]
      },
      {
        "psnr": 13.376686096191406,
        "distortion": 0.036702968180179596,
        "rotation_rmse": 22.192670822143555,
        "translation_rmse_100": 34.38498306274414,
        "t_final": [
          [
            [
              0.994140625,
              -0.10650634765625,
              0.01212310791015625,
              0.24388238787651062
            ],
            [
              0.10284423828125,
              0.91552734375,
              -0.388916015625,
              0.2085174322128296
            ],
            [
              0.03033447265625,
              0.387939453125,
              0.92138671875,
              -0.38829514384269714
            ]
          ]
        ]
      },
      {
        "psnr": 14.659351348876953,
        "distortion": 0.015396405011415482,
        "rotation_rmse": 15.228647232055664,
        "translation_rmse_100": 12.648812294006348,
        "t_final": [
          [
            [
              0.6796875,
              -0.302734375,
              0.66796875,
              -0.33049625158309937
            ],
            [
              0.662109375,
              0.64501953125,
              -0.381103515625,
              -0.1986660212278366
            ],
            [
              -0.3154296875,
              0.70166015625,
              0.63916015625,
              -0.04203854873776436
            ]
          ]
        ]
      },
      {
        "psnr": 7.999972343444824,
        "distortion": 0.0237798560410738,
        "rotation_rmse": 8.891831398010254,
        "translation_rmse_100": 27.76895523071289,
        "t_final": [
          [
            [
              0.81689453125,
              -0.28759765625,
              0.50048828125,
              0.054737579077482224
            ],
            [
              0.50390625,
              0.7783203125,
              -0.375,
              -0.22443875670433044
            ],
            [
              -0.281494140625,
              0.55810546875,
              0.7802734375,
              -0.5373076796531677
            ]
          ]
        ]
      },
      {
        "psnr": 10.487128257751465,
        "distortion": 0.01131028588861227,
        "rotation_rmse": 15.860583305358887,
        "translation_rmse_100": 17.716373443603516,
        "t_final": [
          [
            [
              0.77294921875,
              0.03948974609375,
              0.63330078125,
              -0.48923981189727783
            ],
            [
              0.09912109375,
              0.978515625,
              -0.1820068359375,
              -0.04105828329920769
            ],
            [
              -0.62646484375,
              0.203369140625,
              0.75244140625,
              -0.010185777209699154
            ]
          ]
        ]
      },
      {
        "psnr": 12.111475944519043,
        "distortion": 0.011388037353754044,
        "rotation_rmse": 14.878070831298828,
        "translation_rmse_100": 12.644575119018555,
        "t_final": [
          [
            [
              0.7001953125,
              -0.035888671875,
              0.71337890625,
              -0.2758885324001312
            ],
            [
              0.54541015625,
              0.67138671875,
              -0.50146484375,
              0.06474167853593826
            ],
            [
              -0.4609375,
              0.740234375,
              0.48974609375,
              -0.02579524740576744
            ]
          ]
        ]
      },
      {
        "psnr": 8.278756141662598,
        "distortion": 0.028308125212788582,
        "rotation_rmse": 20.64063835144043,
        "translation_rmse_100": 27.259782791137695,
        "t_final": [
          [
            [
              0.97607421875,
              -0.095703125,
              0.1956787109375,
              -0.21232925355434418
            ],
            [
              0.1265869140625,
              0.98046875,
              -0.152099609375,
              -0.4765991270542145
            ],
            [
              -0.17724609375,
              0.1732177734375,
              0.96875,
              -0.4319468140602112
            ]
          ]
        ]
      },
      {
        "psnr": 10.523436546325684,
        "distortion": 0.013874085620045662,
        "rotation_rmse": 20.52032470703125,
        "translation_rmse_100": 13.159436225891113,
        "t_final": [
          [
            [
              0.8310546875,
              -0.447021484375,
              0.33154296875,
              -0.24575084447860718
            ],
            [
              0.552734375,
              0.59423828125,
              -0.583984375,
              -0.0823323130607605
            ],
            [
              0.0640869140625,
              0.66845703125,
              0.7412109375,
              -0.4249313175678253
            ]
          ]
        ]
      },
      {
        "psnr": 13.881410598754883,
        "distortion": 0.020649868994951248,
        "rotation_rmse": 6.8654375076293945,
        "translation_rmse_100": 28.888595581054688,
        "t_final": [
          [
            [
              0.708984375,
              -0.2464599609375,
              0.66064453125,
              0.021936388686299324
            ],
            [
              0.420654296875,
              0.89990234375,
              -0.11578369140625,
              -0.41615504026412964
            ],
            [
              -0.56591796875,
              0.360107421875,
              0.74169921875,
              0.04065212607383728
            ]
          ]
        ]
      }
    ]
  },
  "trex_0_100_even_odd_no_masks": {
    "best": {
      "psnr": 21.727266311645508,
      "distortion": 0.03033597022294998,
      "rotation_rmse": 0.012413064949214458,
      "translation_rmse_100": 0.05345502123236656,
      "t_final": [
        [
          [
            0.791015625,
            -0.07867431640625,
            0.60693359375,
            -0.24858522415161133
          ],
          [
            0.3564453125,
            0.865234375,
            -0.352294921875,
            -0.06820792704820633
          ],
          [
            -0.497314453125,
            0.494873046875,
            0.71240234375,
            -0.19757914543151855
          ]
        ]
      ]
    },
    "stats_list": [
      {
        "psnr": 21.2508487701416,
        "distortion": 0.03701898828148842,
        "rotation_rmse": 0.02291737124323845,
        "translation_rmse_100": 0.026854313910007477,
        "t_final": [
          [
            [
              0.79052734375,
              -0.07904052734375,
              0.60693359375,
              -0.24806039035320282
            ],
            [
              0.3564453125,
              0.86572265625,
              -0.3515625,
              -0.0683853030204773
            ],
            [
              -0.497802734375,
              0.494384765625,
              0.712890625,
              -0.19769908487796783
            ]
          ]
        ]
      },
      {
        "psnr": 11.34683609008789,
        "distortion": 0.04573887214064598,
        "rotation_rmse": 25.20016098022461,
        "translation_rmse_100": 25.08452796936035,
        "t_final": [
          [
            [
              0.81005859375,
              0.121337890625,
              0.5732421875,
              -0.4315613806247711
            ],
            [
              -0.07342529296875,
              0.99169921875,
              -0.10601806640625,
              -0.4038027822971344
            ],
            [
              -0.58154296875,
              0.043792724609375,
              0.8125,
              0.00849996879696846
            ]
          ]
        ]
      },
      {
        "psnr": 11.962203979492188,
        "distortion": 0.12239157408475876,
        "rotation_rmse": 14.786067962646484,
        "translation_rmse_100": 35.39841842651367,
        "t_final": [
          [
            [
              0.7041015625,
              -0.4208984375,
              0.57177734375,
              0.3496212661266327
            ],
            [
              0.66943359375,
              0.662109375,
              -0.3369140625,
              -0.17350953817367554
            ],
            [
              -0.23681640625,
              0.6201171875,
              0.748046875,
              -0.10752339661121368
            ]
          ]
        ]
      },
      {
        "psnr": 11.840940475463867,
        "distortion": 0.22229215502738953,
        "rotation_rmse": 11.878318786621094,
        "translation_rmse_100": 92.03596496582031,
        "t_final": [
          [
            [
              0.74365234375,
              -0.043701171875,
              0.66748046875,
              1.2937690019607544
            ],
            [
              0.4990234375,
              0.70068359375,
              -0.509765625,
              0.1820124387741089
            ],
            [
              -0.4453125,
              0.7119140625,
              0.54296875,
              -0.5175356864929199
            ]
          ]
        ]
      },
      {
        "psnr": 21.727266311645508,
        "distortion": 0.03033597022294998,
        "rotation_rmse": 0.012413064949214458,
        "translation_rmse_100": 0.05345502123236656,
        "t_final": [
          [
            [
              0.791015625,
              -0.07867431640625,
              0.60693359375,
              -0.24858522415161133
            ],
            [
              0.3564453125,
              0.865234375,
              -0.352294921875,
              -0.06820792704820633
            ],
            [
              -0.497314453125,
              0.494873046875,
              0.71240234375,
              -0.19757914543151855
            ]
          ]
        ]
      },
      {
        "psnr": 11.88796329498291,
        "distortion": 0.08524037152528763,
        "rotation_rmse": 5.452204704284668,
        "translation_rmse_100": 6.433457374572754,
        "t_final": [
          [
            [
              0.85595703125,
              -0.1484375,
              0.4951171875,
              -0.16587066650390625
            ],
            [
              0.34033203125,
              0.8828125,
              -0.32373046875,
              -0.053578708320856094
            ],
            [
              -0.38916015625,
              0.445556640625,
              0.80615234375,
              -0.1232328861951828
            ]
          ]
        ]
      },
      {
        "psnr": 12.706689834594727,
        "distortion": 0.036402516067028046,
        "rotation_rmse": 2.507591485977173,
        "translation_rmse_100": 5.4851460456848145,
        "t_final": [
          [
            [
              0.83154296875,
              -0.04833984375,
              0.55322265625,
              -0.3343396484851837
            ],
            [
              0.3212890625,
              0.8544921875,
              -0.408203125,
              -0.10407602787017822
            ],
            [
              -0.452880859375,
              0.51708984375,
              0.72607421875,
              -0.18202713131904602
            ]
          ]
        ]
      },
      {
        "psnr": 19.139284133911133,
        "distortion": 0.03779677674174309,
        "rotation_rmse": 0.012039141729474068,
        "translation_rmse_100": 0.03446055203676224,
        "t_final": [
          [
            [
              0.791015625,
              -0.07879638671875,
              0.60693359375,
              -0.24826548993587494
            ],
            [
              0.356689453125,
              0.865234375,
              -0.352294921875,
              -0.06841371953487396
            ],
            [
              -0.497314453125,
              0.4951171875,
              0.71240234375,
              -0.19739173352718353
            ]
          ]
        ]
      },
      {
        "psnr": 10.37990665435791,
        "distortion": 0.04181264713406563,
        "rotation_rmse": 4.981216907501221,
        "translation_rmse_100": 34.57550811767578,
        "t_final": [
          [
            [
              0.86572265625,
              -0.107421875,
              0.489013671875,
              -0.7278769016265869
            ],
            [
              0.3330078125,
              0.85302734375,
              -0.402099609375,
              0.24731679260730743
            ],
            [
              -0.3740234375,
              0.5107421875,
              0.77392578125,
              -0.3660171329975128
            ]
          ]
        ]
      },
      {
        "psnr": 21.43083953857422,
        "distortion": 0.02454344742000103,
        "rotation_rmse": 0.03950090333819389,
        "translation_rmse_100": 0.03203408420085907,
        "t_final": [
          [
            [
              0.7900390625,
              -0.0797119140625,
              0.60791015625,
              -0.2479570508003235
            ],
            [
              0.357177734375,
              0.86572265625,
              -0.350830078125,
              -0.06877154856920242
            ],
            [
              -0.498046875,
              0.494384765625,
              0.71240234375,
              -0.197618767619133
            ]
          ]
        ]
      }
    ]
  }
}