{
  "trex_30_70_even_odd_no_init": {
    "best": {
      "psnr": 11.900837898254395,
      "distortion": 0.06300892680883408,
      "rotation_rmse": 30.314224243164062,
      "translation_rmse_100": 18.45986557006836,
      "t_final": [
        [
          [
            1.0,
            0.00914764404296875,
            -0.001861572265625,
            0.00460137939080596
          ],
          [
            -0.00913238525390625,
            1.0,
            0.0086669921875,
            -0.009711083024740219
          ],
          [
            0.0019407272338867188,
            -0.00864410400390625,
            1.0,
            -0.00995937455445528
          ]
        ]
      ]
    },
    "stats_list": [
      {
        "psnr": 11.285014152526855,
        "distortion": 0.1274382323026657,
        "rotation_rmse": 22.980178833007812,
        "translation_rmse_100": 29.595895767211914,
        "t_final": [
          [
            [
              0.9541015625,
              -0.049163818359375,
              0.294677734375,
              0.028966955840587616
            ],
            [
              0.0626220703125,
              0.99755859375,
              -0.0364990234375,
              -0.02644479274749756
            ],
            [
              -0.292236328125,
              0.053314208984375,
              0.955078125,
              0.23207978904247284
            ]
          ]
        ]
      },
      {
        "psnr": 10.701534271240234,
        "distortion": 0.1021009087562561,
        "rotation_rmse": 26.37281036376953,
        "translation_rmse_100": 25.056716918945312,
        "t_final": [
          [
            [
              0.9716796875,
              -0.1705322265625,
              0.1646728515625,
              0.06110662966966629
            ],
            [
              0.1572265625,
              0.9833984375,
              0.09039306640625,
              -0.1662227213382721
            ],
            [
              -0.1773681640625,
              -0.061920166015625,
              0.982421875,
              0.0913839340209961
            ]
          ]
        ]
      },
      {
        "psnr": 11.770002365112305,
        "distortion": 0.1328294426202774,
        "rotation_rmse": 41.359519958496094,
        "translation_rmse_100": 39.349708557128906,
        "t_final": [
          [
            [
              0.88525390625,
              -0.4130859375,
              0.21240234375,
              0.002092092065140605
            ],
            [
              0.19189453125,
              0.74169921875,
              0.642578125,
              -0.38819220662117004
            ],
            [
              -0.4228515625,
              -0.5283203125,
              0.736328125,
              0.35011687874794006
            ]
          ]
        ]
      },
      {
        "psnr": 11.789371490478516,
        "distortion": 0.16646596789360046,
        "rotation_rmse": 29.619503021240234,
        "translation_rmse_100": 45.822601318359375,
        "t_final": [
          [
            [
              0.982421875,
              -0.10418701171875,
              0.1556396484375,
              0.2580980658531189
            ],
            [
              0.07989501953125,
              0.98486328125,
              0.1549072265625,
              -0.05004081502556801
            ],
            [
              -0.16943359375,
              -0.1396484375,
              0.9755859375,
              0.41392531991004944
            ]
          ]
        ]
      },
      {
        "psnr": 11.146832466125488,
        "distortion": 0.12345816940069199,
        "rotation_rmse": 23.42797088623047,
        "translation_rmse_100": 27.99886131286621,
        "t_final": [
          [
            [
              0.96875,
              -0.1600341796875,
              0.1893310546875,
              0.1378798484802246
            ],
            [
              0.1640625,
              0.986328125,
              -0.005809783935546875,
              -0.047903336584568024
            ],
            [
              -0.1859130859375,
              0.03668212890625,
              0.98193359375,
              0.09600218385457993
            ]
          ]
        ]
      },
      {
        "psnr": 11.57010555267334,
        "distortion": 0.1544875055551529,
        "rotation_rmse": 17.081010818481445,
        "translation_rmse_100": 36.904624938964844,
        "t_final": [
          [
            [
              0.966796875,
              -0.142333984375,
              0.2115478515625,
              0.2851826548576355
            ],
            [
              0.1973876953125,
              0.94287109375,
              -0.267822265625,
              -0.0417899526655674
            ],
            [
              -0.161376953125,
              0.300537109375,
              0.93994140625,
              0.1546112298965454
            ]
          ]
        ]
      },
      {
        "psnr": 11.726095199584961,
        "distortion": 0.16995985805988312,
        "rotation_rmse": 16.171648025512695,
        "translation_rmse_100": 28.312009811401367,
        "t_final": [
          [
            [
              0.8056640625,
              -0.35302734375,
              0.475830078125,
              0.08558737486600876
            ],
            [
              0.35888671875,
              0.9296875,
              0.08184814453125,
              0.18924188613891602
            ],
            [
              -0.47119140625,
              0.10491943359375,
              0.8759765625,
              0.053684111684560776
            ]
          ]
        ]
      },
      {
        "psnr": 10.889739990234375,
        "distortion": 0.16789591312408447,
        "rotation_rmse": 41.84232711791992,
        "translation_rmse_100": 42.6767692565918,
        "t_final": [
          [
            [
              0.982421875,
              -0.146240234375,
              0.11480712890625,
              0.2954499125480652
            ],
            [
              0.06268310546875,
              0.841796875,
              0.53564453125,
              -0.2040897011756897
            ],
            [
              -0.175048828125,
              -0.51904296875,
              0.83642578125,
              0.2852308452129364
            ]
          ]
        ]
      },
      {
        "psnr": 11.412808418273926,
        "distortion": 0.09505702555179596,
        "rotation_rmse": 32.681922912597656,
        "translation_rmse_100": 11.187634468078613,
        "t_final": [
          [
            [
              0.94775390625,
              -0.307373046875,
              -0.08355712890625,
              -0.13312916457653046
            ],
            [
              0.31787109375,
              0.92724609375,
              0.19775390625,
              0.08777080476284027
            ],
            [
              0.0167083740234375,
              -0.214111328125,
              0.9765625,
              -0.2052793800830841
            ]
          ]
        ]
      },
      {
        "psnr": 11.900837898254395,
        "distortion": 0.06300892680883408,
        "rotation_rmse": 30.314224243164062,
        "translation_rmse_100": 18.45986557006836,
        "t_final": [
          [
            [
              1.0,
              0.00914764404296875,
              -0.001861572265625,
              0.00460137939080596
            ],
            [
              -0.00913238525390625,
              1.0,
              0.0086669921875,
              -0.009711083024740219
            ],
            [
              0.0019407272338867188,
              -0.00864410400390625,
              1.0,
              -0.00995937455445528
            ]
          ]
        ]
      }
    ]
  },
  "trex_30_70_even_odd_single_image": {
    "best": {
      "psnr": 20.291637420654297,
      "distortion": 0.013956496492028236,
      "rotation_rmse": 8.763670921325684,
      "translation_rmse_100": 9.225875854492188,
      "t_final": [
        [
          [
            0.728515625,
            0.047332763671875,
            0.68359375,
            -0.23340067267417908
          ],
          [
            0.401611328125,
            0.779296875,
            -0.4814453125,
            0.06941461563110352
          ],
          [
            -0.55517578125,
            0.625,
            0.54833984375,
            -0.277183473110199
          ]
        ]
      ]
    },
    "stats_list": [
      {
        "psnr": 12.127226829528809,
        "distortion": 0.010488183237612247,
        "rotation_rmse": 10.499007225036621,
        "translation_rmse_100": 19.508920669555664,
        "t_final": [
          [
            [
              0.8583984375,
              -0.125,
              0.49755859375,
              -0.17713460326194763
            ],
            [
              0.4296875,
              0.705078125,
              -0.564453125,
              -0.1991434246301651
            ],
            [
              -0.2802734375,
              0.6982421875,
              0.65869140625,
              -0.500905454158783
            ]
          ]
        ]
      },
      {
        "psnr": 10.129545211791992,
        "distortion": 0.009730669669806957,
        "rotation_rmse": 10.782425880432129,
        "translation_rmse_100": 27.026887893676758,
        "t_final": [
          [
            [
              0.73876953125,
              -0.42724609375,
              0.52099609375,
              0.16971519589424133
            ],
            [
              0.5390625,
              0.8388671875,
              -0.07635498046875,
              -0.23912055790424347
            ],
            [
              -0.404296875,
              0.337158203125,
              0.85009765625,
              -0.07194853574037552
            ]
          ]
        ]
      },
      {
        "psnr": 13.33267593383789,
        "distortion": 0.06775470077991486,
        "rotation_rmse": 25.20960807800293,
        "translation_rmse_100": 42.19115447998047,
        "t_final": [
          [
            [
              0.99267578125,
              -0.08148193359375,
              -0.08917236328125,
              0.3599647581577301
            ],
            [
              0.033660888671875,
              0.8955078125,
              -0.443359375,
              0.3344728350639343
            ],
            [
              0.11602783203125,
              0.43701171875,
              0.89208984375,
              -0.2479608952999115
            ]
          ]
        ]
      },
      {
        "psnr": 13.994233131408691,
        "distortion": 0.012618029490113258,
        "rotation_rmse": 10.188472747802734,
        "translation_rmse_100": 11.562390327453613,
        "t_final": [
          [
            [
              0.732421875,
              -0.3662109375,
              0.57373046875,
              -0.10356266796588898
            ],
            [
              0.58984375,
              0.7626953125,
              -0.26611328125,
              -0.18031558394432068
            ],
            [
              -0.340087890625,
              0.53369140625,
              0.7744140625,
              -0.1150040477514267
            ]
          ]
        ]
      },
      {
        "psnr": 20.291637420654297,
        "distortion": 0.013956496492028236,
        "rotation_rmse": 8.763670921325684,
        "translation_rmse_100": 9.225875854492188,
        "t_final": [
          [
            [
              0.728515625,
              0.047332763671875,
              0.68359375,
              -0.23340067267417908
            ],
            [
              0.401611328125,
              0.779296875,
              -0.4814453125,
              0.06941461563110352
            ],
            [
              -0.55517578125,
              0.625,
              0.54833984375,
              -0.277183473110199
            ]
          ]
        ]
      },
      {
        "psnr": 10.103938102722168,
        "distortion": 0.008204645477235317,
        "rotation_rmse": 15.860583305358887,
        "translation_rmse_100": 17.716373443603516,
        "t_final": [
          [
            [
              0.77294921875,
              0.03948974609375,
              0.63330078125,
              -0.48923981189727783
            ],
            [
              0.09912109375,
              0.978515625,
              -0.1820068359375,
              -0.04105828329920769
            ],
            [
              -0.62646484375,
              0.203369140625,
              0.75244140625,
              -0.010185777209699154
            ]
          ]
        ]
      },
      {
        "psnr": 12.92647933959961,
        "distortion": 0.012814369052648544,
        "rotation_rmse": 26.716554641723633,
        "translation_rmse_100": 13.71037769317627,
        "t_final": [
          [
            [
              0.494873046875,
              0.083740234375,
              0.86474609375,
              -0.29167965054512024
            ],
            [
              0.640625,
              0.6376953125,
              -0.427978515625,
              -0.016269996762275696
            ],
            [
              -0.58740234375,
              0.765625,
              0.26220703125,
              0.030035976320505142
            ]
          ]
        ]
      },
      {
        "psnr": 7.685002326965332,
        "distortion": 0.025203777477145195,
        "rotation_rmse": 20.505401611328125,
        "translation_rmse_100": 26.334043502807617,
        "t_final": [
          [
            [
              0.93994140625,
              -0.119140625,
              0.319580078125,
              -0.08687634766101837
            ],
            [
              0.140380859375,
              0.9892578125,
              -0.044036865234375,
              -0.4334354102611542
            ],
            [
              -0.31103515625,
              0.08624267578125,
              0.9462890625,
              -0.41853687167167664
            ]
          ]
        ]
      },
      {
        "psnr": 10.681526184082031,
        "distortion": 0.009991255588829517,
        "rotation_rmse": 19.772397994995117,
        "translation_rmse_100": 15.527777671813965,
        "t_final": [
          [
            [
              0.8232421875,
              -0.448486328125,
              0.347900390625,
              -0.1548500955104828
            ],
            [
              0.56640625,
              0.60693359375,
              -0.5576171875,
              -0.036145757883787155
            ],
            [
              0.038909912109375,
              0.65625,
              0.75390625,
              -0.4478040635585785
            ]
          ]
        ]
      },
      {
        "psnr": 13.908560752868652,
        "distortion": 0.03464214503765106,
        "rotation_rmse": 12.843194961547852,
        "translation_rmse_100": 22.41161346435547,
        "t_final": [
          [
            [
              0.8330078125,
              -0.26123046875,
              0.487548828125,
              -0.058779872953891754
            ],
            [
              0.517578125,
              0.67919921875,
              -0.5205078125,
              -0.4069989323616028
            ],
            [
              -0.1953125,
              0.68603515625,
              0.701171875,
              -0.18004478514194489
            ]
          ]
        ]
      }
    ]
  },
  "trex_30_70_even_odd_no_masks": {
    "best": {
      "psnr": 19.570751190185547,
      "distortion": 0.037103988230228424,
      "rotation_rmse": 0.020148972049355507,
      "translation_rmse_100": 0.036567166447639465,
      "t_final": [
        [
          [
            0.79052734375,
            -0.07916259765625,
            0.60693359375,
            -0.24827536940574646
          ],
          [
            0.35693359375,
            0.865234375,
            -0.352294921875,
            -0.06813390552997589
          ],
          [
            -0.497314453125,
            0.4951171875,
            0.71240234375,
            -0.19752207398414612
          ]
        ]
      ]
    },
    "stats_list": [
      {
        "psnr": 19.051958084106445,
        "distortion": 0.041476961225271225,
        "rotation_rmse": 0.029741642996668816,
        "translation_rmse_100": 0.010370604693889618,
        "t_final": [
          [
            [
              0.791015625,
              -0.07916259765625,
              0.6064453125,
              -0.2475125789642334
            ],
            [
              0.356689453125,
              0.865234375,
              -0.352294921875,
              -0.06839630752801895
            ],
            [
              -0.496826171875,
              0.4951171875,
              0.712890625,
              -0.19745764136314392
            ]
          ]
        ]
      },
      {
        "psnr": 10.856280326843262,
        "distortion": 0.03661789745092392,
        "rotation_rmse": 5.926884651184082,
        "translation_rmse_100": 25.842615127563477,
        "t_final": [
          [
            [
              0.76513671875,
              -0.137939453125,
              0.62890625,
              -0.5754572153091431
            ],
            [
              0.32763671875,
              0.92431640625,
              -0.1959228515625,
              -0.3729475736618042
            ],
            [
              -0.55419921875,
              0.35595703125,
              0.75244140625,
              -0.18656478822231293
            ]
          ]
        ]
      },
      {
        "psnr": 19.570751190185547,
        "distortion": 0.037103988230228424,
        "rotation_rmse": 0.020148972049355507,
        "translation_rmse_100": 0.036567166447639465,
        "t_final": [
          [
            [
              0.79052734375,
              -0.07916259765625,
              0.60693359375,
              -0.24827536940574646
            ],
            [
              0.35693359375,
              0.865234375,
              -0.352294921875,
              -0.06813390552997589
            ],
            [
              -0.497314453125,
              0.4951171875,
              0.71240234375,
              -0.19752207398414612
            ]
          ]
        ]
      },
      {
        "psnr": 17.87735366821289,
        "distortion": 0.030462687835097313,
        "rotation_rmse": 0.03361661732196808,
        "translation_rmse_100": 0.034789081662893295,
        "t_final": [
          [
            [
              0.7900390625,
              -0.07940673828125,
              0.60791015625,
              -0.2471710592508316
            ],
            [
              0.35693359375,
              0.86572265625,
              -0.35107421875,
              -0.06861721724271774
            ],
            [
              -0.498046875,
              0.494384765625,
              0.71240234375,
              -0.19759106636047363
            ]
          ]
        ]
      },
      {
        "psnr": 11.286510467529297,
        "distortion": 0.03564397618174553,
        "rotation_rmse": 7.933835983276367,
        "translation_rmse_100": 18.714174270629883,
        "t_final": [
          [
            [
              0.8203125,
              -0.04974365234375,
              0.5693359375,
              -0.4831017553806305
            ],
            [
              0.2357177734375,
              0.93701171875,
              -0.2578125,
              -0.2909844219684601
            ],
            [
              -0.5205078125,
              0.345947265625,
              0.7802734375,
              -0.18939925730228424
            ]
          ]
        ]
      },
      {
        "psnr": 11.72535514831543,
        "distortion": 0.14117789268493652,
        "rotation_rmse": 40.88983917236328,
        "translation_rmse_100": 48.17775344848633,
        "t_final": [
          [
            [
              0.849609375,
              0.1009521484375,
              -0.51806640625,
              0.5179939270019531
            ],
            [
              -0.323974609375,
              0.87451171875,
              -0.36083984375,
              0.04511243477463722
            ],
            [
              0.41650390625,
              0.474365234375,
              0.775390625,
              -0.5092244744300842
            ]
          ]
        ]
      },
      {
        "psnr": 19.068145751953125,
        "distortion": 0.03219761699438095,
        "rotation_rmse": 0.017972232773900032,
        "translation_rmse_100": 0.010660230182111263,
        "t_final": [
          [
            [
              0.791015625,
              -0.0787353515625,
              0.60693359375,
              -0.24784311652183533
            ],
            [
              0.3564453125,
              0.86572265625,
              -0.351806640625,
              -0.06835354119539261
            ],
            [
              -0.497802734375,
              0.49462890625,
              0.71240234375,
              -0.19736580550670624
            ]
          ]
        ]
      },
      {
        "psnr": 18.04560089111328,
        "distortion": 0.03437722101807594,
        "rotation_rmse": 0.026371905580163002,
        "translation_rmse_100": 0.039542317390441895,
        "t_final": [
          [
            [
              0.79052734375,
              -0.0797119140625,
              0.60693359375,
              -0.24703127145767212
            ],
            [
              0.357177734375,
              0.865234375,
              -0.351806640625,
              -0.068477563560009
            ],
            [
              -0.4970703125,
              0.494873046875,
              0.712890625,
              -0.19761215150356293
            ]
          ]
        ]
      },
      {
        "psnr": 10.459188461303711,
        "distortion": 0.09131868928670883,
        "rotation_rmse": 20.048442840576172,
        "translation_rmse_100": 20.169677734375,
        "t_final": [
          [
            [
              0.80908203125,
              -0.449951171875,
              0.377685546875,
              -0.14903563261032104
            ],
            [
              0.58642578125,
              0.58251953125,
              -0.56298828125,
              -0.04672987759113312
            ],
            [
              0.033355712890625,
              0.67724609375,
              0.7353515625,
              -0.5318792462348938
            ]
          ]
        ]
      },
      {
        "psnr": 19.138307571411133,
        "distortion": 0.030066119506955147,
        "rotation_rmse": 0.03828231245279312,
        "translation_rmse_100": 0.04810428246855736,
        "t_final": [
          [
            [
              0.7900390625,
              -0.07916259765625,
              0.60791015625,
              -0.24687011539936066
            ],
            [
              0.356689453125,
              0.86572265625,
              -0.35107421875,
              -0.0684439092874527
            ],
            [
              -0.498291015625,
              0.494140625,
              0.71240234375,
              -0.1976121962070465
            ]
          ]
        ]
      }
    ]
  }
}