{
  "fern_50_50_no_init": {
    "best": {
      "psnr": 12.292462348937988,
      "distortion": 0.02589181810617447,
      "rotation_rmse": 12.044931411743164,
      "translation_rmse_100": 9.88321590423584,
      "t_final": [
        [
          [
            0.9921875,
            -0.00606536865234375,
            0.1265869140625,
            -0.4275442957878113
          ],
          [
            0.07049560546875,
            0.8564453125,
            -0.51123046875,
            0.3322802484035492
          ],
          [
            -0.1053466796875,
            0.51611328125,
            0.85009765625,
            -0.08029583096504211
          ]
        ]
      ]
    },
    "stats_list": [
      {
        "psnr": 10.926652908325195,
        "distortion": 0.0278770849108696,
        "rotation_rmse": 16.390308380126953,
        "translation_rmse_100": 19.52951431274414,
        "t_final": [
          [
            [
              0.97021484375,
              -0.11895751953125,
              0.210205078125,
              -0.5740516781806946
            ],
            [
              0.176513671875,
              0.943359375,
              -0.281005859375,
              0.23427438735961914
            ],
            [
              -0.164794921875,
              0.309814453125,
              0.9365234375,
              -0.16396108269691467
            ]
          ]
        ]
      },
      {
        "psnr": 10.434464454650879,
        "distortion": 0.1031852588057518,
        "rotation_rmse": 24.680498123168945,
        "translation_rmse_100": 14.350292205810547,
        "t_final": [
          [
            [
              0.9638671875,
              -0.0216217041015625,
              0.264892578125,
              -0.3903365731239319
            ],
            [
              0.0262603759765625,
              0.99951171875,
              -0.01399993896484375,
              0.5033882856369019
            ],
            [
              -0.2646484375,
              0.0204620361328125,
              0.96435546875,
              0.24940213561058044
            ]
          ]
        ]
      },
      {
        "psnr": 12.292462348937988,
        "distortion": 0.02589181810617447,
        "rotation_rmse": 12.044931411743164,
        "translation_rmse_100": 9.88321590423584,
        "t_final": [
          [
            [
              0.9921875,
              -0.00606536865234375,
              0.1265869140625,
              -0.4275442957878113
            ],
            [
              0.07049560546875,
              0.8564453125,
              -0.51123046875,
              0.3322802484035492
            ],
            [
              -0.1053466796875,
              0.51611328125,
              0.85009765625,
              -0.08029583096504211
            ]
          ]
        ]
      },
      {
        "psnr": 10.940115928649902,
        "distortion": 0.04153335094451904,
        "rotation_rmse": 24.45656394958496,
        "translation_rmse_100": 23.91046142578125,
        "t_final": [
          [
            [
              0.98388671875,
              0.148193359375,
              -0.10009765625,
              -0.5668548941612244
            ],
            [
              -0.1680908203125,
              0.95751953125,
              -0.2344970703125,
              0.1527782529592514
            ],
            [
              0.061065673828125,
              0.24755859375,
              0.966796875,
              -0.23329299688339233
            ]
          ]
        ]
      },
      {
        "psnr": 11.32542896270752,
        "distortion": 0.031339846551418304,
        "rotation_rmse": 14.418171882629395,
        "translation_rmse_100": 16.574281692504883,
        "t_final": [
          [
            [
              0.994140625,
              -0.0020694732666015625,
              0.10638427734375,
              -0.4753769040107727
            ],
            [
              0.0478515625,
              0.90185546875,
              -0.4296875,
              0.33255094289779663
            ],
            [
              -0.09503173828125,
              0.432373046875,
              0.896484375,
              -0.18586993217468262
            ]
          ]
        ]
      },
      {
        "psnr": 10.578350067138672,
        "distortion": 0.09488105028867722,
        "rotation_rmse": 25.708608627319336,
        "translation_rmse_100": 14.621026992797852,
        "t_final": [
          [
            [
              0.9716796875,
              -0.043182373046875,
              0.2322998046875,
              -0.1993487924337387
            ],
            [
              0.040740966796875,
              0.9990234375,
              0.01532745361328125,
              0.3776412606239319
            ],
            [
              -0.2327880859375,
              -0.005420684814453125,
              0.97265625,
              0.2691592574119568
            ]
          ]
        ]
      },
      {
        "psnr": 11.596923828125,
        "distortion": 0.025548119097948074,
        "rotation_rmse": 16.29146385192871,
        "translation_rmse_100": 25.49526023864746,
        "t_final": [
          [
            [
              0.923828125,
              -0.19091796875,
              0.332275390625,
              -0.6640311479568481
            ],
            [
              0.271484375,
              0.93798828125,
              -0.2156982421875,
              0.17453649640083313
            ],
            [
              -0.2705078125,
              0.28955078125,
              0.91796875,
              -0.19883784651756287
            ]
          ]
        ]
      },
      {
        "psnr": 10.37956428527832,
        "distortion": 0.08960568904876709,
        "rotation_rmse": 29.289003372192383,
        "translation_rmse_100": 28.862905502319336,
        "t_final": [
          [
            [
              0.99951171875,
              -0.0230712890625,
              -0.01415252685546875,
              -0.0016661800909787416
            ],
            [
              0.0234375,
              0.99951171875,
              0.0256195068359375,
              -0.004819527734071016
            ],
            [
              0.01355743408203125,
              -0.02593994140625,
              0.99951171875,
              -0.04005303233861923
            ]
          ]
        ]
      },
      {
        "psnr": 10.388535499572754,
        "distortion": 0.04885340481996536,
        "rotation_rmse": 30.395030975341797,
        "translation_rmse_100": 34.77115249633789,
        "t_final": [
          [
            [
              0.95166015625,
              -0.2626953125,
              -0.1580810546875,
              -0.49361589550971985
            ],
            [
              0.25,
              0.96337890625,
              -0.095703125,
              -0.043682463467121124
            ],
            [
              0.1773681640625,
              0.051544189453125,
              0.98291015625,
              -0.3763522803783417
            ]
          ]
        ]
      },
      {
        "psnr": 10.798295021057129,
        "distortion": 0.07766754180192947,
        "rotation_rmse": 27.166017532348633,
        "translation_rmse_100": 7.245536804199219,
        "t_final": [
          [
            [
              0.96923828125,
              -0.0789794921875,
              0.232421875,
              -0.33722662925720215
            ],
            [
              0.06451416015625,
              0.99560546875,
              0.0692138671875,
              0.368448942899704
            ],
            [
              -0.23681640625,
              -0.052093505859375,
              0.97021484375,
              0.1928311288356781
            ]
          ]
        ]
      }
    ]
  },
  "fern_50_50_single_image": {
    "best": {
      "psnr": 14.29387092590332,
      "distortion": 0.01956864260137081,
      "rotation_rmse": 7.604480266571045,
      "translation_rmse_100": 9.79648494720459,
      "t_final": [
        [
          [
            0.9326171875,
            -0.053558349609375,
            0.357421875,
            -0.5054791569709778
          ],
          [
            0.268310546875,
            0.76513671875,
            -0.58544921875,
            0.2578888535499573
          ],
          [
            -0.241943359375,
            0.64208984375,
            0.7275390625,
            0.04954458400607109
          ]
        ]
      ]
    },
    "stats_list": [
      {
        "psnr": 11.59263801574707,
        "distortion": 0.04516042396426201,
        "rotation_rmse": 28.37977409362793,
        "translation_rmse_100": 30.946683883666992,
        "t_final": [
          [
            [
              0.6064453125,
              -0.6279296875,
              0.48828125,
              -0.43076494336128235
            ],
            [
              0.65869140625,
              0.74072265625,
              0.134521484375,
              -0.17565703392028809
            ],
            [
              -0.446044921875,
              0.239990234375,
              0.8623046875,
              -0.08407660573720932
            ]
          ]
        ]
      },
      {
        "psnr": 10.826530456542969,
        "distortion": 0.1636921465396881,
        "rotation_rmse": 37.28355407714844,
        "translation_rmse_100": 43.15650177001953,
        "t_final": [
          [
            [
              0.78369140625,
              -0.60205078125,
              -0.1539306640625,
              0.1825345903635025
            ],
            [
              0.60693359375,
              0.794921875,
              -0.018798828125,
              0.23135949671268463
            ],
            [
              0.1336669921875,
              -0.07867431640625,
              0.98779296875,
              -0.4362989366054535
            ]
          ]
        ]
      },
      {
        "psnr": 14.25861930847168,
        "distortion": 0.02783636748790741,
        "rotation_rmse": 11.994579315185547,
        "translation_rmse_100": 17.010860443115234,
        "t_final": [
          [
            [
              0.8408203125,
              -0.06072998046875,
              0.5380859375,
              -0.14281582832336426
            ],
            [
              0.41748046875,
              0.70556640625,
              -0.572265625,
              0.15577395260334015
            ],
            [
              -0.34521484375,
              0.70556640625,
              0.61865234375,
              -0.03305712714791298
            ]
          ]
        ]
      },
      {
        "psnr": 12.87818717956543,
        "distortion": 0.03721565753221512,
        "rotation_rmse": 22.80031394958496,
        "translation_rmse_100": 37.7802619934082,
        "t_final": [
          [
            [
              0.7412109375,
              -0.1444091796875,
              0.65576171875,
              0.18239407241344452
            ],
            [
              0.1790771484375,
              0.98388671875,
              0.01430511474609375,
              -0.013332056812942028
            ],
            [
              -0.64697265625,
              0.10675048828125,
              0.7548828125,
              0.22248497605323792
            ]
          ]
        ]
      },
      {
        "psnr": 12.257978439331055,
        "distortion": 0.04622168466448784,
        "rotation_rmse": 11.196407318115234,
        "translation_rmse_100": 14.593632698059082,
        "t_final": [
          [
            [
              0.92822265625,
              -0.1322021484375,
              0.3486328125,
              -0.30981874465942383
            ],
            [
              0.336669921875,
              0.6982421875,
              -0.63134765625,
              0.24672691524028778
            ],
            [
              -0.159912109375,
              0.703125,
              0.6923828125,
              -0.15988697111606598
            ]
          ]
        ]
      },
      {
        "psnr": 11.976652145385742,
        "distortion": 0.05177237093448639,
        "rotation_rmse": 15.290693283081055,
        "translation_rmse_100": 19.2239933013916,
        "t_final": [
          [
            [
              0.7763671875,
              -0.1717529296875,
              0.6064453125,
              -0.026848163455724716
            ],
            [
              0.50634765625,
              0.7431640625,
              -0.437744140625,
              0.2866203784942627
            ],
            [
              -0.37548828125,
              0.64697265625,
              0.66357421875,
              0.11635494232177734
            ]
          ]
        ]
      },
      {
        "psnr": 9.843158721923828,
        "distortion": 0.09151808172464371,
        "rotation_rmse": 13.988781929016113,
        "translation_rmse_100": 36.91157531738281,
        "t_final": [
          [
            [
              0.8740234375,
              -0.247314453125,
              0.417724609375,
              -0.2293444275856018
            ],
            [
              0.39892578125,
              0.8564453125,
              -0.327880859375,
              -0.28095391392707825
            ],
            [
              -0.276611328125,
              0.453369140625,
              0.84716796875,
              -0.06380363553762436
            ]
          ]
        ]
      },
      {
        "psnr": 13.024394035339355,
        "distortion": 0.11053462326526642,
        "rotation_rmse": 15.767099380493164,
        "translation_rmse_100": 85.33106994628906,
        "t_final": [
          [
            [
              0.80419921875,
              -0.263671875,
              0.5322265625,
              0.9134030342102051
            ],
            [
              0.5224609375,
              0.740234375,
              -0.4228515625,
              -0.4195793569087982
            ],
            [
              -0.28271484375,
              0.6181640625,
              0.7333984375,
              -0.046985067427158356
            ]
          ]
        ]
      },
      {
        "psnr": 12.464064598083496,
        "distortion": 0.04990765452384949,
        "rotation_rmse": 21.69443702697754,
        "translation_rmse_100": 25.89826011657715,
        "t_final": [
          [
            [
              0.97802734375,
              -0.157958984375,
              -0.1348876953125,
              0.06227157264947891
            ],
            [
              0.07562255859375,
              0.87548828125,
              -0.477294921875,
              0.30451685190200806
            ],
            [
              0.1934814453125,
              0.456787109375,
              0.8681640625,
              -0.09016410261392593
            ]
          ]
        ]
      },
      {
        "psnr": 14.29387092590332,
        "distortion": 0.01956864260137081,
        "rotation_rmse": 7.604480266571045,
        "translation_rmse_100": 9.79648494720459,
        "t_final": [
          [
            [
              0.9326171875,
              -0.053558349609375,
              0.357421875,
              -0.5054791569709778
            ],
            [
              0.268310546875,
              0.76513671875,
              -0.58544921875,
              0.2578888535499573
            ],
            [
              -0.241943359375,
              0.64208984375,
              0.7275390625,
              0.04954458400607109
            ]
          ]
        ]
      }
    ]
  },
  "fern_50_50_no_masks": {
    "best": {
      "psnr": 12.516800880432129,
      "distortion": 0.07526721805334091,
      "rotation_rmse": 24.74659538269043,
      "translation_rmse_100": 41.83096694946289,
      "t_final": [
        [
          [
            0.5751953125,
            -0.2303466796875,
            0.78515625,
            -0.600100040435791
          ],
          [
            0.64892578125,
            0.71240234375,
            -0.2666015625,
            -0.3445620536804199
          ],
          [
            -0.497802734375,
            0.66259765625,
            0.5595703125,
            0.16702571511268616
          ]
        ]
      ]
    },
    "stats_list": [
      {
        "psnr": 12.325923919677734,
        "distortion": 0.03857451677322388,
        "rotation_rmse": 9.906100273132324,
        "translation_rmse_100": 13.534916877746582,
        "t_final": [
          [
            [
              0.94091796875,
              -0.1099853515625,
              0.320556640625,
              -0.5744141340255737
            ],
            [
              0.2939453125,
              0.7353515625,
              -0.61083984375,
              0.2532669007778168
            ],
            [
              -0.16845703125,
              0.6689453125,
              0.72412109375,
              0.05240904539823532
            ]
          ]
        ]
      },
      {
        "psnr": 11.808971405029297,
        "distortion": 0.0601603202521801,
        "rotation_rmse": 12.664457321166992,
        "translation_rmse_100": 19.864343643188477,
        "t_final": [
          [
            [
              0.9345703125,
              -0.1580810546875,
              0.3193359375,
              -0.6087818741798401
            ],
            [
              0.274658203125,
              0.890625,
              -0.363037109375,
              0.25881245732307434
            ],
            [
              -0.22705078125,
              0.427001953125,
              0.87548828125,
              -0.14565300941467285
            ]
          ]
        ]
      },
      {
        "psnr": 11.858415603637695,
        "distortion": 0.03886810317635536,
        "rotation_rmse": 14.209878921508789,
        "translation_rmse_100": 20.27769660949707,
        "t_final": [
          [
            [
              0.84228515625,
              -0.2452392578125,
              0.47998046875,
              -0.6270658373832703
            ],
            [
              0.47509765625,
              0.7587890625,
              -0.44580078125,
              0.1152045726776123
            ],
            [
              -0.2548828125,
              0.603515625,
              0.75537109375,
              0.024450628086924553
            ]
          ]
        ]
      },
      {
        "psnr": 11.42116641998291,
        "distortion": 0.10981305688619614,
        "rotation_rmse": 41.274192810058594,
        "translation_rmse_100": 35.69966125488281,
        "t_final": [
          [
            [
              0.7724609375,
              0.25146484375,
              0.5830078125,
              0.10979461669921875
            ],
            [
              -0.375732421875,
              0.92138671875,
              0.10076904296875,
              0.46636098623275757
            ],
            [
              -0.51171875,
              -0.296875,
              0.80615234375,
              0.4598849415779114
            ]
          ]
        ]
      },
      {
        "psnr": 12.516800880432129,
        "distortion": 0.07526721805334091,
        "rotation_rmse": 24.74659538269043,
        "translation_rmse_100": 41.83096694946289,
        "t_final": [
          [
            [
              0.5751953125,
              -0.2303466796875,
              0.78515625,
              -0.600100040435791
            ],
            [
              0.64892578125,
              0.71240234375,
              -0.2666015625,
              -0.3445620536804199
            ],
            [
              -0.497802734375,
              0.66259765625,
              0.5595703125,
              0.16702571511268616
            ]
          ]
        ]
      },
      {
        "psnr": 12.170583724975586,
        "distortion": 0.06148028373718262,
        "rotation_rmse": 22.687782287597656,
        "translation_rmse_100": 28.092140197753906,
        "t_final": [
          [
            [
              0.69970703125,
              -0.4912109375,
              0.5185546875,
              -0.5573354363441467
            ],
            [
              0.6513671875,
              0.73681640625,
              -0.18115234375,
              -0.08659766614437103
            ],
            [
              -0.293212890625,
              0.464599609375,
              0.83544921875,
              -0.07191303372383118
            ]
          ]
        ]
      },
      {
        "psnr": 11.620016098022461,
        "distortion": 0.06940972059965134,
        "rotation_rmse": 13.465104103088379,
        "translation_rmse_100": 35.24734878540039,
        "t_final": [
          [
            [
              0.87548828125,
              -0.22607421875,
              0.427001953125,
              -0.3261147439479828
            ],
            [
              0.382080078125,
              0.86474609375,
              -0.32568359375,
              -0.27175894379615784
            ],
            [
              -0.29541015625,
              0.448486328125,
              0.84375,
              -0.020663157105445862
            ]
          ]
        ]
      },
      {
        "psnr": 11.983945846557617,
        "distortion": 0.13272880017757416,
        "rotation_rmse": 23.042770385742188,
        "translation_rmse_100": 26.983264923095703,
        "t_final": [
          [
            [
              0.64892578125,
              -0.451416015625,
              0.61279296875,
              -0.2677675187587738
            ],
            [
              0.5908203125,
              0.80615234375,
              -0.031494140625,
              -0.12810172140598297
            ],
            [
              -0.479736328125,
              0.382568359375,
              0.78955078125,
              0.051851339638233185
            ]
          ]
        ]
      },
      {
        "psnr": 12.438759803771973,
        "distortion": 0.03193926438689232,
        "rotation_rmse": 7.2476806640625,
        "translation_rmse_100": 19.276866912841797,
        "t_final": [
          [
            [
              0.82861328125,
              0.12322998046875,
              0.54541015625,
              -0.6788915991783142
            ],
            [
              0.189453125,
              0.85595703125,
              -0.4814453125,
              0.252896785736084
            ],
            [
              -0.5263671875,
              0.50244140625,
              0.68603515625,
              0.07869765162467957
            ]
          ]
        ]
      },
      {
        "psnr": 11.40255355834961,
        "distortion": 0.10666344314813614,
        "rotation_rmse": 19.514558792114258,
        "translation_rmse_100": 47.71538543701172,
        "t_final": [
          [
            [
              0.70361328125,
              -0.227294921875,
              0.67333984375,
              -0.23819860816001892
            ],
            [
              0.348388671875,
              0.93603515625,
              -0.0478515625,
              -0.46968647837638855
            ],
            [
              -0.61962890625,
              0.268310546875,
              0.73779296875,
              0.24477903544902802
            ]
          ]
        ]
      }
    ]
  }
}