{
  "horns_0_100_even_odd_no_init": {
    "best": {
      "psnr": 12.632920265197754,
      "distortion": 0.18192975223064423,
      "rotation_rmse": 24.20701789855957,
      "translation_rmse_100": 29.990520477294922,
      "t_final": [
        [
          [
            0.9833984375,
            -0.039459228515625,
            -0.1768798828125,
            0.3494540750980377
          ],
          [
            -0.005390167236328125,
            0.96923828125,
            -0.2462158203125,
            0.30962079763412476
          ],
          [
            0.18115234375,
            0.2430419921875,
            0.953125,
            0.049623485654592514
          ]
        ]
      ]
    },
    "stats_list": [
      {
        "psnr": 11.965323448181152,
        "distortion": 0.12631767988204956,
        "rotation_rmse": 24.0451717376709,
        "translation_rmse_100": 15.96115493774414,
        "t_final": [
          [
            [
              0.9951171875,
              0.01995849609375,
              -0.09722900390625,
              0.15870323777198792
            ],
            [
              -0.0201873779296875,
              1.0,
              -0.001373291015625,
              0.03541253134608269
            ],
            [
              0.09716796875,
              0.003326416015625,
              0.9951171875,
              -0.07424149662256241
            ]
          ]
        ]
      },
      {
        "psnr": 12.632920265197754,
        "distortion": 0.18192975223064423,
        "rotation_rmse": 24.20701789855957,
        "translation_rmse_100": 29.990520477294922,
        "t_final": [
          [
            [
              0.9833984375,
              -0.039459228515625,
              -0.1768798828125,
              0.3494540750980377
            ],
            [
              -0.005390167236328125,
              0.96923828125,
              -0.2462158203125,
              0.30962079763412476
            ],
            [
              0.18115234375,
              0.2430419921875,
              0.953125,
              0.049623485654592514
            ]
          ]
        ]
      },
      {
        "psnr": 12.19736385345459,
        "distortion": 0.13642346858978271,
        "rotation_rmse": 25.03217887878418,
        "translation_rmse_100": 32.0509147644043,
        "t_final": [
          [
            [
              0.99609375,
              0.0364990234375,
              -0.07861328125,
              0.31437939405441284
            ],
            [
              -0.0300445556640625,
              0.99609375,
              0.0816650390625,
              0.03985226899385452
            ],
            [
              0.081298828125,
              -0.0789794921875,
              0.99365234375,
              0.17710408568382263
            ]
          ]
        ]
      },
      {
        "psnr": 11.077019691467285,
        "distortion": 0.2057674676179886,
        "rotation_rmse": 29.52284049987793,
        "translation_rmse_100": 65.94327545166016,
        "t_final": [
          [
            [
              0.9521484375,
              -0.058563232421875,
              -0.300537109375,
              0.5876818895339966
            ],
            [
              0.033966064453125,
              0.99560546875,
              -0.08642578125,
              -0.014437692239880562
            ],
            [
              0.30419921875,
              0.072021484375,
              0.94970703125,
              0.7033097147941589
            ]
          ]
        ]
      },
      {
        "psnr": 12.085171699523926,
        "distortion": 0.11079056560993195,
        "rotation_rmse": 19.27855110168457,
        "translation_rmse_100": 18.118234634399414,
        "t_final": [
          [
            [
              0.98388671875,
              -0.17431640625,
              0.037078857421875,
              0.23246537148952484
            ],
            [
              0.1778564453125,
              0.9736328125,
              -0.1422119140625,
              0.19384656846523285
            ],
            [
              -0.011322021484375,
              0.146484375,
              0.9892578125,
              -0.10373786091804504
            ]
          ]
        ]
      },
      {
        "psnr": 10.352398872375488,
        "distortion": 0.08904405683279037,
        "rotation_rmse": 21.714643478393555,
        "translation_rmse_100": 8.14050006866455,
        "t_final": [
          [
            [
              0.9990234375,
              0.033294677734375,
              -0.0297698974609375,
              -0.09333789348602295
            ],
            [
              -0.034088134765625,
              0.9990234375,
              -0.0273895263671875,
              0.08212509751319885
            ],
            [
              0.028839111328125,
              0.02838134765625,
              0.9990234375,
              -0.11403824388980865
            ]
          ]
        ]
      },
      {
        "psnr": 11.38354778289795,
        "distortion": 0.15820197761058807,
        "rotation_rmse": 24.10014533996582,
        "translation_rmse_100": 27.38770866394043,
        "t_final": [
          [
            [
              0.98486328125,
              -0.0294647216796875,
              -0.16943359375,
              0.2939389646053314
            ],
            [
              -0.006595611572265625,
              0.97802734375,
              -0.20849609375,
              0.18401184678077698
            ],
            [
              0.171875,
              0.2064208984375,
              0.96337890625,
              0.09091450273990631
            ]
          ]
        ]
      },
      {
        "psnr": 11.953739166259766,
        "distortion": 0.10444343835115433,
        "rotation_rmse": 21.01898765563965,
        "translation_rmse_100": 12.846824645996094,
        "t_final": [
          [
            [
              0.99609375,
              0.0176849365234375,
              -0.08441162109375,
              0.12924054265022278
            ],
            [
              -0.036346435546875,
              0.9736328125,
              -0.22509765625,
              0.06359029561281204
            ],
            [
              0.0782470703125,
              0.227294921875,
              0.970703125,
              -0.1138853132724762
            ]
          ]
        ]
      },
      {
        "psnr": 9.820574760437012,
        "distortion": 0.05542173236608505,
        "rotation_rmse": 21.274324417114258,
        "translation_rmse_100": 15.805747032165527,
        "t_final": [
          [
            [
              1.0,
              0.0,
              0.0,
              0.0
            ],
            [
              0.0,
              1.0,
              0.0,
              0.0
            ],
            [
              0.0,
              0.0,
              1.0,
              0.0
            ]
          ]
        ]
      },
      {
        "psnr": 12.496271133422852,
        "distortion": 0.09814433753490448,
        "rotation_rmse": 23.649906158447266,
        "translation_rmse_100": 24.314485549926758,
        "t_final": [
          [
            [
              0.978515625,
              0.1552734375,
              -0.13623046875,
              0.31140172481536865
            ],
            [
              -0.1732177734375,
              0.97607421875,
              -0.1318359375,
              -0.0024878918193280697
            ],
            [
              0.11248779296875,
              0.152587890625,
              0.98193359375,
              -0.0534277968108654
            ]
          ]
        ]
      }
    ]
  },
  "horns_0_100_even_odd_single_image": {
    "best": {
      "psnr": 24.9564151763916,
      "distortion": 0.02206485904753208,
      "rotation_rmse": 0.022182755172252655,
      "translation_rmse_100": 0.02586122415959835,
      "t_final": [
        [
          [
            0.85595703125,
            0.1361083984375,
            0.498779296875,
            -0.044241271913051605
          ],
          [
            0.03399658203125,
            0.94775390625,
            -0.31689453125,
            0.12869970500469208
          ],
          [
            -0.515625,
            0.288330078125,
            0.806640625,
            -0.23770985007286072
          ]
        ]
      ]
    },
    "stats_list": [
      {
        "psnr": 8.99344253540039,
        "distortion": 0.013102146796882153,
        "rotation_rmse": 23.2244930267334,
        "translation_rmse_100": 40.69441604614258,
        "t_final": [
          [
            [
              0.91162109375,
              -0.40283203125,
              0.0830078125,
              0.4571159780025482
            ],
            [
              0.40869140625,
              0.86474609375,
              -0.29248046875,
              -0.28314512968063354
            ],
            [
              0.046173095703125,
              0.300537109375,
              0.95263671875,
              -0.513352632522583
            ]
          ]
        ]
      },
      {
        "psnr": 11.540477752685547,
        "distortion": 0.09875671565532684,
        "rotation_rmse": 22.59157371520996,
        "translation_rmse_100": 36.530372619628906,
        "t_final": [
          [
            [
              0.890625,
              -0.334716796875,
              0.30859375,
              0.2177399843931198
            ],
            [
              0.44921875,
              0.75634765625,
              -0.4755859375,
              -0.25328221917152405
            ],
            [
              -0.073974609375,
              0.56201171875,
              0.82373046875,
              -0.6686525940895081
            ]
          ]
        ]
      },
      {
        "psnr": 12.045093536376953,
        "distortion": 0.16392745077610016,
        "rotation_rmse": 26.757314682006836,
        "translation_rmse_100": 44.31038284301758,
        "t_final": [
          [
            [
              0.95263671875,
              0.01346588134765625,
              0.3037109375,
              0.16639693081378937
            ],
            [
              0.2496337890625,
              0.53515625,
              -0.80712890625,
              -0.48955219984054565
            ],
            [
              -0.1734619140625,
              0.8447265625,
              0.50634765625,
              -0.6404898166656494
            ]
          ]
        ]
      },
      {
        "psnr": 12.6781644821167,
        "distortion": 0.04394543915987015,
        "rotation_rmse": 21.695756912231445,
        "translation_rmse_100": 26.351499557495117,
        "t_final": [
          [
            [
              0.69775390625,
              -0.1143798828125,
              0.70751953125,
              0.07282030582427979
            ],
            [
              0.4580078125,
              0.83056640625,
              -0.317626953125,
              -0.3119930326938629
            ],
            [
              -0.55078125,
              0.54541015625,
              0.63134765625,
              -0.2186826914548874
            ]
          ]
        ]
      },
      {
        "psnr": 24.9564151763916,
        "distortion": 0.02206485904753208,
        "rotation_rmse": 0.022182755172252655,
        "translation_rmse_100": 0.02586122415959835,
        "t_final": [
          [
            [
              0.85595703125,
              0.1361083984375,
              0.498779296875,
              -0.044241271913051605
            ],
            [
              0.03399658203125,
              0.94775390625,
              -0.31689453125,
              0.12869970500469208
            ],
            [
              -0.515625,
              0.288330078125,
              0.806640625,
              -0.23770985007286072
            ]
          ]
        ]
      },
      {
        "psnr": 13.063596725463867,
        "distortion": 0.06752583384513855,
        "rotation_rmse": 21.55259895324707,
        "translation_rmse_100": 25.164804458618164,
        "t_final": [
          [
            [
              0.85498046875,
              -0.46875,
              0.222900390625,
              0.29834166169166565
            ],
            [
              0.50244140625,
              0.85498046875,
              -0.12841796875,
              0.12683676183223724
            ],
            [
              -0.13037109375,
              0.2218017578125,
              0.96630859375,
              -0.5074693560600281
            ]
          ]
        ]
      },
      {
        "psnr": 18.821640014648438,
        "distortion": 0.06203450635075569,
        "rotation_rmse": 17.09969711303711,
        "translation_rmse_100": 25.286983489990234,
        "t_final": [
          [
            [
              0.91748046875,
              -0.324951171875,
              0.2293701171875,
              0.01420534960925579
            ],
            [
              0.358154296875,
              0.92578125,
              -0.1199951171875,
              -0.2886580526828766
            ],
            [
              -0.17333984375,
              0.192138671875,
              0.9658203125,
              -0.11862365156412125
            ]
          ]
        ]
      },
      {
        "psnr": 11.211526870727539,
        "distortion": 0.025398774072527885,
        "rotation_rmse": 25.28766632080078,
        "translation_rmse_100": 24.14409637451172,
        "t_final": [
          [
            [
              0.95654296875,
              -0.262939453125,
              0.1259765625,
              -0.18319228291511536
            ],
            [
              0.2802734375,
              0.71044921875,
              -0.6455078125,
              -0.24822166562080383
            ],
            [
              0.08013916015625,
              0.65234375,
              0.75341796875,
              -0.3527635633945465
            ]
          ]
        ]
      },
      {
        "psnr": 13.492138862609863,
        "distortion": 0.024415917694568634,
        "rotation_rmse": 41.83609390258789,
        "translation_rmse_100": 31.93971824645996,
        "t_final": [
          [
            [
              0.79443359375,
              0.1695556640625,
              -0.58349609375,
              0.5040667057037354
            ],
            [
              -0.10418701171875,
              0.98388671875,
              0.1441650390625,
              0.1659296602010727
            ],
            [
              0.5986328125,
              -0.05377197265625,
              0.79931640625,
              -0.30415424704551697
            ]
          ]
        ]
      },
      {
        "psnr": 12.63362979888916,
        "distortion": 0.0063281795009970665,
        "rotation_rmse": 21.67884063720703,
        "translation_rmse_100": 21.37690544128418,
        "t_final": [
          [
            [
              0.7939453125,
              0.2227783203125,
              0.56494140625,
              -0.33967992663383484
            ],
            [
              0.26904296875,
              0.705078125,
              -0.65625,
              0.3186280131340027
            ],
            [
              -0.54443359375,
              0.67333984375,
              0.5,
              -0.1210213452577591
            ]
          ]
        ]
      }
    ]
  },
  "horns_0_100_even_odd_no_masks": {
    "best": {
      "psnr": 19.616905212402344,
      "distortion": 0.054798923432826996,
      "rotation_rmse": 0.02087070234119892,
      "translation_rmse_100": 0.016714300960302353,
      "t_final": [
        [
          [
            0.8564453125,
            0.135986328125,
            0.498291015625,
            -0.04360968992114067
          ],
          [
            0.03424072265625,
            0.94775390625,
            -0.3173828125,
            0.12896020710468292
          ],
          [
            -0.515625,
            0.288818359375,
            0.806640625,
            -0.237435445189476
          ]
        ]
      ]
    },
    "stats_list": [
      {
        "psnr": 18.227964401245117,
        "distortion": 0.05488446727395058,
        "rotation_rmse": 0.02138623408973217,
        "translation_rmse_100": 0.06648293137550354,
        "t_final": [
          [
            [
              0.85595703125,
              0.1358642578125,
              0.4990234375,
              -0.044904567301273346
            ],
            [
              0.034698486328125,
              0.94775390625,
              -0.3173828125,
              0.1292761266231537
            ],
            [
              -0.51611328125,
              0.2890625,
              0.80615234375,
              -0.23725609481334686
            ]
          ]
        ]
      },
      {
        "psnr": 12.964316368103027,
        "distortion": 0.12555228173732758,
        "rotation_rmse": 20.344165802001953,
        "translation_rmse_100": 52.67220687866211,
        "t_final": [
          [
            [
              0.828125,
              0.004802703857421875,
              0.560546875,
              0.7768678069114685
            ],
            [
              0.367431640625,
              0.75048828125,
              -0.54931640625,
              -0.014955740422010422
            ],
            [
              -0.423095703125,
              0.6611328125,
              0.61962890625,
              -0.6090381145477295
            ]
          ]
        ]
      },
      {
        "psnr": 12.241138458251953,
        "distortion": 0.07271118462085724,
        "rotation_rmse": 18.944141387939453,
        "translation_rmse_100": 28.557323455810547,
        "t_final": [
          [
            [
              0.95361328125,
              -0.2032470703125,
              0.2216796875,
              -0.00040709972381591797
            ],
            [
              0.28955078125,
              0.8193359375,
              -0.4951171875,
              -0.34134641289711
            ],
            [
              -0.0810546875,
              0.53662109375,
              0.83984375,
              -0.3847493529319763
            ]
          ]
        ]
      },
      {
        "psnr": 10.123387336730957,
        "distortion": 0.14307348430156708,
        "rotation_rmse": 21.883756637573242,
        "translation_rmse_100": 37.704978942871094,
        "t_final": [
          [
            [
              0.98974609375,
              -0.136962890625,
              0.038665771484375,
              0.2955860495567322
            ],
            [
              0.1334228515625,
              0.7998046875,
              -0.5849609375,
              -0.3190709054470062
            ],
            [
              0.049163818359375,
              0.58447265625,
              0.81005859375,
              -0.5701377987861633
            ]
          ]
        ]
      },
      {
        "psnr": 19.616905212402344,
        "distortion": 0.054798923432826996,
        "rotation_rmse": 0.02087070234119892,
        "translation_rmse_100": 0.016714300960302353,
        "t_final": [
          [
            [
              0.8564453125,
              0.135986328125,
              0.498291015625,
              -0.04360968992114067
            ],
            [
              0.03424072265625,
              0.94775390625,
              -0.3173828125,
              0.12896020710468292
            ],
            [
              -0.515625,
              0.288818359375,
              0.806640625,
              -0.237435445189476
            ]
          ]
        ]
      },
      {
        "psnr": 19.536846160888672,
        "distortion": 0.053988512605428696,
        "rotation_rmse": 0.052499618381261826,
        "translation_rmse_100": 0.05991135910153389,
        "t_final": [
          [
            [
              0.8564453125,
              0.13623046875,
              0.498291015625,
              -0.04284805804491043
            ],
            [
              0.033477783203125,
              0.94775390625,
              -0.316650390625,
              0.12869416177272797
            ],
            [
              -0.515625,
              0.287841796875,
              0.80712890625,
              -0.23764453828334808
            ]
          ]
        ]
      },
      {
        "psnr": 12.271393775939941,
        "distortion": 0.08947845548391342,
        "rotation_rmse": 8.66611385345459,
        "translation_rmse_100": 17.244342803955078,
        "t_final": [
          [
            [
              0.91015625,
              0.303955078125,
              0.28173828125,
              0.2461611032485962
            ],
            [
              -0.1513671875,
              0.87646484375,
              -0.45654296875,
              0.1212422177195549
            ],
            [
              -0.3857421875,
              0.373046875,
              0.84375,
              -0.16655465960502625
            ]
          ]
        ]
      },
      {
        "psnr": 12.093642234802246,
        "distortion": 0.10253322869539261,
        "rotation_rmse": 17.47205352783203,
        "translation_rmse_100": 24.927148818969727,
        "t_final": [
          [
            [
              0.94921875,
              -0.12005615234375,
              0.29052734375,
              0.2374139428138733
            ],
            [
              0.265380859375,
              0.80126953125,
              -0.5361328125,
              0.3766799867153168
            ],
            [
              -0.16845703125,
              0.5859375,
              0.79248046875,
              -0.023339897394180298
            ]
          ]
        ]
      },
      {
        "psnr": 12.060361862182617,
        "distortion": 0.17896340787410736,
        "rotation_rmse": 23.97791862487793,
        "translation_rmse_100": 41.17972946166992,
        "t_final": [
          [
            [
              0.86279296875,
              -0.3486328125,
              0.36572265625,
              0.2958303391933441
            ],
            [
              0.496337890625,
              0.7197265625,
              -0.485595703125,
              -0.23741529881954193
            ],
            [
              -0.0938720703125,
              0.6005859375,
              0.7939453125,
              -0.7466229200363159
            ]
          ]
        ]
      },
      {
        "psnr": 12.042378425598145,
        "distortion": 0.18148651719093323,
        "rotation_rmse": 7.915106296539307,
        "translation_rmse_100": 65.18832397460938,
        "t_final": [
          [
            [
              0.880859375,
              0.10760498046875,
              0.460693359375,
              0.9514047503471375
            ],
            [
              0.1309814453125,
              0.88037109375,
              -0.4560546875,
              0.1034163385629654
            ],
            [
              -0.45458984375,
              0.462158203125,
              0.76123046875,
              -0.7701076865196228
            ]
          ]
        ]
      }
    ]
  }
}