{
  "fern_30_70_even_odd_no_init": {
    "best": {
      "psnr": 21.424346923828125,
      "distortion": 0.018750954419374466,
      "rotation_rmse": 0.08561456203460693,
      "translation_rmse_100": 0.08105958253145218,
      "t_final": [
        [
          [
            0.91357421875,
            0.1820068359375,
            0.36328125,
            -0.3540598154067993
          ],
          [
            0.10479736328125,
            0.75830078125,
            -0.6435546875,
            0.33198729157447815
          ],
          [
            -0.392578125,
            0.6259765625,
            0.673828125,
            0.0739935040473938
          ]
        ]
      ]
    },
    "stats_list": [
      {
        "psnr": 21.424346923828125,
        "distortion": 0.018750954419374466,
        "rotation_rmse": 0.08561456203460693,
        "translation_rmse_100": 0.08105958253145218,
        "t_final": [
          [
            [
              0.91357421875,
              0.1820068359375,
              0.36328125,
              -0.3540598154067993
            ],
            [
              0.10479736328125,
              0.75830078125,
              -0.6435546875,
              0.33198729157447815
            ],
            [
              -0.392578125,
              0.6259765625,
              0.673828125,
              0.0739935040473938
            ]
          ]
        ]
      },
      {
        "psnr": 10.212162017822266,
        "distortion": 0.03012516163289547,
        "rotation_rmse": 23.730091094970703,
        "translation_rmse_100": 22.89069175720215,
        "t_final": [
          [
            [
              0.9619140625,
              0.1959228515625,
              -0.1910400390625,
              -0.45881712436676025
            ],
            [
              -0.254150390625,
              0.89892578125,
              -0.357421875,
              0.49199119210243225
            ],
            [
              0.1016845703125,
              0.392333984375,
              0.9140625,
              -0.2723527252674103
            ]
          ]
        ]
      },
      {
        "psnr": 11.604150772094727,
        "distortion": 0.031343188136816025,
        "rotation_rmse": 18.119884490966797,
        "translation_rmse_100": 10.39320182800293,
        "t_final": [
          [
            [
              0.98046875,
              0.1533203125,
              -0.12451171875,
              -0.270844042301178
            ],
            [
              -0.19677734375,
              0.8134765625,
              -0.54736328125,
              0.39354121685028076
            ],
            [
              0.0173187255859375,
              0.56103515625,
              0.82763671875,
              -0.07225017249584198
            ]
          ]
        ]
      },
      {
        "psnr": 9.44905948638916,
        "distortion": 0.04689991846680641,
        "rotation_rmse": 28.285873413085938,
        "translation_rmse_100": 29.42209243774414,
        "t_final": [
          [
            [
              1.0,
              0.01282501220703125,
              -0.0099334716796875,
              0.003718828083947301
            ],
            [
              -0.012939453125,
              1.0,
              -0.01210784912109375,
              -0.021104956045746803
            ],
            [
              0.00977325439453125,
              0.012237548828125,
              1.0,
              -0.014247375540435314
            ]
          ]
        ]
      },
      {
        "psnr": 11.787392616271973,
        "distortion": 0.034975286573171616,
        "rotation_rmse": 20.071706771850586,
        "translation_rmse_100": 14.60408878326416,
        "t_final": [
          [
            [
              0.9619140625,
              0.19970703125,
              -0.18701171875,
              -0.21479594707489014
            ],
            [
              -0.270751953125,
              0.79345703125,
              -0.544921875,
              0.4636705815792084
            ],
            [
              0.03955078125,
              0.57470703125,
              0.8173828125,
              -0.08948617428541183
            ]
          ]
        ]
      },
      {
        "psnr": 10.408975601196289,
        "distortion": 0.035584863275289536,
        "rotation_rmse": 25.49310302734375,
        "translation_rmse_100": 21.10396957397461,
        "t_final": [
          [
            [
              0.9619140625,
              0.122802734375,
              -0.244873046875,
              -0.3424457907676697
            ],
            [
              -0.2003173828125,
              0.9248046875,
              -0.3232421875,
              0.3942488729953766
            ],
            [
              0.186767578125,
              0.35986328125,
              0.9140625,
              -0.2853870391845703
            ]
          ]
        ]
      },
      {
        "psnr": 9.787893295288086,
        "distortion": 0.05227356031537056,
        "rotation_rmse": 28.58969497680664,
        "translation_rmse_100": 28.28317642211914,
        "t_final": [
          [
            [
              1.0,
              -0.01363372802734375,
              -0.01282501220703125,
              -0.01418453361839056
            ],
            [
              0.013641357421875,
              1.0,
              0.0006704330444335938,
              -0.013854717835783958
            ],
            [
              0.01280975341796875,
              -0.0008454322814941406,
              1.0,
              -0.0009997817687690258
            ]
          ]
        ]
      },
      {
        "psnr": 10.067913055419922,
        "distortion": 0.05372639745473862,
        "rotation_rmse": 28.516660690307617,
        "translation_rmse_100": 29.434791564941406,
        "t_final": [
          [
            [
              0.99951171875,
              -0.0171051025390625,
              -0.019287109375,
              0.009290720336139202
            ],
            [
              0.016998291015625,
              1.0,
              -0.005268096923828125,
              -0.015924064442515373
            ],
            [
              0.019378662109375,
              0.00493621826171875,
              1.0,
              -0.013239326886832714
            ]
          ]
        ]
      },
      {
        "psnr": 10.776826858520508,
        "distortion": 0.026689371094107628,
        "rotation_rmse": 22.695762634277344,
        "translation_rmse_100": 14.488616943359375,
        "t_final": [
          [
            [
              0.98681640625,
              0.13818359375,
              -0.08502197265625,
              -0.2955569326877594
            ],
            [
              -0.1572265625,
              0.94384765625,
              -0.289794921875,
              0.3626649081707001
            ],
            [
              0.04022216796875,
              0.29931640625,
              0.953125,
              -0.16751284897327423
            ]
          ]
        ]
      },
      {
        "psnr": 10.738189697265625,
        "distortion": 0.10636307299137115,
        "rotation_rmse": 28.313186645507812,
        "translation_rmse_100": 18.85211181640625,
        "t_final": [
          [
            [
              0.97900390625,
              0.00202178955078125,
              0.202880859375,
              -0.07272762060165405
            ],
            [
              -0.01629638671875,
              0.99755859375,
              0.06866455078125,
              0.38111186027526855
            ],
            [
              -0.2022705078125,
              -0.070556640625,
              0.9765625,
              -0.08322925120592117
            ]
          ]
        ]
      }
    ]
  },
  "fern_30_70_even_odd_single_image": {
    "best": {
      "psnr": 19.161928176879883,
      "distortion": 0.022162647917866707,
      "rotation_rmse": 15.093870162963867,
      "translation_rmse_100": 38.575439453125,
      "t_final": [
        [
          [
            0.80810546875,
            -0.167236328125,
            0.564453125,
            0.3079037070274353
          ],
          [
            0.5029296875,
            0.6943359375,
            -0.5146484375,
            0.241633340716362
          ],
          [
            -0.305908203125,
            0.7001953125,
            0.64501953125,
            0.06453043222427368
          ]
        ]
      ]
    },
    "stats_list": [
      {
        "psnr": 10.192429542541504,
        "distortion": 0.017107393592596054,
        "rotation_rmse": 12.862520217895508,
        "translation_rmse_100": 42.68147659301758,
        "t_final": [
          [
            [
              0.8671875,
              -0.09808349609375,
              0.488525390625,
              0.20340317487716675
            ],
            [
              0.25390625,
              0.9306640625,
              -0.263671875,
              -0.15471605956554413
            ],
            [
              -0.428955078125,
              0.3525390625,
              0.83154296875,
              0.07367071509361267
            ]
          ]
        ]
      },
      {
        "psnr": 9.866850852966309,
        "distortion": 0.08230966329574585,
        "rotation_rmse": 18.021656036376953,
        "translation_rmse_100": 48.90827941894531,
        "t_final": [
          [
            [
              0.77294921875,
              -0.35791015625,
              0.5234375,
              0.12788797914981842
            ],
            [
              0.54248046875,
              0.80126953125,
              -0.2529296875,
              -0.28395524621009827
            ],
            [
              -0.328857421875,
              0.4794921875,
              0.8134765625,
              -0.2534201145172119
            ]
          ]
        ]
      },
      {
        "psnr": 19.161928176879883,
        "distortion": 0.022162647917866707,
        "rotation_rmse": 15.093870162963867,
        "translation_rmse_100": 38.575439453125,
        "t_final": [
          [
            [
              0.80810546875,
              -0.167236328125,
              0.564453125,
              0.3079037070274353
            ],
            [
              0.5029296875,
              0.6943359375,
              -0.5146484375,
              0.241633340716362
            ],
            [
              -0.305908203125,
              0.7001953125,
              0.64501953125,
              0.06453043222427368
            ]
          ]
        ]
      },
      {
        "psnr": 15.129979133605957,
        "distortion": 0.021489905193448067,
        "rotation_rmse": 28.06450080871582,
        "translation_rmse_100": 38.979820251464844,
        "t_final": [
          [
            [
              0.9794921875,
              0.2010498046875,
              0.01322174072265625,
              0.31016263365745544
            ],
            [
              -0.199951171875,
              0.9775390625,
              -0.06353759765625,
              0.2422875463962555
            ],
            [
              -0.0257110595703125,
              0.0595703125,
              0.998046875,
              -0.007018005941063166
            ]
          ]
        ]
      },
      {
        "psnr": 13.745471000671387,
        "distortion": 0.08313966542482376,
        "rotation_rmse": 20.038366317749023,
        "translation_rmse_100": 27.25035858154297,
        "t_final": [
          [
            [
              0.77001953125,
              -0.2359619140625,
              0.59228515625,
              -0.004637735430151224
            ],
            [
              0.30517578125,
              0.9521484375,
              -0.0174560546875,
              0.16210605204105377
            ],
            [
              -0.56005859375,
              0.1943359375,
              0.80517578125,
              -0.19426123797893524
            ]
          ]
        ]
      },
      {
        "psnr": 10.447711944580078,
        "distortion": 0.01160834264010191,
        "rotation_rmse": 17.50731658935547,
        "translation_rmse_100": 46.39144515991211,
        "t_final": [
          [
            [
              0.73095703125,
              -0.07208251953125,
              0.6787109375,
              0.004897871986031532
            ],
            [
              0.52001953125,
              0.70263671875,
              -0.4853515625,
              -0.38034749031066895
            ],
            [
              -0.44189453125,
              0.70751953125,
              0.55126953125,
              0.18010364472866058
            ]
          ]
        ]
      },
      {
        "psnr": 12.445291519165039,
        "distortion": 0.040168359875679016,
        "rotation_rmse": 6.282417297363281,
        "translation_rmse_100": 48.67576217651367,
        "t_final": [
          [
            [
              0.908203125,
              0.19287109375,
              0.371337890625,
              0.1482798308134079
            ],
            [
              0.16748046875,
              0.64599609375,
              -0.7451171875,
              -0.3409835696220398
            ],
            [
              -0.383544921875,
              0.73876953125,
              0.55419921875,
              -0.010560126043856144
            ]
          ]
        ]
      },
      {
        "psnr": 14.570886611938477,
        "distortion": 0.0206143856048584,
        "rotation_rmse": 19.325929641723633,
        "translation_rmse_100": 44.566402435302734,
        "t_final": [
          [
            [
              0.7734375,
              -0.3798828125,
              0.50732421875,
              -0.15766558051109314
            ],
            [
              0.6005859375,
              0.69482421875,
              -0.395263671875,
              -0.41582489013671875
            ],
            [
              -0.2022705078125,
              0.6103515625,
              0.765625,
              0.0751340240240097
            ]
          ]
        ]
      },
      {
        "psnr": 14.54337215423584,
        "distortion": 0.023849625140428543,
        "rotation_rmse": 6.08127498626709,
        "translation_rmse_100": 5.506866455078125,
        "t_final": [
          [
            [
              0.9501953125,
              0.005825042724609375,
              0.3115234375,
              -0.4394276440143585
            ],
            [
              0.1971435546875,
              0.7626953125,
              -0.61572265625,
              0.29252609610557556
            ],
            [
              -0.2412109375,
              0.646484375,
              0.7236328125,
              0.05480078235268593
            ]
          ]
        ]
      },
      {
        "psnr": 15.064802169799805,
        "distortion": 0.018876133486628532,
        "rotation_rmse": 20.855587005615234,
        "translation_rmse_100": 33.09080123901367,
        "t_final": [
          [
            [
              0.6162109375,
              -0.142822265625,
              0.77490234375,
              -0.628389835357666
            ],
            [
              0.5234375,
              0.80908203125,
              -0.26708984375,
              -0.1644374579191208
            ],
            [
              -0.5888671875,
              0.56982421875,
              0.5732421875,
              0.16504526138305664
            ]
          ]
        ]
      }
    ]
  },
  "fern_30_70_even_odd_no_masks": {
    "best": {
      "psnr": 16.11787223815918,
      "distortion": 0.045269761234521866,
      "rotation_rmse": 1.0191271305084229,
      "translation_rmse_100": 0.7714500427246094,
      "t_final": [
        [
          [
            0.91552734375,
            0.197998046875,
            0.3505859375,
            -0.35116779804229736
          ],
          [
            0.08154296875,
            0.76171875,
            -0.64306640625,
            0.3433302938938141
          ],
          [
            -0.394287109375,
            0.6171875,
            0.68115234375,
            0.07148612290620804
          ]
        ]
      ]
    },
    "stats_list": [
      {
        "psnr": 10.798754692077637,
        "distortion": 0.12128349393606186,
        "rotation_rmse": 14.201275825500488,
        "translation_rmse_100": 51.78237533569336,
        "t_final": [
          [
            [
              0.87158203125,
              -0.110595703125,
              0.477783203125,
              0.455116868019104
            ],
            [
              0.2423095703125,
              0.94384765625,
              -0.2235107421875,
              -0.0516977496445179
            ],
            [
              -0.426513671875,
              0.310546875,
              0.849609375,
              0.017609553411602974
            ]
          ]
        ]
      },
      {
        "psnr": 12.169888496398926,
        "distortion": 0.074917271733284,
        "rotation_rmse": 24.864398956298828,
        "translation_rmse_100": 13.757478713989258,
        "t_final": [
          [
            [
              0.44921875,
              0.188232421875,
              0.87353515625,
              -0.3490644693374634
            ],
            [
              0.27001953125,
              0.9033203125,
              -0.33349609375,
              0.2830781638622284
            ],
            [
              -0.8515625,
              0.3857421875,
              0.354736328125,
              0.30780965089797974
            ]
          ]
        ]
      },
      {
        "psnr": 11.410456657409668,
        "distortion": 0.117025226354599,
        "rotation_rmse": 12.82589340209961,
        "translation_rmse_100": 42.15879440307617,
        "t_final": [
          [
            [
              0.8232421875,
              -0.1849365234375,
              0.537109375,
              0.2666388750076294
            ],
            [
              0.433349609375,
              0.8154296875,
              -0.38330078125,
              -0.018527913838624954
            ],
            [
              -0.366943359375,
              0.54833984375,
              0.75146484375,
              0.23509156703948975
            ]
          ]
        ]
      },
      {
        "psnr": 10.810883522033691,
        "distortion": 0.028851283714175224,
        "rotation_rmse": 31.001956939697266,
        "translation_rmse_100": 19.973526000976562,
        "t_final": [
          [
            [
              0.70654296875,
              0.5087890625,
              0.49169921875,
              -0.5709477066993713
            ],
            [
              -0.37646484375,
              0.8583984375,
              -0.34765625,
              0.510253369808197
            ],
            [
              -0.59912109375,
              0.060455322265625,
              0.79833984375,
              -0.12674541771411896
            ]
          ]
        ]
      },
      {
        "psnr": 13.139246940612793,
        "distortion": 0.0494474358856678,
        "rotation_rmse": 14.509635925292969,
        "translation_rmse_100": 13.3515625,
        "t_final": [
          [
            [
              0.75439453125,
              0.0222930908203125,
              0.65576171875,
              -0.47554463148117065
            ],
            [
              0.428955078125,
              0.73974609375,
              -0.5185546875,
              0.1606706827878952
            ],
            [
              -0.496826171875,
              0.67236328125,
              0.548828125,
              0.1737072616815567
            ]
          ]
        ]
      },
      {
        "psnr": 16.11787223815918,
        "distortion": 0.045269761234521866,
        "rotation_rmse": 1.0191271305084229,
        "translation_rmse_100": 0.7714500427246094,
        "t_final": [
          [
            [
              0.91552734375,
              0.197998046875,
              0.3505859375,
              -0.35116779804229736
            ],
            [
              0.08154296875,
              0.76171875,
              -0.64306640625,
              0.3433302938938141
            ],
            [
              -0.394287109375,
              0.6171875,
              0.68115234375,
              0.07148612290620804
            ]
          ]
        ]
      },
      {
        "psnr": 11.78170108795166,
        "distortion": 0.02482769452035427,
        "rotation_rmse": 5.623135089874268,
        "translation_rmse_100": 15.649688720703125,
        "t_final": [
          [
            [
              0.94580078125,
              0.25146484375,
              0.20556640625,
              -0.6124292016029358
            ],
            [
              -0.0272979736328125,
              0.6923828125,
              -0.720703125,
              0.31504419445991516
            ],
            [
              -0.32373046875,
              0.67626953125,
              0.66162109375,
              -0.006588028743863106
            ]
          ]
        ]
      },
      {
        "psnr": 10.948042869567871,
        "distortion": 0.1189916729927063,
        "rotation_rmse": 23.62690544128418,
        "translation_rmse_100": 64.74088287353516,
        "t_final": [
          [
            [
              0.673828125,
              -0.272216796875,
              0.6865234375,
              0.2557988166809082
            ],
            [
              0.294189453125,
              0.95166015625,
              0.0882568359375,
              -0.6099370121955872
            ],
            [
              -0.677734375,
              0.142578125,
              0.7216796875,
              0.04978611692786217
            ]
          ]
        ]
      },
      {
        "psnr": 10.942413330078125,
        "distortion": 0.08991778641939163,
        "rotation_rmse": 17.71075439453125,
        "translation_rmse_100": 69.05496215820312,
        "t_final": [
          [
            [
              0.8369140625,
              -0.0338134765625,
              0.5458984375,
              -0.042679645121097565
            ],
            [
              0.1373291015625,
              0.97900390625,
              -0.14990234375,
              -0.04048192873597145
            ],
            [
              -0.529296875,
              0.2005615234375,
              0.82421875,
              -1.0191447734832764
            ]
          ]
        ]
      },
      {
        "psnr": 12.58697509765625,
        "distortion": 0.05003262683749199,
        "rotation_rmse": 18.893651962280273,
        "translation_rmse_100": 26.19011116027832,
        "t_final": [
          [
            [
              0.6787109375,
              -0.2587890625,
              0.6875,
              -0.5803112983703613
            ],
            [
              0.473876953125,
              0.86962890625,
              -0.1402587890625,
              -0.062180422246456146
            ],
            [
              -0.56103515625,
              0.4208984375,
              0.712890625,
              0.05581478774547577
            ]
          ]
        ]
      }
    ]
  }
}