{
  "fern_0_100_even_odd": {
    "best": {
      "psnr": 24.952585220336914,
      "distortion": 0.017242005094885826,
      "rotation_rmse": 0.009389149956405163,
      "translation_rmse_100": 0.16016076505184174,
      "t_final": [
        [
          [
            0.61572265625,
            -0.355224609375,
            0.703125,
            0.046588998287916183
          ],
          [
            0.39892578125,
            0.91015625,
            0.1103515625,
            -0.17157655954360962
          ],
          [
            -0.67919921875,
            0.212646484375,
            0.70263671875,
            -0.17188024520874023
          ]
        ]
      ]
    },
    "stats_list": [
      {
        "psnr": 24.952585220336914,
        "distortion": 0.017242005094885826,
        "rotation_rmse": 0.009389149956405163,
        "translation_rmse_100": 0.16016076505184174,
        "t_final": [
          [
            [
              0.61572265625,
              -0.355224609375,
              0.703125,
              0.046588998287916183
            ],
            [
              0.39892578125,
              0.91015625,
              0.1103515625,
              -0.17157655954360962
            ],
            [
              -0.67919921875,
              0.212646484375,
              0.70263671875,
              -0.17188024520874023
            ]
          ]
        ]
      },
      {
        "psnr": 24.905622482299805,
        "distortion": 0.017302468419075012,
        "rotation_rmse": 0.0060249557718634605,
        "translation_rmse_100": 0.15668131411075592,
        "t_final": [
          [
            [
              0.61572265625,
              -0.355224609375,
              0.703125,
              0.04666460305452347
            ],
            [
              0.39892578125,
              0.91015625,
              0.11041259765625,
              -0.17157572507858276
            ],
            [
              -0.67919921875,
              0.2127685546875,
              0.7021484375,
              -0.17169906198978424
            ]
          ]
        ]
      },
      {
        "psnr": 24.920339584350586,
        "distortion": 0.017243096604943275,
        "rotation_rmse": 0.007809983100742102,
        "translation_rmse_100": 0.15846773982048035,
        "t_final": [
          [
            [
              0.61572265625,
              -0.355224609375,
              0.703125,
              0.04664060100913048
            ],
            [
              0.399169921875,
              0.91015625,
              0.1102294921875,
              -0.17154774069786072
            ],
            [
              -0.67919921875,
              0.2127685546875,
              0.7021484375,
              -0.17167316377162933
            ]
          ]
        ]
      },
      {
        "psnr": 11.052892684936523,
        "distortion": 0.020094146952033043,
        "rotation_rmse": 5.801706790924072,
        "translation_rmse_100": 18.69486427307129,
        "t_final": [
          [
            [
              0.654296875,
              -0.2115478515625,
              0.72607421875,
              0.30348312854766846
            ],
            [
              0.39013671875,
              0.9169921875,
              -0.08441162109375,
              -0.3282872438430786
            ],
            [
              -0.64794921875,
              0.33837890625,
              0.6826171875,
              -0.29780641198158264
            ]
          ]
        ]
      },
      {
        "psnr": 24.83914566040039,
        "distortion": 0.017574336379766464,
        "rotation_rmse": 0.01827826164662838,
        "translation_rmse_100": 0.16256779432296753,
        "t_final": [
          [
            [
              0.61572265625,
              -0.355224609375,
              0.70361328125,
              0.0465642586350441
            ],
            [
              0.399169921875,
              0.91015625,
              0.1102294921875,
              -0.17154473066329956
            ],
            [
              -0.67919921875,
              0.2130126953125,
              0.7021484375,
              -0.17171208560466766
            ]
          ]
        ]
      },
      {
        "psnr": 10.168925285339355,
        "distortion": 0.021018672734498978,
        "rotation_rmse": 5.348609924316406,
        "translation_rmse_100": 33.14139938354492,
        "t_final": [
          [
            [
              0.6474609375,
              -0.343505859375,
              0.68017578125,
              -0.4717988669872284
            ],
            [
              0.468017578125,
              0.8837890625,
              0.0006732940673828125,
              0.04100553318858147
            ],
            [
              -0.60107421875,
              0.31787109375,
              0.73291015625,
              -0.2840909957885742
            ]
          ]
        ]
      },
      {
        "psnr": 10.380340576171875,
        "distortion": 0.05630173906683922,
        "rotation_rmse": 20.044273376464844,
        "translation_rmse_100": 43.40303421020508,
        "t_final": [
          [
            [
              0.7138671875,
              -0.0171661376953125,
              0.7001953125,
              -0.42057549953460693
            ],
            [
              0.0239715576171875,
              1.0,
              7.2479248046875e-05,
              0.41039416193962097
            ],
            [
              -0.7001953125,
              0.0167388916015625,
              0.7138671875,
              -0.24386638402938843
            ]
          ]
        ]
      },
      {
        "psnr": 24.8161678314209,
        "distortion": 0.01733962446451187,
        "rotation_rmse": 0.020117389038205147,
        "translation_rmse_100": 0.15572519600391388,
        "t_final": [
          [
            [
              0.6162109375,
              -0.354736328125,
              0.703125,
              0.04669002443552017
            ],
            [
              0.398681640625,
              0.91015625,
              0.1099853515625,
              -0.1715472787618637
            ],
            [
              -0.67919921875,
              0.2125244140625,
              0.7021484375,
              -0.17166654765605927
            ]
          ]
        ]
      },
      {
        "psnr": 24.909439086914062,
        "distortion": 0.017523979768157005,
        "rotation_rmse": 0.016570953652262688,
        "translation_rmse_100": 0.15168926119804382,
        "t_final": [
          [
            [
              0.61572265625,
              -0.355224609375,
              0.70361328125,
              0.04675234854221344
            ],
            [
              0.399169921875,
              0.91015625,
              0.1102294921875,
              -0.1715589463710785
            ],
            [
              -0.67919921875,
              0.212890625,
              0.7021484375,
              -0.17172685265541077
            ]
          ]
        ]
      },
      {
        "psnr": 24.886320114135742,
        "distortion": 0.017454583197832108,
        "rotation_rmse": 0.01827826164662838,
        "translation_rmse_100": 0.16944701969623566,
        "t_final": [
          [
            [
              0.61572265625,
              -0.355224609375,
              0.70361328125,
              0.04643980413675308
            ],
            [
              0.399169921875,
              0.91015625,
              0.1102294921875,
              -0.17156018316745758
            ],
            [
              -0.67919921875,
              0.2130126953125,
              0.7021484375,
              -0.17172077298164368
            ]
          ]
        ]
      }
    ]
  },
  "fern_30_70_even_odd": {
    "best": {
      "psnr": 25.033517837524414,
      "distortion": 0.01710839755833149,
      "rotation_rmse": 0.022395474836230278,
      "translation_rmse_100": 0.1726401448249817,
      "t_final": [
        [
          [
            0.6162109375,
            -0.35498046875,
            0.703125,
            0.04646836593747139
          ],
          [
            0.398681640625,
            0.91064453125,
            0.11016845703125,
            -0.1711607128381729
          ],
          [
            -0.67919921875,
            0.2125244140625,
            0.7021484375,
            -0.17174211144447327
          ]
        ]
      ]
    },
    "stats_list": [
      {
        "psnr": 11.483046531677246,
        "distortion": 0.035659149289131165,
        "rotation_rmse": 14.649147987365723,
        "translation_rmse_100": 34.68214416503906,
        "t_final": [
          [
            [
              0.578125,
              -0.01032257080078125,
              0.81591796875,
              -0.4789862334728241
            ],
            [
              0.38427734375,
              0.88525390625,
              -0.26123046875,
              0.11226043850183487
            ],
            [
              -0.7197265625,
              0.46435546875,
              0.515625,
              -0.14135421812534332
            ]
          ]
        ]
      },
      {
        "psnr": 24.749494552612305,
        "distortion": 0.01718166470527649,
        "rotation_rmse": 0.05266028642654419,
        "translation_rmse_100": 0.17127284407615662,
        "t_final": [
          [
            [
              0.6162109375,
              -0.354248046875,
              0.703125,
              0.04654047265648842
            ],
            [
              0.398193359375,
              0.91064453125,
              0.10992431640625,
              -0.17100323736667633
            ],
            [
              -0.67919921875,
              0.21240234375,
              0.70263671875,
              -0.17178356647491455
            ]
          ]
        ]
      },
      {
        "psnr": 25.033517837524414,
        "distortion": 0.01710839755833149,
        "rotation_rmse": 0.022395474836230278,
        "translation_rmse_100": 0.1726401448249817,
        "t_final": [
          [
            [
              0.6162109375,
              -0.35498046875,
              0.703125,
              0.04646836593747139
            ],
            [
              0.398681640625,
              0.91064453125,
              0.11016845703125,
              -0.1711607128381729
            ],
            [
              -0.67919921875,
              0.2125244140625,
              0.7021484375,
              -0.17174211144447327
            ]
          ]
        ]
      },
      {
        "psnr": 24.96430206298828,
        "distortion": 0.01721259392797947,
        "rotation_rmse": 0.011574123054742813,
        "translation_rmse_100": 0.16414307057857513,
        "t_final": [
          [
            [
              0.61572265625,
              -0.35546875,
              0.703125,
              0.046637531369924545
            ],
            [
              0.399169921875,
              0.91015625,
              0.11053466796875,
              -0.1710895150899887
            ],
            [
              -0.67919921875,
              0.212646484375,
              0.7021484375,
              -0.17184312641620636
            ]
          ]
        ]
      },
      {
        "psnr": 10.849602699279785,
        "distortion": 0.029539620503783226,
        "rotation_rmse": 5.245249271392822,
        "translation_rmse_100": 32.81739044189453,
        "t_final": [
          [
            [
              0.65185546875,
              -0.42431640625,
              0.62841796875,
              -0.4161703586578369
            ],
            [
              0.495361328125,
              0.86572265625,
              0.07061767578125,
              0.12677668035030365
            ],
            [
              -0.57421875,
              0.26513671875,
              0.77490234375,
              -0.3029322624206543
            ]
          ]
        ]
      },
      {
        "psnr": 10.62595272064209,
        "distortion": 0.02094080299139023,
        "rotation_rmse": 5.864723205566406,
        "translation_rmse_100": 33.6001091003418,
        "t_final": [
          [
            [
              0.6455078125,
              -0.33984375,
              0.68359375,
              -0.48493868112564087
            ],
            [
              0.4736328125,
              0.880859375,
              -0.00984954833984375,
              0.026540562510490417
            ],
            [
              -0.5986328125,
              0.330078125,
              0.7294921875,
              -0.28961822390556335
            ]
          ]
        ]
      },
      {
        "psnr": 10.289753913879395,
        "distortion": 0.04924805834889412,
        "rotation_rmse": 19.31995964050293,
        "translation_rmse_100": 43.82514572143555,
        "t_final": [
          [
            [
              0.7080078125,
              -0.0216217041015625,
              0.7060546875,
              -0.42730021476745605
            ],
            [
              0.0355224609375,
              0.9990234375,
              -0.0050048828125,
              0.4161216616630554
            ],
            [
              -0.70556640625,
              0.0286102294921875,
              0.7080078125,
              -0.22804856300354004
            ]
          ]
        ]
      },
      {
        "psnr": 24.9609317779541,
        "distortion": 0.017321735620498657,
        "rotation_rmse": 0.013344169594347477,
        "translation_rmse_100": 0.1726466715335846,
        "t_final": [
          [
            [
              0.61572265625,
              -0.35498046875,
              0.70361328125,
              0.04647178575396538
            ],
            [
              0.39892578125,
              0.91015625,
              0.11004638671875,
              -0.17114698886871338
            ],
            [
              -0.67919921875,
              0.212890625,
              0.7021484375,
              -0.17174741625785828
            ]
          ]
        ]
      },
      {
        "psnr": 24.958065032958984,
        "distortion": 0.01703883893787861,
        "rotation_rmse": 0.020686186850070953,
        "translation_rmse_100": 0.17930202186107635,
        "t_final": [
          [
            [
              0.61572265625,
              -0.35498046875,
              0.70361328125,
              0.04636039584875107
            ],
            [
              0.39892578125,
              0.91015625,
              0.11029052734375,
              -0.17111986875534058
            ],
            [
              -0.6796875,
              0.2127685546875,
              0.7021484375,
              -0.17173366248607635
            ]
          ]
        ]
      },
      {
        "psnr": 25.00331687927246,
        "distortion": 0.01723732054233551,
        "rotation_rmse": 0.01755092665553093,
        "translation_rmse_100": 0.17352071404457092,
        "t_final": [
          [
            [
              0.61572265625,
              -0.35498046875,
              0.70361328125,
              0.046464718878269196
            ],
            [
              0.39892578125,
              0.91064453125,
              0.11029052734375,
              -0.17112721502780914
            ],
            [
              -0.6796875,
              0.2127685546875,
              0.7021484375,
              -0.17171679437160492
            ]
          ]
        ]
      }
    ]
  },
  "fern_50_50": {
    "best": {
      "psnr": 25.131242752075195,
      "distortion": 0.016270939260721207,
      "rotation_rmse": 0.006285118870437145,
      "translation_rmse_100": 0.199608713388443,
      "t_final": [
        [
          [
            0.6162109375,
            -0.355224609375,
            0.703125,
            0.0459136888384819
          ],
          [
            0.399169921875,
            0.91015625,
            0.11029052734375,
            -0.17165355384349823
          ],
          [
            -0.67919921875,
            0.2127685546875,
            0.70263671875,
            -0.17241917550563812
          ]
        ]
      ]
    },
    "stats_list": [
      {
        "psnr": 25.08905792236328,
        "distortion": 0.016200516372919083,
        "rotation_rmse": 0.01631954126060009,
        "translation_rmse_100": 0.18136027455329895,
        "t_final": [
          [
            [
              0.6162109375,
              -0.355224609375,
              0.703125,
              0.04621981084346771
            ],
            [
              0.39892578125,
              0.91015625,
              0.1103515625,
              -0.17164698243141174
            ],
            [
              -0.67919921875,
              0.2125244140625,
              0.70263671875,
              -0.17228692770004272
            ]
          ]
        ]
      },
      {
        "psnr": 25.03561019897461,
        "distortion": 0.016221163794398308,
        "rotation_rmse": 0.010981116443872452,
        "translation_rmse_100": 0.20557725429534912,
        "t_final": [
          [
            [
              0.6162109375,
              -0.355224609375,
              0.703125,
              0.04580937325954437
            ],
            [
              0.39892578125,
              0.91015625,
              0.1102294921875,
              -0.17159223556518555
            ],
            [
              -0.67919921875,
              0.212646484375,
              0.70263671875,
              -0.1723637878894806
            ]
          ]
        ]
      },
      {
        "psnr": 25.131242752075195,
        "distortion": 0.016270939260721207,
        "rotation_rmse": 0.006285118870437145,
        "translation_rmse_100": 0.199608713388443,
        "t_final": [
          [
            [
              0.6162109375,
              -0.355224609375,
              0.703125,
              0.0459136888384819
            ],
            [
              0.399169921875,
              0.91015625,
              0.11029052734375,
              -0.17165355384349823
            ],
            [
              -0.67919921875,
              0.2127685546875,
              0.70263671875,
              -0.17241917550563812
            ]
          ]
        ]
      },
      {
        "psnr": 10.925666809082031,
        "distortion": 0.03286062926054001,
        "rotation_rmse": 13.455632209777832,
        "translation_rmse_100": 20.592498779296875,
        "t_final": [
          [
            [
              0.8330078125,
              -0.368896484375,
              0.412109375,
              -0.24444128572940826
            ],
            [
              0.430908203125,
              0.89990234375,
              -0.06512451171875,
              0.018446747213602066
            ],
            [
              -0.346923828125,
              0.2318115234375,
              0.90869140625,
              -0.10382821410894394
            ]
          ]
        ]
      },
      {
        "psnr": 11.551783561706543,
        "distortion": 0.027056284248828888,
        "rotation_rmse": 12.653609275817871,
        "translation_rmse_100": 9.171171188354492,
        "t_final": [
          [
            [
              0.66650390625,
              -0.56884765625,
              0.48193359375,
              -0.06315942108631134
            ],
            [
              0.6298828125,
              0.775390625,
              0.0445556640625,
              -0.06027745455503464
            ],
            [
              -0.399169921875,
              0.27392578125,
              0.875,
              -0.1819811314344406
            ]
          ]
        ]
      },
      {
        "psnr": 24.979022979736328,
        "distortion": 0.016273148357868195,
        "rotation_rmse": 0.008499047718942165,
        "translation_rmse_100": 0.17860744893550873,
        "t_final": [
          [
            [
              0.61572265625,
              -0.35546875,
              0.703125,
              0.046275604516267776
            ],
            [
              0.399169921875,
              0.91015625,
              0.11041259765625,
              -0.17163661122322083
            ],
            [
              -0.67919921875,
              0.212890625,
              0.70263671875,
              -0.17234930396080017
            ]
          ]
        ]
      },
      {
        "psnr": 12.333779335021973,
        "distortion": 0.12475506961345673,
        "rotation_rmse": 14.606863975524902,
        "translation_rmse_100": 39.84209442138672,
        "t_final": [
          [
            [
              0.53515625,
              -0.6611328125,
              0.52587890625,
              0.5576438903808594
            ],
            [
              0.7080078125,
              0.6904296875,
              0.14794921875,
              0.27209094166755676
            ],
            [
              -0.4609375,
              0.293212890625,
              0.837890625,
              -0.028387174010276794
            ]
          ]
        ]
      },
      {
        "psnr": 25.03172492980957,
        "distortion": 0.01625504530966282,
        "rotation_rmse": 0.006285118870437145,
        "translation_rmse_100": 0.1956162452697754,
        "t_final": [
          [
            [
              0.6162109375,
              -0.355224609375,
              0.703125,
              0.04599066078662872
            ],
            [
              0.399169921875,
              0.91015625,
              0.11016845703125,
              -0.17151989042758942
            ],
            [
              -0.67919921875,
              0.212646484375,
              0.70263671875,
              -0.17233730852603912
            ]
          ]
        ]
      },
      {
        "psnr": 25.02355194091797,
        "distortion": 0.01610286347568035,
        "rotation_rmse": 0.021955087780952454,
        "translation_rmse_100": 0.20341430604457855,
        "t_final": [
          [
            [
              0.61572265625,
              -0.35498046875,
              0.70361328125,
              0.04586797207593918
            ],
            [
              0.399169921875,
              0.91015625,
              0.10980224609375,
              -0.17136293649673462
            ],
            [
              -0.67919921875,
              0.2130126953125,
              0.7021484375,
              -0.17219959199428558
            ]
          ]
        ]
      },
      {
        "psnr": 25.0101318359375,
        "distortion": 0.016207851469516754,
        "rotation_rmse": 0.005781847983598709,
        "translation_rmse_100": 0.1879841536283493,
        "t_final": [
          [
            [
              0.6162109375,
              -0.35498046875,
              0.703125,
              0.046109888702631
            ],
            [
              0.399169921875,
              0.91015625,
              0.11004638671875,
              -0.17171673476696014
            ],
            [
              -0.67919921875,
              0.2127685546875,
              0.70263671875,
              -0.17240537703037262
            ]
          ]
        ]
      }
    ]
  },
  "horns_0_100_even_odd": {
    "best": {
      "psnr": 26.676429748535156,
      "distortion": 0.015913596376776695,
      "rotation_rmse": 0.05593398958444595,
      "translation_rmse_100": 0.10749051719903946,
      "t_final": [
        [
          [
            0.61669921875,
            -0.354736328125,
            0.70263671875,
            0.04747503250837326
          ],
          [
            0.3984375,
            0.91064453125,
            0.1099853515625,
            -0.17214424908161163
          ],
          [
            -0.6787109375,
            0.2122802734375,
            0.70263671875,
            -0.17207041382789612
          ]
        ]
      ]
    },
    "stats_list": [
      {
        "psnr": 11.848787307739258,
        "distortion": 0.2606350779533386,
        "rotation_rmse": 18.70513153076172,
        "translation_rmse_100": 77.02615356445312,
        "t_final": [
          [
            [
              0.7744140625,
              -0.58935546875,
              0.2296142578125,
              1.3817315101623535
            ],
            [
              0.5908203125,
              0.8037109375,
              0.06903076171875,
              -0.14689518511295319
            ],
            [
              -0.2252197265625,
              0.0821533203125,
              0.970703125,
              -0.10889389365911484
            ]
          ]
        ]
      },
      {
        "psnr": 11.655474662780762,
        "distortion": 0.1284000277519226,
        "rotation_rmse": 22.021852493286133,
        "translation_rmse_100": 37.08390808105469,
        "t_final": [
          [
            [
              0.5615234375,
              0.11859130859375,
              0.81884765625,
              -0.208877295255661
            ],
            [
              -0.0136871337890625,
              0.9912109375,
              -0.1341552734375,
              0.41359761357307434
            ],
            [
              -0.8271484375,
              0.0640869140625,
              0.55810546875,
              -0.22659821808338165
            ]
          ]
        ]
      },
      {
        "psnr": 11.378663063049316,
        "distortion": 0.22070686519145966,
        "rotation_rmse": 16.075822830200195,
        "translation_rmse_100": 53.43062973022461,
        "t_final": [
          [
            [
              0.716796875,
              -0.5205078125,
              0.46435546875,
              0.8782802820205688
            ],
            [
              0.6328125,
              0.765625,
              -0.1185302734375,
              0.14790193736553192
            ],
            [
              -0.293701171875,
              0.37890625,
              0.87744140625,
              0.08676084131002426
            ]
          ]
        ]
      },
      {
        "psnr": 26.586824417114258,
        "distortion": 0.015920039266347885,
        "rotation_rmse": 0.030487220734357834,
        "translation_rmse_100": 0.12212766706943512,
        "t_final": [
          [
            [
              0.61669921875,
              -0.354736328125,
              0.703125,
              0.0472240224480629
            ],
            [
              0.398681640625,
              0.91064453125,
              0.1097412109375,
              -0.17213237285614014
            ],
            [
              -0.67919921875,
              0.2125244140625,
              0.70263671875,
              -0.1721527874469757
            ]
          ]
        ]
      },
      {
        "psnr": 26.58965492248535,
        "distortion": 0.01591339334845543,
        "rotation_rmse": 0.04072363302111626,
        "translation_rmse_100": 0.11579116433858871,
        "t_final": [
          [
            [
              0.61669921875,
              -0.354736328125,
              0.703125,
              0.047326620668172836
            ],
            [
              0.3984375,
              0.91064453125,
              0.10992431640625,
              -0.17209281027317047
            ],
            [
              -0.67919921875,
              0.21240234375,
              0.70263671875,
              -0.1720394492149353
            ]
          ]
        ]
      },
      {
        "psnr": 26.676429748535156,
        "distortion": 0.015913596376776695,
        "rotation_rmse": 0.05593398958444595,
        "translation_rmse_100": 0.10749051719903946,
        "t_final": [
          [
            [
              0.61669921875,
              -0.354736328125,
              0.70263671875,
              0.04747503250837326
            ],
            [
              0.3984375,
              0.91064453125,
              0.1099853515625,
              -0.17214424908161163
            ],
            [
              -0.6787109375,
              0.2122802734375,
              0.70263671875,
              -0.17207041382789612
            ]
          ]
        ]
      },
      {
        "psnr": 11.434980392456055,
        "distortion": 0.23398789763450623,
        "rotation_rmse": 17.137100219726562,
        "translation_rmse_100": 61.26094055175781,
        "t_final": [
          [
            [
              0.6748046875,
              0.133056640625,
              0.72607421875,
              1.0261670351028442
            ],
            [
              0.31591796875,
              0.8369140625,
              -0.447021484375,
              0.20111995935440063
            ],
            [
              -0.6669921875,
              0.53125,
              0.5224609375,
              0.008127552457153797
            ]
          ]
        ]
      },
      {
        "psnr": 26.618778228759766,
        "distortion": 0.015954885631799698,
        "rotation_rmse": 0.03138256072998047,
        "translation_rmse_100": 0.1105848029255867,
        "t_final": [
          [
            [
              0.61669921875,
              -0.354736328125,
              0.703125,
              0.04741404578089714
            ],
            [
              0.398681640625,
              0.91064453125,
              0.10980224609375,
              -0.17198757827281952
            ],
            [
              -0.67919921875,
              0.2125244140625,
              0.70263671875,
              -0.1720293164253235
            ]
          ]
        ]
      },
      {
        "psnr": 11.735698699951172,
        "distortion": 0.24749886989593506,
        "rotation_rmse": 23.108121871948242,
        "translation_rmse_100": 67.6511001586914,
        "t_final": [
          [
            [
              0.609375,
              -0.66162109375,
              0.43701171875,
              0.9135950207710266
            ],
            [
              0.77783203125,
              0.60595703125,
              -0.1663818359375,
              0.4073171615600586
            ],
            [
              -0.1546630859375,
              0.441162109375,
              0.8837890625,
              0.36692988872528076
            ]
          ]
        ]
      },
      {
        "psnr": 10.790735244750977,
        "distortion": 0.1305065006017685,
        "rotation_rmse": 14.401482582092285,
        "translation_rmse_100": 36.57832717895508,
        "t_final": [
          [
            [
              0.67578125,
              -0.471435546875,
              0.56689453125,
              -0.06192793697118759
            ],
            [
              0.62841796875,
              0.7705078125,
              -0.1083984375,
              0.24088028073310852
            ],
            [
              -0.385498046875,
              0.429443359375,
              0.81689453125,
              -0.6394977569580078
            ]
          ]
        ]
      }
    ]
  },
  "horns_30_70_even_odd": {
    "best": {
      "psnr": 26.33731460571289,
      "distortion": 0.014397311955690384,
      "rotation_rmse": 0.045921869575977325,
      "translation_rmse_100": 0.12344788014888763,
      "t_final": [
        [
          [
            0.61669921875,
            -0.35498046875,
            0.70263671875,
            0.04720568656921387
          ],
          [
            0.398681640625,
            0.91064453125,
            0.10992431640625,
            -0.1720850020647049
          ],
          [
            -0.6787109375,
            0.2122802734375,
            0.70263671875,
            -0.1717716008424759
          ]
        ]
      ]
    },
    "stats_list": [
      {
        "psnr": 11.38866138458252,
        "distortion": 0.18205860257148743,
        "rotation_rmse": 11.285118103027344,
        "translation_rmse_100": 49.38214874267578,
        "t_final": [
          [
            [
              0.75390625,
              -0.3544921875,
              0.55322265625,
              0.7070598006248474
            ],
            [
              0.30615234375,
              0.9345703125,
              0.1815185546875,
              -0.3627575635910034
            ],
            [
              -0.5810546875,
              0.03253173828125,
              0.81298828125,
              -0.6844258904457092
            ]
          ]
        ]
      },
      {
        "psnr": 11.507333755493164,
        "distortion": 0.24418237805366516,
        "rotation_rmse": 29.030532836914062,
        "translation_rmse_100": 55.42338562011719,
        "t_final": [
          [
            [
              0.176025390625,
              0.494140625,
              0.8515625,
              0.7213189601898193
            ],
            [
              0.053680419921875,
              0.85888671875,
              -0.509765625,
              0.49732041358947754
            ],
            [
              -0.98291015625,
              0.1353759765625,
              0.12457275390625,
              -0.02375331148505211
            ]
          ]
        ]
      },
      {
        "psnr": 11.62074089050293,
        "distortion": 0.2345568686723709,
        "rotation_rmse": 15.181766510009766,
        "translation_rmse_100": 68.924560546875,
        "t_final": [
          [
            [
              0.66455078125,
              -0.50390625,
              0.5517578125,
              1.1686471700668335
            ],
            [
              0.6513671875,
              0.75244140625,
              -0.0975341796875,
              -0.007632136344909668
            ],
            [
              -0.365966796875,
              0.424072265625,
              0.828125,
              0.20916928350925446
            ]
          ]
        ]
      },
      {
        "psnr": 26.328641891479492,
        "distortion": 0.014344373717904091,
        "rotation_rmse": 0.030487220734357834,
        "translation_rmse_100": 0.11298604309558868,
        "t_final": [
          [
            [
              0.61669921875,
              -0.354736328125,
              0.703125,
              0.04739997908473015
            ],
            [
              0.398681640625,
              0.91064453125,
              0.1097412109375,
              -0.17184042930603027
            ],
            [
              -0.67919921875,
              0.2125244140625,
              0.70263671875,
              -0.17171098291873932
            ]
          ]
        ]
      },
      {
        "psnr": 10.692109107971191,
        "distortion": 0.011542773805558681,
        "rotation_rmse": 5.500453472137451,
        "translation_rmse_100": 33.27666473388672,
        "t_final": [
          [
            [
              0.55859375,
              -0.327392578125,
              0.76220703125,
              -0.5179705023765564
            ],
            [
              0.3095703125,
              0.9345703125,
              0.17431640625,
              -0.10208330303430557
            ],
            [
              -0.76953125,
              0.1385498046875,
              0.62353515625,
              -0.09794249385595322
            ]
          ]
        ]
      },
      {
        "psnr": 26.337312698364258,
        "distortion": 0.01437088381499052,
        "rotation_rmse": 0.03683159872889519,
        "translation_rmse_100": 0.1229729875922203,
        "t_final": [
          [
            [
              0.61669921875,
              -0.354736328125,
              0.703125,
              0.04723648354411125
            ],
            [
              0.398681640625,
              0.91064453125,
              0.1097412109375,
              -0.1718876212835312
            ],
            [
              -0.6787109375,
              0.2125244140625,
              0.70263671875,
              -0.17162005603313446
            ]
          ]
        ]
      },
      {
        "psnr": 11.421615600585938,
        "distortion": 0.2130446434020996,
        "rotation_rmse": 7.903154373168945,
        "translation_rmse_100": 57.13264465332031,
        "t_final": [
          [
            [
              0.65771484375,
              -0.06982421875,
              0.75,
              1.0259006023406982
            ],
            [
              0.286865234375,
              0.94384765625,
              -0.1636962890625,
              -0.10430630296468735
            ],
            [
              -0.6962890625,
              0.32275390625,
              0.640625,
              -0.3168087601661682
            ]
          ]
        ]
      },
      {
        "psnr": 26.33731460571289,
        "distortion": 0.014397311955690384,
        "rotation_rmse": 0.045921869575977325,
        "translation_rmse_100": 0.12344788014888763,
        "t_final": [
          [
            [
              0.61669921875,
              -0.35498046875,
              0.70263671875,
              0.04720568656921387
            ],
            [
              0.398681640625,
              0.91064453125,
              0.10992431640625,
              -0.1720850020647049
            ],
            [
              -0.6787109375,
              0.2122802734375,
              0.70263671875,
              -0.1717716008424759
            ]
          ]
        ]
      },
      {
        "psnr": 11.703550338745117,
        "distortion": 0.22888870537281036,
        "rotation_rmse": 19.818883895874023,
        "translation_rmse_100": 64.35640716552734,
        "t_final": [
          [
            [
              0.6240234375,
              -0.66552734375,
              0.409423828125,
              0.9715886116027832
            ],
            [
              0.74658203125,
              0.66259765625,
              -0.061614990234375,
              0.0020281746983528137
            ],
            [
              -0.230224609375,
              0.34423828125,
              0.91015625,
              0.42939499020576477
            ]
          ]
        ]
      },
      {
        "psnr": 11.300946235656738,
        "distortion": 0.1647723913192749,
        "rotation_rmse": 8.92737102508545,
        "translation_rmse_100": 41.47020721435547,
        "t_final": [
          [
            [
              0.77099609375,
              -0.276123046875,
              0.57421875,
              0.2978329062461853
            ],
            [
              0.412353515625,
              0.9033203125,
              -0.11944580078125,
              0.2875902056694031
            ],
            [
              -0.4853515625,
              0.32861328125,
              0.81005859375,
              -0.6649172306060791
            ]
          ]
        ]
      }
    ]
  },
  "horns_50_50": {
    "best": {
      "psnr": 26.693078994750977,
      "distortion": 0.013297434896230698,
      "rotation_rmse": 0.012275587767362595,
      "translation_rmse_100": 0.14609535038471222,
      "t_final": [
        [
          [
            0.6162109375,
            -0.355224609375,
            0.703125,
            0.04683022201061249
          ],
          [
            0.39892578125,
            0.91015625,
            0.11016845703125,
            -0.1722331941127777
          ],
          [
            -0.67919921875,
            0.2125244140625,
            0.70263671875,
            -0.17168772220611572
          ]
        ]
      ]
    },
    "stats_list": [
      {
        "psnr": 11.2207612991333,
        "distortion": 0.19524987041950226,
        "rotation_rmse": 11.618781089782715,
        "translation_rmse_100": 47.33544921875,
        "t_final": [
          [
            [
              0.82958984375,
              -0.21484375,
              0.515625,
              0.6506618857383728
            ],
            [
              0.287353515625,
              0.95556640625,
              -0.06378173828125,
              -0.3410714566707611
            ],
            [
              -0.47900390625,
              0.2010498046875,
              0.8544921875,
              -0.7030432820320129
            ]
          ]
        ]
      },
      {
        "psnr": 11.679195404052734,
        "distortion": 0.22710666060447693,
