{
  "F_15_C_Jungle_Camo16c6": {
    "best": {
      "psnr": 16.428258895874023,
      "distortion": 0.0009393087821081281,
      "rotation_rmse": 2.4279141208438677,
      "translation_rmse_100": 1.0260075330734253,
      "t_final": [
        [
          [
            0.1279296875,
            -0.494384765625,
            0.85986328125,
            -0.07544755935668945
          ],
          [
            -0.69482421875,
            0.57373046875,
            0.433349609375,
            -0.017906036227941513
          ],
          [
            -0.7080078125,
            -0.65234375,
            -0.27001953125,
            0.09611369669437408
          ]
        ]
      ],
      "t0_rotation_rmse": 2.000375179412843,
      "t0_translation_rmse_100": 2.54654598236084
    },
    "stats_list": [
      {
        "psnr": 16.428258895874023,
        "distortion": 0.0009393087821081281,
        "rotation_rmse": 2.4279141208438677,
        "translation_rmse_100": 1.0260075330734253,
        "t_final": [
          [
            [
              0.1279296875,
              -0.494384765625,
              0.85986328125,
              -0.07544755935668945
            ],
            [
              -0.69482421875,
              0.57373046875,
              0.433349609375,
              -0.017906036227941513
            ],
            [
              -0.7080078125,
              -0.65234375,
              -0.27001953125,
              0.09611369669437408
            ]
          ]
        ],
        "t0_rotation_rmse": 2.000375179412843,
        "t0_translation_rmse_100": 2.54654598236084
      }
    ]
  },
  "Hl_Maximilian09f0": {
    "best": {
      "psnr": 16.8467960357666,
      "distortion": 0.001484039705246687,
      "rotation_rmse": 2.44982471766132,
      "translation_rmse_100": 0.7884598970413208,
      "t_final": [
        [
          [
            0.27197265625,
            0.61572265625,
            -0.7392578125,
            -0.07879326492547989
          ],
          [
            0.262451171875,
            -0.78662109375,
            -0.55908203125,
            -0.1284494698047638
          ],
          [
            -0.92578125,
            -0.042022705078125,
            -0.37548828125,
            0.015457126311957836
          ]
        ]
      ],
      "t0_rotation_rmse": 2.134846304395017,
      "t0_translation_rmse_100": 2.6988604068756104
    },
    "stats_list": [
      {
        "psnr": 16.8467960357666,
        "distortion": 0.001484039705246687,
        "rotation_rmse": 2.44982471766132,
        "translation_rmse_100": 0.7884598970413208,
        "t_final": [
          [
            [
              0.27197265625,
              0.61572265625,
              -0.7392578125,
              -0.07879326492547989
            ],
            [
              0.262451171875,
              -0.78662109375,
              -0.55908203125,
              -0.1284494698047638
            ],
            [
              -0.92578125,
              -0.042022705078125,
              -0.37548828125,
              0.015457126311957836
            ]
          ]
        ],
        "t0_rotation_rmse": 2.134846304395017,
        "t0_translation_rmse_100": 2.6988604068756104
      }
    ]
  },
  "MiG_23_Desert_Camo089f": {
    "best": {
      "psnr": 11.314123153686523,
      "distortion": 0.0018028211779892445,
      "rotation_rmse": 3.8151775671357377,
      "translation_rmse_100": 3.115555763244629,
      "t_final": [
        [
          [
            -0.806640625,
            -0.337890625,
            -0.485107421875,
            -0.2168017327785492
          ],
          [
            0.564453125,
            -0.1973876953125,
            -0.80126953125,
            0.08334489911794662
          ],
          [
            0.1749267578125,
            -0.92041015625,
            0.35009765625,
            -0.487765908241272
          ]
        ]
      ],
      "t0_rotation_rmse": 3.773725669806354,
      "t0_translation_rmse_100": 3.4211130142211914
    },
    "stats_list": [
      {
        "psnr": 11.314123153686523,
        "distortion": 0.0018028211779892445,
        "rotation_rmse": 3.8151775671357377,
        "translation_rmse_100": 3.115555763244629,
        "t_final": [
          [
            [
              -0.806640625,
              -0.337890625,
              -0.485107421875,
              -0.2168017327785492
            ],
            [
              0.564453125,
              -0.1973876953125,
              -0.80126953125,
              0.08334489911794662
            ],
            [
              0.1749267578125,
              -0.92041015625,
              0.35009765625,
              -0.487765908241272
            ]
          ]
        ],
        "t0_rotation_rmse": 3.773725669806354,
        "t0_translation_rmse_100": 3.4211130142211914
      }
    ]
  },
  "Tolix_Industrial_Chairs3f2d": {
    "best": {
      "psnr": 9.62014389038086,
      "distortion": 0.0021390095353126526,
      "rotation_rmse": 2.20532902771869,
      "translation_rmse_100": 1.3407915830612183,
      "t_final": [
        [
          [
            -0.21533203125,
            0.134033203125,
            0.96728515625,
            0.08603008091449738
          ],
          [
            0.55078125,
            -0.80078125,
            0.233642578125,
            -0.00966867059469223
          ],
          [
            0.80615234375,
            0.58349609375,
            0.09857177734375,
            -0.04077935963869095
          ]
        ]
      ],
      "t0_rotation_rmse": 1.8848000134978204,
      "t0_translation_rmse_100": 1.5538007020950317
    },
    "stats_list": [
      {
        "psnr": 9.62014389038086,
        "distortion": 0.0021390095353126526,
        "rotation_rmse": 2.20532902771869,
        "translation_rmse_100": 1.3407915830612183,
        "t_final": [
          [
            [
              -0.21533203125,
              0.134033203125,
              0.96728515625,
              0.08603008091449738
            ],
            [
              0.55078125,
              -0.80078125,
              0.233642578125,
              -0.00966867059469223
            ],
            [
              0.80615234375,
              0.58349609375,
              0.09857177734375,
              -0.04077935963869095
            ]
          ]
        ],
        "t0_rotation_rmse": 1.8848000134978204,
        "t0_translation_rmse_100": 1.5538007020950317
      }
    ]
  },
  "Procedural_Bananas3a07": {
    "best": {
      "psnr": 9.71950912475586,
      "distortion": 0.0010065267561003566,
      "rotation_rmse": 15.949599424469245,
      "translation_rmse_100": 29.876617431640625,
      "t_final": [
        [
          [
            0.96630859375,
            -0.12200927734375,
            -0.226806640625,
            -0.1710657775402069
          ],
          [
            -0.170166015625,
            -0.9638671875,
            -0.206787109375,
            0.5130469799041748
          ],
          [
            -0.1932373046875,
            0.2384033203125,
            -0.9521484375,
            0.06097220256924629
          ]
        ]
      ],
      "t0_rotation_rmse": 16.447488227962943,
      "t0_translation_rmse_100": 32.961944580078125
    },
    "stats_list": [
      {
        "psnr": 9.71950912475586,
        "distortion": 0.0010065267561003566,
        "rotation_rmse": 15.949599424469245,
        "translation_rmse_100": 29.876617431640625,
        "t_final": [
          [
            [
              0.96630859375,
              -0.12200927734375,
              -0.226806640625,
              -0.1710657775402069
            ],
            [
              -0.170166015625,
              -0.9638671875,
              -0.206787109375,
              0.5130469799041748
            ],
            [
              -0.1932373046875,
              0.2384033203125,
              -0.9521484375,
              0.06097220256924629
            ]
          ]
        ],
        "t0_rotation_rmse": 16.447488227962943,
        "t0_translation_rmse_100": 32.961944580078125
      }
    ]
  },
  "Banana_for_scale0a07": {
    "best": {
      "psnr": 19.003196716308594,
      "distortion": 0.000676292460411787,
      "rotation_rmse": 3.647304610965544,
      "translation_rmse_100": 1.4167606830596924,
      "t_final": [
        [
          [
            0.76953125,
            -0.61279296875,
            0.1781005859375,
            0.13730107247829437
          ],
          [
            -0.63134765625,
            -0.77197265625,
            0.07208251953125,
            -0.015867438167333603
          ],
          [
            0.09332275390625,
            -0.16796875,
            -0.9814453125,
            0.07132802158594131
          ]
        ]
      ],
      "t0_rotation_rmse": 3.4939226279348246,
      "t0_translation_rmse_100": 1.2800037860870361
    },
    "stats_list": [
      {
        "psnr": 19.003196716308594,
        "distortion": 0.000676292460411787,
        "rotation_rmse": 3.647304610965544,
        "translation_rmse_100": 1.4167606830596924,
        "t_final": [
          [
            [
              0.76953125,
              -0.61279296875,
              0.1781005859375,
              0.13730107247829437
            ],
            [
              -0.63134765625,
              -0.77197265625,
              0.07208251953125,
              -0.015867438167333603
            ],
            [
              0.09332275390625,
              -0.16796875,
              -0.9814453125,
              0.07132802158594131
            ]
          ]
        ],
        "t0_rotation_rmse": 3.4939226279348246,
        "t0_translation_rmse_100": 1.2800037860870361
      }
    ]
  },
  "PB170_Sneaker_Sm18c3": {
    "best": {
      "psnr": 18.300548553466797,
      "distortion": 0.0017396104522049427,
      "rotation_rmse": 1.712491544425709,
      "translation_rmse_100": 0.637461245059967,
      "t_final": [
        [
          [
            0.62548828125,
            -0.72412109375,
            0.291015625,
            0.14531832933425903
          ],
          [
            0.7216796875,
            0.67822265625,
            0.1365966796875,
            0.004614474251866341
          ],
          [
            -0.29638671875,
            0.1246337890625,
            0.947265625,
            0.33487698435783386
          ]
        ]
      ],
      "t0_rotation_rmse": 2.927648798820207,
      "t0_translation_rmse_100": 0.8705392479896545
    },
    "stats_list": [
      {
        "psnr": 18.300548553466797,
        "distortion": 0.0017396104522049427,
        "rotation_rmse": 1.712491544425709,
        "translation_rmse_100": 0.637461245059967,
        "t_final": [
          [
            [
              0.62548828125,
              -0.72412109375,
              0.291015625,
              0.14531832933425903
            ],
            [
              0.7216796875,
              0.67822265625,
              0.1365966796875,
              0.004614474251866341
            ],
            [
              -0.29638671875,
              0.1246337890625,
              0.947265625,
              0.33487698435783386
            ]
          ]
        ],
        "t0_rotation_rmse": 2.927648798820207,
        "t0_translation_rmse_100": 0.8705392479896545
      }
    ]
  },
  "Acoustic_Guitar0aa0": {
    "best": {
      "psnr": 14.251789093017578,
      "distortion": 0.0008701931219547987,
      "rotation_rmse": 2.146220468693891,
      "translation_rmse_100": 0.18678084015846252,
      "t_final": [
        [
          [
            0.685546875,
            -0.2041015625,
            -0.69873046875,
            0.09003151953220367
          ],
          [
            0.138916015625,
            0.97900390625,
            -0.149658203125,
            0.012523024342954159
          ],
          [
            0.71484375,
            0.005523681640625,
            0.69921875,
            0.18580597639083862
          ]
        ]
      ],
      "t0_rotation_rmse": 1.8633797742394242,
      "t0_translation_rmse_100": 0.5991495847702026
    },
    "stats_list": [
      {
        "psnr": 14.251789093017578,
        "distortion": 0.0008701931219547987,
        "rotation_rmse": 2.146220468693891,
        "translation_rmse_100": 0.18678084015846252,
        "t_final": [
          [
            [
              0.685546875,
              -0.2041015625,
              -0.69873046875,
              0.09003151953220367
            ],
            [
              0.138916015625,
              0.97900390625,
              -0.149658203125,
              0.012523024342954159
            ],
            [
              0.71484375,
              0.005523681640625,
              0.69921875,
              0.18580597639083862
            ]
          ]
        ],
        "t0_rotation_rmse": 1.8633797742394242,
        "t0_translation_rmse_100": 0.5991495847702026
      }
    ]
  },
  "Banana_3D_Scan2373": {
    "best": {
      "psnr": 16.942481994628906,
      "distortion": 0.0012607930693775415,
      "rotation_rmse": 0.02562345176980362,
      "translation_rmse_100": 0.7496498823165894,
      "t_final": [
        [
          [
            -0.68359375,
            0.6220703125,
            -0.382080078125,
            -0.09865821152925491
          ],
          [
            0.73046875,
            0.59228515625,
            -0.341064453125,
            0.48864901065826416
          ],
          [
            0.0142364501953125,
            -0.51171875,
            -0.859375,
            0.14318662881851196
          ]
        ]
      ],
      "t0_rotation_rmse": 2.164232487341049,
      "t0_translation_rmse_100": 1.0967873334884644
    },
    "stats_list": [
      {
        "psnr": 16.942481994628906,
        "distortion": 0.0012607930693775415,
        "rotation_rmse": 0.02562345176980362,
        "translation_rmse_100": 0.7496498823165894,
        "t_final": [
          [
            [
              -0.68359375,
              0.6220703125,
              -0.382080078125,
              -0.09865821152925491
            ],
            [
              0.73046875,
              0.59228515625,
              -0.341064453125,
              0.48864901065826416
            ],
            [
              0.0142364501953125,
              -0.51171875,
              -0.859375,
              0.14318662881851196
            ]
          ]
        ],
        "t0_rotation_rmse": 2.164232487341049,
        "t0_translation_rmse_100": 1.0967873334884644
      }
    ]
  },
  "Test_Model15b4": {
    "best": {
      "psnr": 10.642057418823242,
      "distortion": 0.001143073197454214,
      "rotation_rmse": 2.0675688597017094,
      "translation_rmse_100": 0.2873539924621582,
      "t_final": [
        [
          [
            0.935546875,
            0.171875,
            -0.30810546875,
            0.3276980221271515
          ],
          [
            -0.091552734375,
            0.96142578125,
            0.25830078125,
            -0.3810851573944092
          ],
          [
            0.340576171875,
            -0.213623046875,
            0.91552734375,
            0.39247825741767883
          ]
        ]
      ],
      "t0_rotation_rmse": 0.8084546254457682,
      "t0_translation_rmse_100": 1.5879511833190918
    },
    "stats_list": [
      {
        "psnr": 10.642057418823242,
        "distortion": 0.001143073197454214,
        "rotation_rmse": 2.0675688597017094,
        "translation_rmse_100": 0.2873539924621582,
        "t_final": [
          [
            [
              0.935546875,
              0.171875,
              -0.30810546875,
              0.3276980221271515
            ],
            [
              -0.091552734375,
              0.96142578125,
              0.25830078125,
              -0.3810851573944092
            ],
            [
              0.340576171875,
              -0.213623046875,
              0.91552734375,
              0.39247825741767883
            ]
          ]
        ],
        "t0_rotation_rmse": 0.8084546254457682,
        "t0_translation_rmse_100": 1.5879511833190918
      }
    ]
  },
  "Hunter_Boy_With_Rabbit_Figurine0a5b": {
    "best": {
      "psnr": 18.306556701660156,
      "distortion": 0.0013356818817555904,
      "rotation_rmse": 0.9905404414672069,
      "translation_rmse_100": 1.4463096857070923,
      "t_final": [
        [
          [
            0.83447265625,
            -0.489501953125,
            -0.252685546875,
            0.28634676337242126
          ],
          [
            0.06072998046875,
            -0.37451171875,
            0.92529296875,
            -0.04067734628915787
          ],
          [
            -0.54736328125,
            -0.7880859375,
            -0.282958984375,
            0.009933493100106716
          ]
        ]
      ],
      "t0_rotation_rmse": 2.1470896674266773,
      "t0_translation_rmse_100": 0.16609728336334229
    },
    "stats_list": [
      {
        "psnr": 18.306556701660156,
        "distortion": 0.0013356818817555904,
        "rotation_rmse": 0.9905404414672069,
        "translation_rmse_100": 1.4463096857070923,
        "t_final": [
          [
            [
              0.83447265625,
              -0.489501953125,
              -0.252685546875,
              0.28634676337242126
            ],
            [
              0.06072998046875,
              -0.37451171875,
              0.92529296875,
              -0.04067734628915787
            ],
            [
              -0.54736328125,
              -0.7880859375,
              -0.282958984375,
              0.009933493100106716
            ]
          ]
        ],
        "t0_rotation_rmse": 2.1470896674266773,
        "t0_translation_rmse_100": 0.16609728336334229
      }
    ]
  },
  "Elephant1608": {
    "best": {
      "psnr": 15.742791175842285,
      "distortion": 0.001511365408077836,
      "rotation_rmse": 2.892971922663924,
      "translation_rmse_100": 1.343446969985962,
      "t_final": [
        [
          [
            -0.0869140625,
            0.56591796875,
            0.81982421875,
            -0.38531559705734253
          ],
          [
            0.43603515625,
            0.76123046875,
            -0.4794921875,
            -0.2551867365837097
          ],
          [
            -0.8955078125,
            0.315673828125,
            -0.312744140625,
            -0.3786006271839142
          ]
        ]
      ],
      "t0_rotation_rmse": 3.4397527647342043,
      "t0_translation_rmse_100": 2.050691843032837
    },
    "stats_list": [
      {
        "psnr": 15.742791175842285,
        "distortion": 0.001511365408077836,
        "rotation_rmse": 2.892971922663924,
        "translation_rmse_100": 1.343446969985962,
        "t_final": [
          [
            [
              -0.0869140625,
              0.56591796875,
              0.81982421875,
              -0.38531559705734253
            ],
            [
              0.43603515625,
              0.76123046875,
              -0.4794921875,
              -0.2551867365837097
            ],
            [
              -0.8955078125,
              0.315673828125,
              -0.312744140625,
              -0.3786006271839142
            ]
          ]
        ],
        "t0_rotation_rmse": 3.4397527647342043,
        "t0_translation_rmse_100": 2.050691843032837
      }
    ]
  },
  "Ornate_Medieval_Shield22a7": {
    "best": {
      "psnr": 9.258445739746094,
      "distortion": 0.001991666853427887,
      "rotation_rmse": 1.9504065319174155,
      "translation_rmse_100": 2.284494400024414,
      "t_final": [
        [
          [
            0.93212890625,
            0.295166015625,
            -0.208251953125,
            0.017266441136598587
          ],
          [
            0.281005859375,
            -0.2310791015625,
            0.931640625,
            0.35080790519714355
          ],
          [
            0.2269287109375,
            -0.92724609375,
            -0.29833984375,
            0.3546619713306427
          ]
        ]
      ],
      "t0_rotation_rmse": 0.8772700174125218,
      "t0_translation_rmse_100": 0.35985374450683594
    },
    "stats_list": [
      {
        "psnr": 9.258445739746094,
        "distortion": 0.001991666853427887,
        "rotation_rmse": 1.9504065319174155,
        "translation_rmse_100": 2.284494400024414,
        "t_final": [
          [
            [
              0.93212890625,
              0.295166015625,
              -0.208251953125,
              0.017266441136598587
            ],
            [
              0.281005859375,
              -0.2310791015625,
              0.931640625,
              0.35080790519714355
            ],
            [
              0.2269287109375,
              -0.92724609375,
              -0.29833984375,
              0.3546619713306427
            ]
          ]
        ],
        "t0_rotation_rmse": 0.8772700174125218,
        "t0_translation_rmse_100": 0.35985374450683594
      }
    ]
  },
  "Vikings_shield_and_axe1973": {
    "best": {
      "psnr": 9.305747032165527,
      "distortion": 0.000974655500613153,
      "rotation_rmse": 17.01636503306932,
      "translation_rmse_100": 4.6302289962768555,
      "t_final": [
        [
          [
            0.09100341796875,
            -0.93212890625,
            0.351806640625,
            0.3521937429904938
          ],
          [
            0.425537109375,
            -0.282958984375,
            -0.85986328125,
            0.36619922518730164
          ],
          [
            0.900390625,
            0.2279052734375,
            0.37060546875,
            0.15854611992835999
          ]
        ]
      ],
      "t0_rotation_rmse": 16.84390057666786,
      "t0_translation_rmse_100": 2.8647871017456055
    },
    "stats_list": [
      {
        "psnr": 9.305747032165527,
        "distortion": 0.000974655500613153,
        "rotation_rmse": 17.01636503306932,
        "translation_rmse_100": 4.6302289962768555,
        "t_final": [
          [
            [
              0.09100341796875,
              -0.93212890625,
              0.351806640625,
              0.3521937429904938
            ],
            [
              0.425537109375,
              -0.282958984375,
              -0.85986328125,
              0.36619922518730164
            ],
            [
              0.900390625,
              0.2279052734375,
              0.37060546875,
              0.15854611992835999
            ]
          ]
        ],
        "t0_rotation_rmse": 16.84390057666786,
        "t0_translation_rmse_100": 2.8647871017456055
      }
    ]
  },
  "Xbox_360_Controller0866": {
    "best": {
      "psnr": 15.242350578308105,
      "distortion": 0.0012980452738702297,
      "rotation_rmse": 1.5976882115398858,
      "translation_rmse_100": 1.6977019309997559,
      "t_final": [
        [
          [
            -0.0251007080078125,
            0.662109375,
            -0.7490234375,
            0.06473945081233978
          ],
          [
            0.54931640625,
            0.63525390625,
            0.54296875,
            -0.04625101387500763
          ],
          [
            0.8349609375,
            -0.398193359375,
            -0.3798828125,
            0.4686695635318756
          ]
        ]
      ],
      "t0_rotation_rmse": 3.044267856901955,
      "t0_translation_rmse_100": 0.7318210005760193
    },
    "stats_list": [
      {
        "psnr": 15.242350578308105,
        "distortion": 0.0012980452738702297,
        "rotation_rmse": 1.5976882115398858,
        "translation_rmse_100": 1.6977019309997559,
        "t_final": [
          [
            [
              -0.0251007080078125,
              0.662109375,
              -0.7490234375,
              0.06473945081233978
            ],
            [
              0.54931640625,
              0.63525390625,
              0.54296875,
              -0.04625101387500763
            ],
            [
              0.8349609375,
              -0.398193359375,
              -0.3798828125,
              0.4686695635318756
            ]
          ]
        ],
        "t0_rotation_rmse": 3.044267856901955,
        "t0_translation_rmse_100": 0.7318210005760193
      }
    ]
  },
  "Petroleum_lamp0230": {
    "best": {
      "psnr": 15.085909843444824,
      "distortion": 0.001902294927276671,
      "rotation_rmse": 4.374872754879953,
      "translation_rmse_100": 0.20672380924224854,
      "t_final": [
        [
          [
            -0.1922607421875,
            -0.55859375,
            0.806640625,
            0.3891473114490509
          ],
          [
            -0.64208984375,
            0.693359375,
            0.3271484375,
            -0.19112640619277954
          ],
          [
            -0.7421875,
            -0.455322265625,
            -0.4921875,
            -0.049635306000709534
          ]
        ]
      ],
      "t0_rotation_rmse": 3.8027608289171075,
      "t0_translation_rmse_100": 0.8453041315078735
    },
    "stats_list": [
      {
        "psnr": 15.085909843444824,
        "distortion": 0.001902294927276671,
        "rotation_rmse": 4.374872754879953,
        "translation_rmse_100": 0.20672380924224854,
        "t_final": [
          [
            [
              -0.1922607421875,
              -0.55859375,
              0.806640625,
              0.3891473114490509
            ],
            [
              -0.64208984375,
              0.693359375,
              0.3271484375,
              -0.19112640619277954
            ],
            [
              -0.7421875,
              -0.455322265625,
              -0.4921875,
              -0.049635306000709534
            ]
          ]
        ],
        "t0_rotation_rmse": 3.8027608289171075,
        "t0_translation_rmse_100": 0.8453041315078735
      }
    ]
  },
  "26851W_Odeon_Lightab66": {
    "best": {
      "psnr": 16.243009567260742,
      "distortion": 0.001609117491170764,
      "rotation_rmse": 1.573123194609589,
      "translation_rmse_100": 0.20167529582977295,
      "t_final": [
        [
          [
            -0.841796875,
            -0.213623046875,
            -0.49609375,
            0.06790539622306824
          ],
          [
            -0.41552734375,
            -0.3310546875,
            0.84716796875,
            0.29371532797813416
          ],
          [
            -0.344970703125,
            0.9189453125,
            0.18994140625,
            -0.29541441798210144
          ]
        ]
      ],
      "t0_rotation_rmse": 2.3289672073951566,
      "t0_translation_rmse_100": 0.43055713176727295
    },
    "stats_list": [
      {
        "psnr": 16.243009567260742,
        "distortion": 0.001609117491170764,
        "rotation_rmse": 1.573123194609589,
        "translation_rmse_100": 0.20167529582977295,
        "t_final": [
          [
            [
              -0.841796875,
              -0.213623046875,
              -0.49609375,
              0.06790539622306824
            ],
            [
              -0.41552734375,
              -0.3310546875,
              0.84716796875,
              0.29371532797813416
            ],
            [
              -0.344970703125,
              0.9189453125,
              0.18994140625,
              -0.29541441798210144
            ]
          ]
        ],
        "t0_rotation_rmse": 2.3289672073951566,
        "t0_translation_rmse_100": 0.43055713176727295
      }
    ]
  },
  "Teddy1b47": {
    "best": {
      "psnr": 16.05459213256836,
      "distortion": 0.0011770089622586966,
      "rotation_rmse": 2.57395122892504,
      "translation_rmse_100": 2.024183511734009,
      "t_final": [
        [
          [
            0.3193359375,
            0.006542205810546875,
            0.947265625,
            0.08680731058120728
          ],
          [
            -0.57666015625,
            -0.79150390625,
            0.199951171875,
            -0.18826089799404144
          ],
          [
            0.751953125,
            -0.61083984375,
            -0.2490234375,
            -0.16129642724990845
          ]
        ]
      ],
      "t0_rotation_rmse": 3.2125260081419262,
      "t0_translation_rmse_100": 1.1679552793502808
    },
    "stats_list": [
      {
        "psnr": 16.05459213256836,
        "distortion": 0.0011770089622586966,
        "rotation_rmse": 2.57395122892504,
        "translation_rmse_100": 2.024183511734009,
        "t_final": [
          [
            [
              0.3193359375,
              0.006542205810546875,
              0.947265625,
              0.08680731058120728
            ],
            [
              -0.57666015625,
              -0.79150390625,
              0.199951171875,
              -0.18826089799404144
            ],
            [
              0.751953125,
              -0.61083984375,
              -0.2490234375,
              -0.16129642724990845
            ]
          ]
        ],
        "t0_rotation_rmse": 3.2125260081419262,
        "t0_translation_rmse_100": 1.1679552793502808
      }
    ]
  },
  "Figura_San_Juan260d": {
    "best": {
      "psnr": 19.654142379760742,
      "distortion": 0.0008664419874548912,
      "rotation_rmse": 1.2562724241166627,
      "translation_rmse_100": 0.24109631776809692,
      "t_final": [
        [
          [
            0.7080078125,
            0.49853515625,
            -0.50048828125,
            -0.15511029958724976
          ],
          [
            0.70654296875,
            -0.50048828125,
            0.5009765625,
            0.004389399662613869
          ],
          [
            -0.0006737709045410156,
            -0.70751953125,
            -0.70654296875,
            0.0240012314170599
          ]
        ]
      ],
      "t0_rotation_rmse": 2.734024457360837,
      "t0_translation_rmse_100": 2.894599676132202
    },
    "stats_list": [
      {
        "psnr": 19.654142379760742,
        "distortion": 0.0008664419874548912,
        "rotation_rmse": 1.2562724241166627,
        "translation_rmse_100": 0.24109631776809692,
        "t_final": [
          [
            [
              0.7080078125,
              0.49853515625,
              -0.50048828125,
              -0.15511029958724976
            ],
            [
              0.70654296875,
              -0.50048828125,
              0.5009765625,
              0.004389399662613869
            ],
            [
              -0.0006737709045410156,
              -0.70751953125,
              -0.70654296875,
              0.0240012314170599
            ]
          ]
        ],
        "t0_rotation_rmse": 2.734024457360837,
        "t0_translation_rmse_100": 2.894599676132202
      }
    ]
  },
  "Stylized_Skateboard10c7": {
    "best": {
      "psnr": 11.785630226135254,
      "distortion": 0.0018715796759352088,
      "rotation_rmse": 179.9743765482302,
      "translation_rmse_100": 2.3353636264801025,
      "t_final": [
        [
          [
            -0.642578125,
            -0.6474609375,
            0.40966796875,
            -0.3028643727302551
          ],
          [
            -0.6669921875,
            0.21044921875,
            -0.71435546875,
            0.14439228177070618
          ],
          [
            0.376220703125,
            -0.732421875,
            -0.5673828125,
            0.1529817134141922
          ]
        ]
      ],
      "t0_rotation_rmse": 179.47598904777277,
      "t0_translation_rmse_100": 3.9344847202301025
    },
    "stats_list": [
      {
        "psnr": 11.785630226135254,
        "distortion": 0.0018715796759352088,
        "rotation_rmse": 179.9743765482302,
        "translation_rmse_100": 2.3353636264801025,
        "t_final": [
          [
            [
              -0.642578125,
              -0.6474609375,
              0.40966796875,
              -0.3028643727302551
            ],
            [
              -0.6669921875,
              0.21044921875,
              -0.71435546875,
              0.14439228177070618
            ],
            [
              0.376220703125,
              -0.732421875,
              -0.5673828125,
              0.1529817134141922
            ]
          ]
        ],
        "t0_rotation_rmse": 179.47598904777277,
        "t0_translation_rmse_100": 3.9344847202301025
      }
    ]
  },
  "Lantern0231": {
    "best": {
      "psnr": 15.486590385437012,
      "distortion": 0.0013493720907717943,
      "rotation_rmse": 176.26942337702278,
      "translation_rmse_100": 34.09891891479492,
      "t_final": [
        [
          [
            0.057830810546875,
            -0.492919921875,
            0.86767578125,
            -0.01977882906794548
          ],
          [
            0.99755859375,
            -0.007236480712890625,
            -0.070556640625,
            -0.039805054664611816
          ],
          [
            0.041046142578125,
            0.86962890625,
            0.491455078125,
            -0.16239887475967407
          ]
        ]
      ],
      "t0_rotation_rmse": 176.5206943507612,
      "t0_translation_rmse_100": 35.35700607299805
    },
    "stats_list": [
      {
        "psnr": 15.486590385437012,
        "distortion": 0.0013493720907717943,
        "rotation_rmse": 176.26942337702278,
        "translation_rmse_100": 34.09891891479492,
        "t_final": [
          [
            [
              0.057830810546875,
              -0.492919921875,
              0.86767578125,
              -0.01977882906794548
            ],
            [
              0.99755859375,
              -0.007236480712890625,
              -0.070556640625,
              -0.039805054664611816
            ],
            [
              0.041046142578125,
              0.86962890625,
              0.491455078125,
              -0.16239887475967407
            ]
          ]
        ],
        "t0_rotation_rmse": 176.5206943507612,
        "t0_translation_rmse_100": 35.35700607299805
      }
    ]
  },
  "model_New_Qlone183a": {
    "best": {
      "psnr": 18.082942962646484,
      "distortion": 0.0012122986372560263,
      "rotation_rmse": 1.7082778023566105,
      "translation_rmse_100": 1.4438163042068481,
      "t_final": [
        [
          [
            0.7099609375,
            -0.470458984375,
            0.52392578125,
            -0.013382377102971077
          ],
          [
            -0.250732421875,
            -0.8642578125,
            -0.436279296875,
            -0.015357926487922668
          ],
          [
            0.65771484375,
            0.1785888671875,
            -0.7314453125,
            -0.08328338712453842
          ]
        ]
      ],
      "t0_rotation_rmse": 2.898336638996346,
      "t0_translation_rmse_100": 1.321269154548645
    },
    "stats_list": [
      {
        "psnr": 18.082942962646484,
        "distortion": 0.0012122986372560263,
        "rotation_rmse": 1.7082778023566105,
        "translation_rmse_100": 1.4438163042068481,
        "t_final": [
          [
            [
              0.7099609375,
              -0.470458984375,
              0.52392578125,
              -0.013382377102971077
            ],
            [
              -0.250732421875,
              -0.8642578125,
              -0.436279296875,
              -0.015357926487922668
            ],
            [
              0.65771484375,
              0.1785888671875,
              -0.7314453125,
              -0.08328338712453842
            ]
          ]
        ],
        "t0_rotation_rmse": 2.898336638996346,
        "t0_translation_rmse_100": 1.321269154548645
      }
    ]
  },
  "FireHydrant_Fortnite_Style_0152": {
    "best": {
      "psnr": 18.744544982910156,
      "distortion": 0.0011059168027713895,
      "rotation_rmse": 4.0716763605815816,
      "translation_rmse_100": 0.4002995789051056,
      "t_final": [
        [
          [
            0.9326171875,
            -0.35791015625,
            0.0528564453125,
            -0.05218561738729477
          ],
          [
            0.35205078125,
            0.86474609375,
            -0.357666015625,
            0.2616000175476074
          ],
          [
            0.0821533203125,
            0.35205078125,
            0.9326171875,
            -0.03693016245961189
          ]
        ]
      ],
      "t0_rotation_rmse": 5.220994462654223,
      "t0_translation_rmse_100": 2.456145763397217
    },
    "stats_list": [
      {
        "psnr": 18.744544982910156,
        "distortion": 0.0011059168027713895,
        "rotation_rmse": 4.0716763605815816,
        "translation_rmse_100": 0.4002995789051056,
        "t_final": [
          [
            [
              0.9326171875,
              -0.35791015625,
              0.0528564453125,
              -0.05218561738729477
            ],
            [
              0.35205078125,
              0.86474609375,
              -0.357666015625,
              0.2616000175476074
            ],
            [
              0.0821533203125,
              0.35205078125,
              0.9326171875,
              -0.03693016245961189
            ]
          ]
        ],
        "t0_rotation_rmse": 5.220994462654223,
        "t0_translation_rmse_100": 2.456145763397217
      }
    ]
  },
  "chair_teacher4659": {
    "best": {
      "psnr": 10.988751411437988,
      "distortion": 0.001393251121044159,
      "rotation_rmse": 0.02562345176980362,
      "translation_rmse_100": 0.7910404205322266,
      "t_final": [
        [
          [
            0.9208984375,
            0.2313232421875,
            -0.31396484375,
            0.06770026683807373
          ],
          [
            0.35693359375,
            -0.1746826171875,
            0.91796875,
            0.20468653738498688
          ],
          [
            0.1573486328125,
            -0.95751953125,
            -0.243408203125,
            0.08750364929437637
          ]
        ]
      ],
      "t0_rotation_rmse": 0.8882529032250686,
      "t0_translation_rmse_100": 1.3161983489990234
    },
    "stats_list": [
      {
        "psnr": 10.988751411437988,
        "distortion": 0.001393251121044159,
        "rotation_rmse": 0.02562345176980362,
        "translation_rmse_100": 0.7910404205322266,
        "t_final": [
          [
            [
              0.9208984375,
              0.2313232421875,
              -0.31396484375,
              0.06770026683807373
            ],
            [
              0.35693359375,
              -0.1746826171875,
              0.91796875,
              0.20468653738498688
            ],
            [
              0.1573486328125,
              -0.95751953125,
              -0.243408203125,
              0.08750364929437637
            ]
          ]
        ],
        "t0_rotation_rmse": 0.8882529032250686,
        "t0_translation_rmse_100": 1.3161983489990234
      }
    ]
  },
  "Traffic_Cone37b5": {
    "best": {
      "psnr": 17.091232299804688,
      "distortion": 0.0037262742407619953,
      "rotation_rmse": 15.931112765096204,
      "translation_rmse_100": 11.460724830627441,
      "t_final": [
        [
          [
            0.12408447265625,
            -0.9873046875,
            0.09625244140625,
            -0.17348183691501617
          ],
          [
            0.78271484375,
            0.156982421875,
            0.6025390625,
            0.040384355932474136
          ],
          [
            -0.60986328125,
            0.0005559921264648438,
            0.7919921875,
            0.2832491993904114
          ]
        ]
      ],
      "t0_rotation_rmse": 16.412488083104503,
      "t0_translation_rmse_100": 11.006394386291504
    },
    "stats_list": [
      {
        "psnr": 17.091232299804688,
        "distortion": 0.0037262742407619953,
        "rotation_rmse": 15.931112765096204,
        "translation_rmse_100": 11.460724830627441,
        "t_final": [
          [
            [
              0.12408447265625,
              -0.9873046875,
              0.09625244140625,
