{
  "fern_0_100_even_odd": {
    "best": {
      "psnr": 23.273401260375977,
      "distortion": 0.01930793933570385,
      "rotation_rmse": 0.04304336756467819,
      "translation_rmse": 0.000371379719581455,
      "t_final": [
        [
          [
            0.91357421875,
            0.1807861328125,
            0.36474609375,
            -0.35423263907432556
          ],
          [
            0.10638427734375,
            0.7587890625,
            -0.642578125,
            0.33103856444358826
          ],
          [
            -0.39306640625,
            0.62548828125,
            0.673828125,
            0.07386728376150131
          ]
        ]
      ]
    },
    "stats_list": [
      {
        "psnr": 15.846305847167969,
        "distortion": 0.02009766362607479,
        "rotation_rmse": 3.029921770095825,
        "translation_rmse": 0.0297857578843832,
        "t_final": [
          [
            [
              0.92138671875,
              0.08447265625,
              0.3798828125,
              -0.38396382331848145
            ],
            [
              0.176025390625,
              0.7802734375,
              -0.60009765625,
              0.29838797450065613
            ],
            [
              -0.34716796875,
              0.61962890625,
              0.7041015625,
              0.04724698141217232
            ]
          ]
        ]
      },
      {
        "psnr": 21.782236099243164,
        "distortion": 0.01999499648809433,
        "rotation_rmse": 0.03293606638908386,
        "translation_rmse": 0.0005009900778532028,
        "t_final": [
          [
            [
              0.91357421875,
              0.1806640625,
              0.36474609375,
              -0.35410091280937195
            ],
            [
              0.1065673828125,
              0.7587890625,
              -0.642578125,
              0.3310389518737793
            ],
            [
              -0.392822265625,
              0.6259765625,
              0.673828125,
              0.07361086457967758
            ]
          ]
        ]
      },
      {
        "psnr": 9.133415222167969,
        "distortion": 0.19987806677818298,
        "rotation_rmse": 23.314748764038086,
        "translation_rmse": 0.4242956042289734,
        "t_final": [
          [
            [
              0.79541015625,
              -0.51806640625,
              0.31396484375,
              0.12584225833415985
            ],
            [
              0.587890625,
              0.7861328125,
              -0.191650390625,
              0.012381777167320251
            ],
            [
              -0.1474609375,
              0.3369140625,
              0.93017578125,
              -0.3820614814758301
            ]
          ]
        ]
      },
      {
        "psnr": 11.95203685760498,
        "distortion": 0.02607460878789425,
        "rotation_rmse": 27.678531646728516,
        "translation_rmse": 0.28304579854011536,
        "t_final": [
          [
            [
              0.875,
              -0.394287109375,
              0.280517578125,
              -0.5939114093780518
            ],
            [
              0.364013671875,
              0.91845703125,
              0.15576171875,
              0.09989478439092636
            ],
            [
              -0.319091796875,
              -0.034210205078125,
              0.947265625,
              -0.28568530082702637
            ]
          ]
        ]
      },
      {
        "psnr": 11.022109031677246,
        "distortion": 0.13007158041000366,
        "rotation_rmse": 23.35956382751465,
        "translation_rmse": 0.20657293498516083,
        "t_final": [
          [
            [
              0.8076171875,
              -0.287841796875,
              0.5146484375,
              -0.09191163629293442
            ],
            [
              0.286865234375,
              0.9541015625,
              0.08319091796875,
              0.1862899214029312
            ],
            [
              -0.51513671875,
              0.08056640625,
              0.853515625,
              -0.12152308225631714
            ]
          ]
        ]
      },
      {
        "psnr": 13.122715950012207,
        "distortion": 0.031630739569664,
        "rotation_rmse": 19.593387603759766,
        "translation_rmse": 0.1529378890991211,
        "t_final": [
          [
            [
              0.66015625,
              -0.1934814453125,
              0.72607421875,
              -0.4582173526287079
            ],
            [
              0.54833984375,
              0.78466796875,
              -0.2890625,
              0.09004643559455872
            ],
            [
              -0.513671875,
              0.5888671875,
              0.6240234375,
              0.11265740543603897
            ]
          ]
        ]
      },
      {
        "psnr": 16.740219116210938,
        "distortion": 0.01810949668288231,
        "rotation_rmse": 3.568132162094116,
        "translation_rmse": 0.047551073133945465,
        "t_final": [
          [
            [
              0.916015625,
              0.06878662109375,
              0.394775390625,
              -0.4187726676464081
            ],
            [
              0.1922607421875,
              0.78955078125,
              -0.5830078125,
              0.29444876313209534
            ],
            [
              -0.351806640625,
              0.6103515625,
              0.7099609375,
              0.03824736922979355
            ]
          ]
        ]
      },
      {
        "psnr": 23.273401260375977,
        "distortion": 0.01930793933570385,
        "rotation_rmse": 0.04304336756467819,
        "translation_rmse": 0.000371379719581455,
        "t_final": [
          [
            [
              0.91357421875,
              0.1807861328125,
              0.36474609375,
              -0.35423263907432556
            ],
            [
              0.10638427734375,
              0.7587890625,
              -0.642578125,
              0.33103856444358826
            ],
            [
              -0.39306640625,
              0.62548828125,
              0.673828125,
              0.07386728376150131
            ]
          ]
        ]
      },
      {
        "psnr": 10.632025718688965,
        "distortion": 0.19253213703632355,
        "rotation_rmse": 30.479415893554688,
        "translation_rmse": 0.3303997218608856,
        "t_final": [
          [
            [
              0.787109375,
              -0.4404296875,
              0.431884765625,
              0.04304094240069389
            ],
            [
              0.33056640625,
              0.892578125,
              0.307373046875,
              0.01737368106842041
            ],
            [
              -0.52099609375,
              -0.0989990234375,
              0.84765625,
              -0.1930970400571823
            ]
          ]
        ]
      },
      {
        "psnr": 13.169317245483398,
        "distortion": 0.03170290216803551,
        "rotation_rmse": 21.199373245239258,
        "translation_rmse": 0.2265106737613678,
        "t_final": [
          [
            [
              0.63671875,
              -0.224365234375,
              0.73779296875,
              -0.5613939166069031
            ],
            [
              0.587890625,
              0.76025390625,
              -0.276123046875,
              -0.0005132835358381271
            ],
            [
              -0.4990234375,
              0.60986328125,
              0.61572265625,
              0.11086781322956085
            ]
          ]
        ]
      }
    ]
  },
  "fern_30_70_even_odd": {
    "best": {
      "psnr": 22.141691207885742,
      "distortion": 0.022408319637179375,
      "rotation_rmse": 0.10214965045452118,
      "translation_rmse": 0.0008849739097058773,
      "t_final": [
        [
          [
            0.9140625,
            0.18115234375,
            0.36279296875,
            -0.3539853096008301
          ],
          [
            0.1048583984375,
            0.7587890625,
            -0.64306640625,
            0.331768661737442
          ],
          [
            -0.3916015625,
            0.6259765625,
            0.67431640625,
            0.0733584314584732
          ]
        ]
      ]
    },
    "stats_list": [
      {
        "psnr": 21.44699478149414,
        "distortion": 0.018745239824056625,
        "rotation_rmse": 0.04175421968102455,
        "translation_rmse": 0.0004842541820835322,
        "t_final": [
          [
            [
              0.91357421875,
              0.1806640625,
              0.3642578125,
              -0.35464438796043396
            ],
            [
              0.10626220703125,
              0.7587890625,
              -0.64306640625,
              0.33114388585090637
            ],
            [
              -0.392333984375,
              0.6259765625,
              0.673828125,
              0.07385698705911636
            ]
          ]
        ]
      },
      {
        "psnr": 21.42045021057129,
        "distortion": 0.017843319103121758,
        "rotation_rmse": 0.06951839476823807,
        "translation_rmse": 0.0006343239801935852,
        "t_final": [
          [
            [
              0.9140625,
              0.179931640625,
              0.36328125,
              -0.35376957058906555
            ],
            [
              0.10626220703125,
              0.75830078125,
              -0.64306640625,
              0.3308519721031189
            ],
            [
              -0.391357421875,
              0.62646484375,
              0.67431640625,
              0.07339240610599518
            ]
          ]
        ]
      },
      {
        "psnr": 10.816929817199707,
        "distortion": 0.06343378126621246,
        "rotation_rmse": 9.623165130615234,
        "translation_rmse": 0.6325183510780334,
        "t_final": [
          [
            [
              0.8994140625,
              0.0760498046875,
              0.43115234375,
              -0.05106312409043312
            ],
            [
              0.29052734375,
              0.63330078125,
              -0.71728515625,
              -0.6928304433822632
            ],
            [
              -0.32763671875,
              0.77001953125,
              0.54736328125,
              -0.17227327823638916
            ]
          ]
        ]
      },
      {
        "psnr": 21.47467041015625,
        "distortion": 0.02137276530265808,
        "rotation_rmse": 0.12482018768787384,
        "translation_rmse": 0.0007499829516746104,
        "t_final": [
          [
            [
              0.91259765625,
              0.18212890625,
              0.365234375,
              -0.35318052768707275
            ],
            [
              0.10491943359375,
              0.759765625,
              -0.6416015625,
              0.33112019300460815
            ],
            [
              -0.39453125,
              0.6240234375,
              0.67431640625,
              0.07374777644872665
            ]
          ]
        ]
      },
      {
        "psnr": 11.156976699829102,
        "distortion": 0.06958553194999695,
        "rotation_rmse": 13.34410572052002,
        "translation_rmse": 0.8094400763511658,
        "t_final": [
          [
            [
              0.85302734375,
              -0.0687255859375,
              0.517578125,
              -0.05602681636810303
            ],
            [
              0.432373046875,
              0.6494140625,
              -0.6259765625,
              -1.0378942489624023
            ],
            [
              -0.29296875,
              0.75732421875,
              0.58349609375,
              0.013021137565374374
            ]
          ]
        ]
      },
      {
        "psnr": 15.435060501098633,
        "distortion": 0.01920420676469803,
        "rotation_rmse": 3.9208993911743164,
        "translation_rmse": 0.038287024945020676,
        "t_final": [
          [
            [
              0.873046875,
              0.1461181640625,
              0.46533203125,
              -0.4034983515739441
            ],
            [
              0.1929931640625,
              0.7724609375,
              -0.60498046875,
              0.29542410373687744
            ],
            [
              -0.447998046875,
              0.61767578125,
              0.646484375,
              0.10136070102453232
            ]
          ]
        ]
      },
      {
        "psnr": 10.484672546386719,
        "distortion": 0.054421328008174896,
        "rotation_rmse": 9.58203411102295,
        "translation_rmse": 0.4300919473171234,
        "t_final": [
          [
            [
              0.8857421875,
              -0.061126708984375,
              0.4599609375,
              -0.37593501806259155
            ],
            [
              0.2568359375,
              0.89013671875,
              -0.37646484375,
              -0.4090365767478943
            ],
            [
              -0.386474609375,
              0.45166015625,
              0.80419921875,
              -0.011276757344603539
            ]
          ]
        ]
      },
      {
        "psnr": 10.027308464050293,
        "distortion": 0.058666057884693146,
        "rotation_rmse": 14.16476058959961,
        "translation_rmse": 0.4870525598526001,
        "t_final": [
          [
            [
              0.7998046875,
              -0.183837890625,
              0.57177734375,
              0.1197240948677063
            ],
            [
              0.37939453125,
              0.892578125,
              -0.2437744140625,
              -0.3629022240638733
            ],
            [
              -0.46533203125,
              0.411865234375,
              0.783203125,
              -0.003313720226287842
            ]
          ]
        ]
      },
      {
        "psnr": 10.324844360351562,
        "distortion": 0.0409722775220871,
        "rotation_rmse": 24.144676208496094,
        "translation_rmse": 0.40298619866371155,
        "t_final": [
          [
            [
              0.90869140625,
              -0.153076171875,
              0.388427734375,
              0.07318366318941116
            ],
            [
              0.1484375,
              0.98779296875,
              0.042327880859375,
              -0.18538354337215424
            ],
            [
              -0.39013671875,
              0.0191802978515625,
              0.92041015625,
              -0.12117363512516022
            ]
          ]
        ]
      },
      {
        "psnr": 22.141691207885742,
        "distortion": 0.022408319637179375,
        "rotation_rmse": 0.10214965045452118,
        "translation_rmse": 0.0008849739097058773,
        "t_final": [
          [
            [
              0.9140625,
              0.18115234375,
              0.36279296875,
              -0.3539853096008301
            ],
            [
              0.1048583984375,
              0.7587890625,
              -0.64306640625,
              0.331768661737442
            ],
            [
              -0.3916015625,
              0.6259765625,
              0.67431640625,
              0.0733584314584732
            ]
          ]
        ]
      }
    ]
  },
  "fern_50_50": {
    "best": {
      "psnr": 21.766143798828125,
      "distortion": 0.018994294106960297,
      "rotation_rmse": 0.10293681919574738,
      "translation_rmse": 0.0007872150745242834,
      "t_final": [
        [
          [
            0.91357421875,
            0.1817626953125,
            0.36376953125,
            -0.3537268340587616
          ],
          [
            0.104736328125,
            0.75927734375,
            -0.642578125,
            0.33167287707328796
          ],
          [
            -0.39306640625,
            0.625,
            0.67431640625,
            0.07362356036901474
          ]
        ]
      ]
    },
    "stats_list": [
      {
        "psnr": 14.276040077209473,
        "distortion": 0.021680263802409172,
        "rotation_rmse": 6.582421779632568,
        "translation_rmse": 0.06703770905733109,
        "t_final": [
          [
            [
              0.87646484375,
              0.005382537841796875,
              0.4814453125,
              -0.43901127576828003
            ],
            [
              0.275146484375,
              0.81494140625,
              -0.51025390625,
              0.2581373155117035
            ],
            [
              -0.39501953125,
              0.57958984375,
              0.712890625,
              0.042217884212732315
            ]
          ]
        ]
      },
      {
        "psnr": 10.056900978088379,
        "distortion": 0.09898005425930023,
        "rotation_rmse": 14.484013557434082,
        "translation_rmse": 0.21914827823638916,
        "t_final": [
          [
            [
              0.94140625,
              -0.1309814453125,
              0.311279296875,
              -0.48776775598526
            ],
            [
              0.2232666015625,
              0.93310546875,
              -0.2822265625,
              0.42005789279937744
            ],
            [
              -0.25341796875,
              0.335205078125,
              0.9072265625,
              0.418245792388916
            ]
          ]
        ]
      },
      {
        "psnr": 21.766143798828125,
        "distortion": 0.018994294106960297,
        "rotation_rmse": 0.10293681919574738,
        "translation_rmse": 0.0007872150745242834,
        "t_final": [
          [
            [
              0.91357421875,
              0.1817626953125,
              0.36376953125,
              -0.3537268340587616
            ],
            [
              0.104736328125,
              0.75927734375,
              -0.642578125,
              0.33167287707328796
            ],
            [
              -0.39306640625,
              0.625,
              0.67431640625,
              0.07362356036901474
            ]
          ]
        ]
      },
      {
        "psnr": 11.289514541625977,
        "distortion": 0.08268425613641739,
        "rotation_rmse": 22.360857009887695,
        "translation_rmse": 0.19212961196899414,
        "t_final": [
          [
            [
              0.927734375,
              -0.1878662109375,
              0.322265625,
              -0.3820165693759918
            ],
            [
              0.2042236328125,
              0.97900390625,
              -0.0173797607421875,
              0.4577580690383911
            ],
            [
              -0.312255859375,
              0.08197021484375,
              0.9462890625,
              0.38066110014915466
            ]
          ]
        ]
      },
      {
        "psnr": 14.089493751525879,
        "distortion": 0.034694328904151917,
        "rotation_rmse": 10.430071830749512,
        "translation_rmse": 0.1278867870569229,
        "t_final": [
          [
            [
              0.802734375,
              -0.01506805419921875,
              0.59619140625,
              -0.5376670956611633
            ],
            [
              0.353515625,
              0.81689453125,
              -0.45556640625,
              0.20705220103263855
            ],
            [
              -0.480224609375,
              0.576171875,
              0.6611328125,
              0.08598218113183975
            ]
          ]
        ]
      },
      {
        "psnr": 20.94436264038086,
        "distortion": 0.018450798466801643,
        "rotation_rmse": 0.02530972845852375,
        "translation_rmse": 0.0007182002300396562,
        "t_final": [
          [
            [
              0.91357421875,
              0.1802978515625,
              0.364990234375,
              -0.3553563952445984
            ],
            [
              0.1068115234375,
              0.7587890625,
              -0.642578125,
              0.33057019114494324
            ],
            [
              -0.392822265625,
              0.6259765625,
              0.673828125,
              0.07389014959335327
            ]
          ]
        ]
      },
      {
        "psnr": 10.873472213745117,
        "distortion": 0.06467876583337784,
        "rotation_rmse": 15.169742584228516,
        "translation_rmse": 0.3947858512401581,
        "t_final": [
          [
            [
              0.86669921875,
              -0.283447265625,
              0.41064453125,
              -0.26234811544418335
            ],
            [
              0.42333984375,
              0.853515625,
              -0.30419921875,
              -0.34005171060562134
            ],
            [
              -0.26416015625,
              0.437255859375,
              0.859375,
              -0.022029954940080643
            ]
          ]
        ]
      },
      {
        "psnr": 12.923102378845215,
        "distortion": 0.0222074706107378,
        "rotation_rmse": 12.361708641052246,
        "translation_rmse": 0.22591078281402588,
        "t_final": [
          [
            [
              0.80908203125,
              -0.1451416015625,
              0.5693359375,
              -0.674382209777832
            ],
            [
              0.4052734375,
              0.83935546875,
              -0.362060546875,
              0.11861548572778702
            ],
            [
              -0.425537109375,
              0.5234375,
              0.73828125,
              -0.0007410990074276924
            ]
          ]
        ]
      },
      {
        "psnr": 14.757098197937012,
        "distortion": 0.02226957492530346,
        "rotation_rmse": 9.099462509155273,
        "translation_rmse": 0.12236732244491577,
        "t_final": [
          [
            [
              0.84228515625,
              -0.040130615234375,
              0.537109375,
              -0.5138515830039978
            ],
            [
              0.34228515625,
              0.81005859375,
              -0.47607421875,
              0.19318749010562897
            ],
            [
              -0.416259765625,
              0.5849609375,
              0.6962890625,
              0.05108627304434776
            ]
          ]
        ]
      },
      {
        "psnr": 11.494236946105957,
        "distortion": 0.0985465720295906,
        "rotation_rmse": 19.91557502746582,
        "translation_rmse": 0.5518673658370972,
        "t_final": [
          [
            [
              0.7177734375,
              -0.36181640625,
              0.5947265625,
              -0.24677440524101257
            ],
            [
              0.50048828125,
              0.8623046875,
              -0.079833984375,
              -0.6110373735427856
            ],
            [
              -0.48388671875,
              0.35498046875,
              0.7998046875,
              0.19832536578178406
            ]
          ]
        ]
      }
    ]
  },
  "horns_0_100_even_odd": {
    "best": {
      "psnr": 26.668636322021484,
      "distortion": 0.01550811156630516,
      "rotation_rmse": 0.020075179636478424,
      "translation_rmse": 0.00010701753490138799,
      "t_final": [
        [
          [
            0.8564453125,
            0.1357421875,
            0.49853515625,
            -0.04376143217086792
          ],
          [
            0.034271240234375,
            0.94775390625,
            -0.31689453125,
            0.12890031933784485
          ],
          [
            -0.515625,
            0.288330078125,
            0.806640625,
            -0.23737697303295135
          ]
        ]
      ]
    },
    "stats_list": [
      {
        "psnr": 26.142959594726562,
        "distortion": 0.011045258492231369,
        "rotation_rmse": 0.015843985602259636,
        "translation_rmse": 0.00035178865073248744,
        "t_final": [
          [
            [
              0.85595703125,
              0.135498046875,
              0.49853515625,
              -0.04447099193930626
            ],
            [
              0.03448486328125,
              0.94775390625,
              -0.31689453125,
              0.12891389429569244
            ],
            [
              -0.515625,
              0.28857421875,
              0.806640625,
              -0.23756568133831024
            ]
          ]
        ]
      },
      {
        "psnr": 12.564398765563965,
        "distortion": 0.10903811454772949,
        "rotation_rmse": 24.06789779663086,
        "translation_rmse": 0.14217819273471832,
        "t_final": [
          [
            [
              0.86865234375,
              -0.47216796875,
              0.149658203125,
              0.18987306952476501
            ],
            [
              0.495361328125,
              0.82470703125,
              -0.2734375,
              0.10043191909790039
            ],
            [
              0.005680084228515625,
              0.3115234375,
              0.9501953125,
              -0.16539894044399261
            ]
          ]
        ]
      },
      {
        "psnr": 12.542670249938965,
        "distortion": 0.03362727537751198,
        "rotation_rmse": 11.588197708129883,
        "translation_rmse": 0.08911553025245667,
        "t_final": [
          [
            [
              0.89990234375,
              0.368896484375,
              0.231689453125,
              0.007906144484877586
            ],
            [
              -0.164794921875,
              0.78076171875,
              -0.6025390625,
              -0.012872051447629929
            ],
            [
              -0.4033203125,
              0.50439453125,
              0.763671875,
              -0.27003493905067444
            ]
          ]
        ]
      },
      {
        "psnr": 9.9791259765625,
        "distortion": 0.13476471602916718,
        "rotation_rmse": 37.03104019165039,
        "translation_rmse": 0.27766087651252747,
        "t_final": [
          [
            [
              0.80126953125,
              -0.52783203125,
              0.28173828125,
              -0.01970517635345459
            ],
            [
              0.53271484375,
              0.41552734375,
              -0.73681640625,
              -0.024989264085888863
            ],
            [
              0.27197265625,
              0.74072265625,
              0.6142578125,
              -0.6925341486930847
            ]
          ]
        ]
      },
      {
        "psnr": 25.637081146240234,
        "distortion": 0.021330662071704865,
        "rotation_rmse": 0.01605256088078022,
        "translation_rmse": 0.0002654154959600419,
        "t_final": [
          [
            [
              0.8564453125,
              0.1357421875,
              0.49853515625,
              -0.04341236501932144
            ],
            [
              0.034271240234375,
              0.94775390625,
              -0.317138671875,
              0.12892186641693115
            ],
            [
              -0.515625,
              0.28857421875,
              0.806640625,
              -0.2374814748764038
            ]
          ]
        ]
      },
      {
        "psnr": 26.668636322021484,
        "distortion": 0.01550811156630516,
        "rotation_rmse": 0.020075179636478424,
        "translation_rmse": 0.00010701753490138799,
        "t_final": [
          [
            [
              0.8564453125,
              0.1357421875,
              0.49853515625,
              -0.04376143217086792
            ],
            [
              0.034271240234375,
              0.94775390625,
              -0.31689453125,
              0.12890031933784485
            ],
            [
              -0.515625,
              0.288330078125,
              0.806640625,
              -0.23737697303295135
            ]
          ]
        ]
      },
      {
        "psnr": 11.850005149841309,
        "distortion": 0.22272953391075134,
        "rotation_rmse": 18.480382919311523,
        "translation_rmse": 0.7285926342010498,
        "t_final": [
          [
            [
              0.96875,
              -0.09332275390625,
              0.2293701171875,
              0.927489161491394
            ],
            [
              0.2139892578125,
              0.78173828125,
              -0.58544921875,
              0.6650127172470093
            ],
            [
              -0.1246337890625,
              0.6162109375,
              0.77734375,
              0.36376577615737915
            ]
          ]
        ]
      },
      {
        "psnr": 23.69908332824707,
        "distortion": 0.030445432290434837,
        "rotation_rmse": 0.023433148860931396,
        "translation_rmse": 0.0002958455588668585,
        "t_final": [
          [
            [
              0.85595703125,
              0.136474609375,
              0.498779296875,
              -0.04426586255431175
            ],
            [
              0.0338134765625,
              0.94775390625,
              -0.3173828125,
              0.12864534556865692
            ],
            [
              -0.51611328125,
              0.288330078125,
              0.806640625,
              -0.23776325583457947
            ]
          ]
        ]
      },
      {
        "psnr": 11.924501419067383,
        "distortion": 0.16550520062446594,
        "rotation_rmse": 48.94688415527344,
        "translation_rmse": 0.1962255835533142,
        "t_final": [
          [
            [
              0.470947265625,
              -0.75927734375,
              0.44921875,
              0.006315171718597412
            ],
            [
              0.75732421875,
              0.086669921875,
              -0.6474609375,
              -0.2068576216697693
            ],
            [
              0.45263671875,
              0.64501953125,
              0.61572265625,
              -0.2545585036277771
            ]
          ]
        ]
      },
      {
        "psnr": 12.332688331604004,
        "distortion": 0.13360027968883514,
        "rotation_rmse": 11.246808052062988,
        "translation_rmse": 0.3649362027645111,
        "t_final": [
          [
            [
              0.796875,
              0.01229095458984375,
              0.60400390625,
              0.49820074439048767
            ],
            [
              0.254638671875,
              0.89990234375,
              -0.35400390625,
              0.22688426077365875
            ],
            [
              -0.5478515625,
              0.435791015625,
              0.7138671875,
              -0.5475086569786072
            ]
          ]
        ]
      }
    ]
  },
  "horns_30_70_even_odd": {
    "best": {
      "psnr": 28.721914291381836,
      "distortion": 0.01127263717353344,
      "rotation_rmse": 0.02185683324933052,
      "translation_rmse": 0.00030087234335951507,
      "t_final": [
        [
          [
            0.85595703125,
            0.1365966796875,
            0.4990234375,
            -0.044378768652677536
          ],
          [
            0.033905029296875,
            0.94775390625,
            -0.3173828125,
            0.12883229553699493
          ],
          [
            -0.51611328125,
            0.28857421875,
            0.80615234375,
            -0.23743729293346405
          ]
        ]
      ]
    },
    "stats_list": [
      {
        "psnr": 28.721914291381836,
        "distortion": 0.01127263717353344,
        "rotation_rmse": 0.02185683324933052,
        "translation_rmse": 0.00030087234335951507,
        "t_final": [
          [
            [
              0.85595703125,
              0.1365966796875,
              0.4990234375,
              -0.044378768652677536
            ],
            [
              0.033905029296875,
              0.94775390625,
              -0.3173828125,
              0.12883229553699493
            ],
            [
              -0.51611328125,
              0.28857421875,
              0.80615234375,
              -0.23743729293346405
            ]
          ]
        ]
      },
      {
        "psnr": 12.62983512878418,
        "distortion": 0.02644333429634571,
        "rotation_rmse": 4.821072578430176,
        "translation_rmse": 0.10005216300487518,
        "t_final": [
          [
            [
              0.859375,
              -0.024017333984375,
              0.51123046875,
              -0.047081317752599716
            ],
            [
              0.1531982421875,
              0.96533203125,
              -0.212158203125,
              0.29549479484558105
            ],
            [
              -0.488037109375,
              0.260498046875,
              0.8330078125,
              -0.2849925756454468
            ]
          ]
        ]
      },
      {
        "psnr": 12.827631950378418,
        "distortion": 0.023336946964263916,
        "rotation_rmse": 10.884343147277832,
        "translation_rmse": 0.10581130534410477,
        "t_final": [
          [
            [
              0.875,
              0.289306640625,
              0.388427734375,
              0.12324965745210648
            ],
            [
              0.0123748779296875,
              0.7880859375,
              -0.615234375,
              0.05387572944164276
            ],
            [
              -0.484130859375,
              0.54296875,
              0.68603515625,
              -0.2313438206911087
            ]
          ]
        ]
      },
      {
        "psnr": 9.676008224487305,
        "distortion": 0.15486116707324982,
        "rotation_rmse": 33.77324295043945,
        "translation_rmse": 0.28832897543907166,
        "t_final": [
          [
            [
              0.83837890625,
              -0.47509765625,
              0.267822265625,
              0.3730238378047943
            ],
            [
              0.5078125,
              0.5009765625,
              -0.70068359375,
              0.3081921935081482
            ],
            [
              0.19873046875,
              0.7236328125,
              0.6611328125,
              -0.4459550082683563
            ]
          ]
        ]
      },
      {
        "psnr": 25.741674423217773,
        "distortion": 0.013972891494631767,
        "rotation_rmse": 0.0163688026368618,
        "translation_rmse": 0.00010392264084657654,
        "t_final": [
          [
            [
              0.85595703125,
              0.1353759765625,
              0.4990234375,
              -0.043716251850128174
            ],
            [
              0.03466796875,
              0.94775390625,
              -0.316650390625,
              0.12879204750061035
            ],
            [
              -0.515625,
              0.288330078125,
              0.806640625,
              -0.23744887113571167
            ]
          ]
        ]
      },
      {
        "psnr": 12.258008003234863,
        "distortion": 0.04921059310436249,
        "rotation_rmse": 16.965415954589844,
        "translation_rmse": 0.21534420549869537,
        "t_final": [
          [
            [
              0.8173828125,
              -0.00806427001953125,
              0.57568359375,
              -0.4097694456577301
            ],
            [
              -0.06439208984375,
              0.9921875,
              0.1053466796875,
              0.05721978843212128
            ],
            [
              -0.572265625,
              -0.1231689453125,
              0.81103515625,
              -0.24760892987251282
            ]
          ]
        ]
      },
      {
        "psnr": 20.725522994995117,
        "distortion": 0.017970342189073563,
        "rotation_rmse": 0.004231908358633518,
        "translation_rmse": 0.000199835209059529,
        "t_final": [
          [
            [
              0.85595703125,
              0.1358642578125,
              0.498779296875,
              -0.04408856853842735
            ],
            [
              0.0343017578125,
              0.94775390625,
              -0.317138671875,
              0.12891791760921478
            ],
            [
              -0.51611328125,
              0.288818359375,
              0.806640625,
              -0.2372664362192154
            ]
          ]
        ]
      },
      {
        "psnr": 22.890289306640625,
        "distortion": 0.021327484399080276,
        "rotation_rmse": 0.013654590584337711,
        "translation_rmse": 5.406752825365402e-05,
        "t_final": [
          [
            [
              0.85595703125,
              0.1357421875,
              0.49853515625,
              -0.04377942904829979
            ],
            [
              0.03436279296875,
              0.94775390625,
              -0.317138671875,
              0.12886038422584534
            ],
            [
              -0.515625,
              0.28857421875,
              0.806640625,
              -0.2375609278678894
            ]
          ]
        ]
      },
      {
        "psnr": 8.764765739440918,
        "distortion": 0.03457112982869148,
        "rotation_rmse": 14.303375244140625,
        "translation_rmse": 0.16318710148334503,
        "t_final": [
          [
            [
              0.87890625,
              -0.07501220703125,
              0.470947265625,
              -0.07453548908233643
            ],
            [
              0.30810546875,
              0.84326171875,
              -0.4404296875,
              -0.13907180726528168
            ],
            [
              -0.3642578125,
              0.5322265625,
              0.76416015625,
              -0.3221585154533386
            ]
          ]
        ]
      },
      {
        "psnr": 10.189168930053711,
        "distortion": 0.20770326256752014,
        "rotation_rmse": 36.25856399536133,
        "translation_rmse": 0.4311257302761078,
        "t_final": [
          [
            [
              0.806640625,
              -0.52587890625,
              0.269775390625,
              0.6462138295173645
            ],
            [
              0.5302734375,
              0.4423828125,
              -0.72314453125,
              0.3223007619380951
            ],
            [
              0.260986328125,
              0.7265625,
              0.6357421875,
              -0.44723501801490784
            ]
          ]
        ]
      }
    ]
  },
  "horns_50_50": {
    "best": {
      "psnr": 22.793743133544922,
      "distortion": 0.01589270867407322,
      "rotation_rmse": 0.01833951845765114,
      "translation_rmse": 0.00032486082636751235,
      "t_final": [
        [
          [
            0.85595703125,
            0.135498046875,
            0.499267578125,
            -0.04441621154546738
          ],
          [
            0.034576416015625,
            0.94775390625,
            -0.316650390625,
            0.12879301607608795
          ],
          [
            -0.51611328125,
            0.2880859375,
            0.806640625,
            -0.2374284416437149
          ]
        ]
      ]
    },
    "stats_list": [
      {
        "psnr": 11.995600700378418,
        "distortion": 0.21976310014724731,
        "rotation_rmse": 15.858729362487793,
        "translation_rmse": 1.0709037780761719,
        "t_final": [
          [
            [
              0.97607421875,
              0.1429443359375,
              0.1646728515625,
              1.571874976158142
            ],
            [
              -0.004009246826171875,
              0.76708984375,
              -0.6416015625,
              -0.2356232851743698
            ],
            [
              -0.218017578125,
              0.62548828125,
              0.7490234375,
              0.5973649024963379
            ]
          ]
        ]
      },
      {
        "psnr": 10.992230415344238,
        "distortion": 0.19522275030612946,
        "rotation_rmse": 12.057703018188477,
        "translation_rmse": 0.9368723630905151,
        "t_final": [
          [
            [
