{
  "room_0_100_even_odd_no_init": {
    "best": {
      "psnr": 12.770642280578613,
      "distortion": 0.1615506112575531,
      "rotation_rmse": 9.163604736328125,
      "translation_rmse_100": 60.98809814453125,
      "t_final": [
        [
          [
            0.98291015625,
            0.142578125,
            0.11468505859375,
            0.6605871915817261
          ],
          [
            -0.10528564453125,
            0.95361328125,
            -0.282470703125,
            0.19408999383449554
          ],
          [
            -0.1495361328125,
            0.265625,
            0.9521484375,
            -0.1506442427635193
          ]
        ]
      ]
    },
    "stats_list": [
      {
        "psnr": 12.324800491333008,
        "distortion": 0.13404102623462677,
        "rotation_rmse": 11.177666664123535,
        "translation_rmse_100": 41.40022277832031,
        "t_final": [
          [
            [
              0.97314453125,
              0.2193603515625,
              0.069580078125,
              0.20734775066375732
            ],
            [
              -0.1944580078125,
              0.9453125,
              -0.260986328125,
              0.29533594846725464
            ],
            [
              -0.12310791015625,
              0.240478515625,
              0.962890625,
              -0.11831145733594894
            ]
          ]
        ]
      },
      {
        "psnr": 12.602680206298828,
        "distortion": 0.15770173072814941,
        "rotation_rmse": 34.932613372802734,
        "translation_rmse_100": 43.24179458618164,
        "t_final": [
          [
            [
              0.9638671875,
              0.255859375,
              0.0732421875,
              0.46490278840065
            ],
            [
              -0.258544921875,
              0.8349609375,
              0.485595703125,
              -0.0719776526093483
            ],
            [
              0.0631103515625,
              -0.487060546875,
              0.87109375,
              0.2372714877128601
            ]
          ]
        ]
      },
      {
        "psnr": 12.770642280578613,
        "distortion": 0.1615506112575531,
        "rotation_rmse": 9.163604736328125,
        "translation_rmse_100": 60.98809814453125,
        "t_final": [
          [
            [
              0.98291015625,
              0.142578125,
              0.11468505859375,
              0.6605871915817261
            ],
            [
              -0.10528564453125,
              0.95361328125,
              -0.282470703125,
              0.19408999383449554
            ],
            [
              -0.1495361328125,
              0.265625,
              0.9521484375,
              -0.1506442427635193
            ]
          ]
        ]
      },
      {
        "psnr": 11.789260864257812,
        "distortion": 0.12502025067806244,
        "rotation_rmse": 5.773468494415283,
        "translation_rmse_100": 46.62488555908203,
        "t_final": [
          [
            [
              0.9990234375,
              -0.00626373291015625,
              0.0390625,
              0.30532217025756836
            ],
            [
              0.0186309814453125,
              0.9453125,
              -0.3251953125,
              0.11560600250959396
            ],
            [
              -0.034881591796875,
              0.32568359375,
              0.94482421875,
              -0.16309796273708344
            ]
          ]
        ]
      },
      {
        "psnr": 12.39822769165039,
        "distortion": 0.17155010998249054,
        "rotation_rmse": 20.617233276367188,
        "translation_rmse_100": 71.26409149169922,
        "t_final": [
          [
            [
              0.94091796875,
              0.295654296875,
              0.166259765625,
              0.6323745846748352
            ],
            [
              -0.295166015625,
              0.955078125,
              -0.0280609130859375,
              -0.5477243065834045
            ],
            [
              -0.1671142578125,
              -0.022674560546875,
              0.98583984375,
              -0.07271834462881088
            ]
          ]
        ]
      },
      {
        "psnr": 11.78324031829834,
        "distortion": 0.07297542691230774,
        "rotation_rmse": 6.384640693664551,
        "translation_rmse_100": 24.202594757080078,
        "t_final": [
          [
            [
              0.9931640625,
              0.1051025390625,
              -0.055450439453125,
              -0.1172889843583107
            ],
            [
              -0.1171875,
              0.7890625,
              -0.60302734375,
              0.21424633264541626
            ],
            [
              -0.0196685791015625,
              0.60546875,
              0.79541015625,
              0.052534058690071106
            ]
          ]
        ]
      },
      {
        "psnr": 12.62201976776123,
        "distortion": 0.15797188878059387,
        "rotation_rmse": 34.94839096069336,
        "translation_rmse_100": 47.8354377746582,
        "t_final": [
          [
            [
              0.98486328125,
              0.1624755859375,
              0.0577392578125,
              0.5526657700538635
            ],
            [
              -0.169189453125,
              0.84619140625,
              0.505859375,
              -0.12411344051361084
            ],
            [
              0.0333251953125,
              -0.5078125,
              0.86083984375,
              0.31437405943870544
            ]
          ]
        ]
      },
      {
        "psnr": 11.72665786743164,
        "distortion": 0.08442288637161255,
        "rotation_rmse": 7.7190375328063965,
        "translation_rmse_100": 25.290281295776367,
        "t_final": [
          [
            [
              0.9921875,
              0.11541748046875,
              0.05029296875,
              0.03210209310054779
            ],
            [
              -0.05303955078125,
              0.74560546875,
              -0.66455078125,
              0.11913742870092392
            ],
            [
              -0.11419677734375,
              0.65673828125,
              0.74560546875,
              0.09791699796915054
            ]
          ]
        ]
      },
      {
        "psnr": 11.782487869262695,
        "distortion": 0.1529414802789688,
        "rotation_rmse": 10.389739036560059,
        "translation_rmse_100": 61.134361267089844,
        "t_final": [
          [
            [
              0.9404296875,
              0.253173828125,
              0.2274169921875,
              0.5296791195869446
            ],
            [
              -0.1295166015625,
              0.88427734375,
              -0.448974609375,
              -0.3269760310649872
            ],
            [
              -0.314697265625,
              0.392578125,
              0.8642578125,
              -0.10455140471458435
            ]
          ]
        ]
      },
      {
        "psnr": 12.217184066772461,
        "distortion": 0.17552044987678528,
        "rotation_rmse": 20.381370544433594,
        "translation_rmse_100": 76.09931182861328,
        "t_final": [
          [
            [
              0.97412109375,
              0.2203369140625,
              0.05352783203125,
              0.8760042190551758
            ],
            [
              -0.22314453125,
              0.97314453125,
              0.055267333984375,
              -0.4882614314556122
            ],
            [
              -0.0399169921875,
              -0.0657958984375,
              0.9970703125,
              0.11598648875951767
            ]
          ]
        ]
      }
    ]
  },
  "room_0_100_even_odd_single_image": {
    "best": {
      "psnr": 33.96892547607422,
      "distortion": 0.005037239752709866,
      "rotation_rmse": 0.017543751746416092,
      "translation_rmse_100": 0.03372256085276604,
      "t_final": [
        [
          [
            0.99853515625,
            0.0200958251953125,
            0.048248291015625,
            -0.19892659783363342
          ],
          [
            0.00577545166015625,
            0.875,
            -0.48388671875,
            0.19019481539726257
          ],
          [
            -0.05194091796875,
            0.483642578125,
            0.87353515625,
            0.4633074700832367
          ]
        ]
      ]
    },
    "stats_list": [
      {
        "psnr": 12.105354309082031,
        "distortion": 0.023702584207057953,
        "rotation_rmse": 15.395395278930664,
        "translation_rmse_100": 16.15611457824707,
        "t_final": [
          [
            [
              0.96337890625,
              0.1536865234375,
              0.21923828125,
              -0.30066534876823425
            ],
            [
              0.07745361328125,
              0.6240234375,
              -0.77734375,
              0.052946895360946655
            ],
            [
              -0.25634765625,
              0.76611328125,
              0.58935546875,
              0.24137404561042786
            ]
          ]
        ]
      },
      {
        "psnr": 14.594040870666504,
        "distortion": 0.19995880126953125,
        "rotation_rmse": 5.551812648773193,
        "translation_rmse_100": 44.60483169555664,
        "t_final": [
          [
            [
              0.9873046875,
              -0.1307373046875,
              0.0911865234375,
              0.5606143474578857
            ],
            [
              0.156982421875,
              0.89599609375,
              -0.415283203125,
              0.14047667384147644
            ],
            [
              -0.02740478515625,
              0.42431640625,
              0.9052734375,
              0.5931732058525085
            ]
          ]
        ]
      },
      {
        "psnr": 14.729202270507812,
        "distortion": 0.20563249289989471,
        "rotation_rmse": 10.357575416564941,
        "translation_rmse_100": 74.6297836303711,
        "t_final": [
          [
            [
              0.958984375,
              -0.259765625,
              0.111328125,
              0.8330973982810974
            ],
            [
              0.282470703125,
              0.89404296875,
              -0.34716796875,
              0.6801589131355286
            ],
            [
              -0.00934600830078125,
              0.364501953125,
              0.93115234375,
              -0.14149275422096252
            ]
          ]
        ]
      },
      {
        "psnr": 11.190187454223633,
        "distortion": 0.04823918640613556,
        "rotation_rmse": 16.259016036987305,
        "translation_rmse_100": 10.554337501525879,
        "t_final": [
          [
            [
              0.9501953125,
              -0.31005859375,
              0.0284881591796875,
              -0.01960424706339836
            ],
            [
              0.31103515625,
              0.94189453125,
              -0.1268310546875,
              0.16038621962070465
            ],
            [
              0.01250457763671875,
              0.12939453125,
              0.99169921875,
              0.4477132260799408
            ]
          ]
        ]
      },
      {
        "psnr": 13.325743675231934,
        "distortion": 0.17425410449504852,
        "rotation_rmse": 30.77084732055664,
        "translation_rmse_100": 81.38609313964844,
        "t_final": [
          [
            [
              0.6240234375,
              -0.64990234375,
              0.433837890625,
              0.06573488563299179
            ],
            [
              0.76513671875,
              0.39599609375,
              -0.50732421875,
              -1.0650415420532227
            ],
            [
              0.1578369140625,
              0.64892578125,
              0.744140625,
              -0.12053227424621582
            ]
          ]
        ]
      },
      {
        "psnr": 12.91989803314209,
        "distortion": 0.14132826030254364,
        "rotation_rmse": 3.8646328449249268,
        "translation_rmse_100": 42.4141960144043,
        "t_final": [
          [
            [
              0.99609375,
              0.0872802734375,
              -0.00203704833984375,
              0.3404110074043274
            ],
            [
              -0.0802001953125,
              0.90576171875,
              -0.416259765625,
              0.2054489254951477
            ],
            [
              -0.03448486328125,
              0.414794921875,
              0.9091796875,
              -0.03525632992386818
            ]
          ]
        ]
      },
      {
        "psnr": 14.258918762207031,
        "distortion": 0.20174086093902588,
        "rotation_rmse": 14.629926681518555,
        "translation_rmse_100": 36.549285888671875,
        "t_final": [
          [
            [
              0.90966796875,
              -0.405029296875,
              0.09197998046875,
              0.43186384439468384
            ],
            [
              0.402587890625,
              0.80517578125,
              -0.435791015625,
              0.16519135236740112
            ],
            [
              0.1025390625,
              0.433349609375,
              0.8955078125,
              0.42064931988716125
            ]
          ]
        ]
      },
      {
        "psnr": 15.508432388305664,
        "distortion": 0.16105325520038605,
        "rotation_rmse": 15.908722877502441,
        "translation_rmse_100": 23.586483001708984,
        "t_final": [
          [
            [
              0.99267578125,
              0.07940673828125,
              0.08941650390625,
              0.13180093467235565
            ],
            [
              -0.07611083984375,
              0.99609375,
              -0.040069580078125,
              0.2415923774242401
            ],
            [
              -0.09228515625,
              0.032989501953125,
              0.9951171875,
              0.22911220788955688
            ]
          ]
        ]
      },
      {
        "psnr": 33.96892547607422,
        "distortion": 0.005037239752709866,
        "rotation_rmse": 0.017543751746416092,
        "translation_rmse_100": 0.03372256085276604,
        "t_final": [
          [
            [
              0.99853515625,
              0.0200958251953125,
              0.048248291015625,
              -0.19892659783363342
            ],
            [
              0.00577545166015625,
              0.875,
              -0.48388671875,
              0.19019481539726257
            ],
            [
              -0.05194091796875,
              0.483642578125,
              0.87353515625,
              0.4633074700832367
            ]
          ]
        ]
      },
      {
        "psnr": 13.115938186645508,
        "distortion": 0.10702504217624664,
        "rotation_rmse": 2.0204601287841797,
        "translation_rmse_100": 39.04523849487305,
        "t_final": [
          [
            [
              0.99755859375,
              0.06854248046875,
              0.0125579833984375,
              0.10737736523151398
            ],
            [
              -0.053192138671875,
              0.86572265625,
              -0.498046875,
              0.5653257966041565
            ],
            [
              -0.04498291015625,
              0.496337890625,
              0.8671875,
              -0.009110686369240284
            ]
          ]
        ]
      }
    ]
  },
  "room_0_100_even_odd_no_masks": {
    "best": {
      "psnr": 22.132125854492188,
      "distortion": 0.029289735481142998,
      "rotation_rmse": 0.00998737569898367,
      "translation_rmse_100": 0.008086490444839,
      "t_final": [
        [
          [
            0.99853515625,
            0.0201416015625,
            0.047607421875,
            -0.19920042157173157
          ],
          [
            0.0054168701171875,
            0.875,
            -0.48388671875,
            0.19063492119312286
          ],
          [
            -0.051422119140625,
            0.4833984375,
            0.8740234375,
            0.46292009949684143
          ]
        ]
      ]
    },
    "stats_list": [
      {
        "psnr": 22.132125854492188,
        "distortion": 0.029289735481142998,
        "rotation_rmse": 0.00998737569898367,
        "translation_rmse_100": 0.008086490444839,
        "t_final": [
          [
            [
              0.99853515625,
              0.0201416015625,
              0.047607421875,
              -0.19920042157173157
            ],
            [
              0.0054168701171875,
              0.875,
              -0.48388671875,
              0.19063492119312286
            ],
            [
              -0.051422119140625,
              0.4833984375,
              0.8740234375,
              0.46292009949684143
            ]
          ]
        ]
      },
      {
        "psnr": 20.571163177490234,
        "distortion": 0.048158735036849976,
        "rotation_rmse": 0.04093138128519058,
        "translation_rmse_100": 0.04773379862308502,
        "t_final": [
          [
            [
              0.99853515625,
              0.0192413330078125,
              0.048614501953125,
              -0.19957315921783447
            ],
            [
              0.006710052490234375,
              0.875,
              -0.484130859375,
              0.18984907865524292
            ],
            [
              -0.051849365234375,
              0.48388671875,
              0.87353515625,
              0.46333548426628113
            ]
          ]
        ]
      },
      {
        "psnr": 13.775060653686523,
        "distortion": 0.19622790813446045,
        "rotation_rmse": 6.8859710693359375,
        "translation_rmse_100": 65.1024398803711,
        "t_final": [
          [
            [
              0.98193359375,
              0.1888427734375,
              0.01113128662109375,
              0.8041847348213196
            ],
            [
              -0.1689453125,
              0.90234375,
              -0.396484375,
              -0.31593599915504456
            ],
            [
              -0.08489990234375,
              0.387451171875,
              0.91796875,
              0.3729957342147827
            ]
          ]
        ]
      },
      {
        "psnr": 22.04676055908203,
        "distortion": 0.030502518638968468,
        "rotation_rmse": 0.04538567364215851,
        "translation_rmse_100": 0.034339357167482376,
        "t_final": [
          [
            [
              0.99853515625,
              0.0189208984375,
              0.0487060546875,
              -0.19899597764015198
            ],
            [
              0.007007598876953125,
              0.875,
              -0.48388671875,
              0.1899876594543457
            ],
            [
              -0.0517578125,
              0.4833984375,
              0.8740234375,
              0.46300098299980164
            ]
          ]
        ]
      },
      {
        "psnr": 21.6097412109375,
        "distortion": 0.04889880120754242,
        "rotation_rmse": 0.031138131394982338,
        "translation_rmse_100": 0.028506826609373093,
        "t_final": [
          [
            [
              0.99853515625,
              0.020599365234375,
              0.0472412109375,
              -0.19919420778751373
            ],
            [
              0.004856109619140625,
              0.875,
              -0.484130859375,
              0.19099615514278412
            ],
            [
              -0.051300048828125,
              0.483642578125,
              0.87353515625,
              0.46286502480506897
            ]
          ]
        ]
      },
      {
        "psnr": 12.974169731140137,
        "distortion": 0.17342086136341095,
        "rotation_rmse": 7.057766437530518,
        "translation_rmse_100": 55.00138854980469,
        "t_final": [
          [
            [
              0.99365234375,
              0.0084228515625,
              0.11041259765625,
              0.5284602046012878
            ],
            [
              0.02447509765625,
              0.95556640625,
              -0.293212890625,
              0.47403278946876526
            ],
            [
              -0.1080322265625,
              0.294189453125,
              0.94970703125,
              -0.08255250751972198
            ]
          ]
        ]
      },
      {
        "psnr": 21.966049194335938,
        "distortion": 0.03394623100757599,
        "rotation_rmse": 0.01652018167078495,
        "translation_rmse_100": 0.03419870138168335,
        "t_final": [
          [
            [
              0.99853515625,
              0.02032470703125,
              0.048004150390625,
              -0.19954493641853333
            ],
            [
              0.005435943603515625,
              0.87548828125,
              -0.4833984375,
              0.191009983420372
            ],
            [
              -0.051849365234375,
              0.483154296875,
              0.8740234375,
              0.4631258547306061
            ]
          ]
        ]
      },
      {
        "psnr": 21.285850524902344,
        "distortion": 0.049694277346134186,
        "rotation_rmse": 0.03545355796813965,
        "translation_rmse_100": 0.05131499469280243,
        "t_final": [
          [
            [
              0.99853515625,
              0.01995849609375,
              0.048736572265625,
              -0.19860665500164032
            ],
            [
              0.00614166259765625,
              0.875,
              -0.484130859375,
              0.19008836150169373
            ],
            [
              -0.05230712890625,
              0.48388671875,
              0.87353515625,
              0.46337267756462097
            ]
          ]
        ]
      },
      {
        "psnr": 21.762311935424805,
        "distortion": 0.047410592436790466,
        "rotation_rmse": 0.02471024915575981,
        "translation_rmse_100": 0.02994740568101406,
        "t_final": [
          [
            [
              0.99853515625,
              0.0199432373046875,
              0.047088623046875,
              -0.19969365000724792
            ],
            [
              0.0053253173828125,
              0.875,
              -0.483642578125,
              0.19045047461986542
            ],
            [
              -0.050872802734375,
              0.4833984375,
              0.8740234375,
              0.4626714885234833
            ]
          ]
        ]
      },
      {
        "psnr": 21.641387939453125,
        "distortion": 0.04984305799007416,
        "rotation_rmse": 0.03587082773447037,
        "translation_rmse_100": 0.03301962465047836,
        "t_final": [
          [
            [
              0.99853515625,
              0.02001953125,
              0.046875,
              -0.19914640486240387
            ],
            [
              0.005130767822265625,
              0.87548828125,
              -0.4833984375,
              0.1905989795923233
            ],
            [
              -0.050689697265625,
              0.48291015625,
              0.8740234375,
              0.4624030888080597
            ]
          ]
        ]
      }
    ]
  }
}