{
  "horns_30_70_even_odd_no_init": {
    "best": {
      "psnr": 25.834239959716797,
      "distortion": 0.0138358473777771,
      "rotation_rmse": 0.01638365536928177,
      "translation_rmse_100": 0.010791715234518051,
      "t_final": [
        [
          [
            0.85595703125,
            0.1358642578125,
            0.49853515625,
            -0.043748900294303894
          ],
          [
            0.034423828125,
            0.94775390625,
            -0.3173828125,
            0.12898163497447968
          ],
          [
            -0.515625,
            0.288818359375,
            0.806640625,
            -0.2374463528394699
          ]
        ]
      ]
    },
    "stats_list": [
      {
        "psnr": 11.484280586242676,
        "distortion": 0.19217722117900848,
        "rotation_rmse": 26.131389617919922,
        "translation_rmse_100": 50.121734619140625,
        "t_final": [
          [
            [
              0.9873046875,
              0.07037353515625,
              -0.142333984375,
              0.5851181149482727
            ],
            [
              -0.06524658203125,
              0.9970703125,
              0.040283203125,
              0.08846031129360199
            ],
            [
              0.144775390625,
              -0.030487060546875,
              0.98876953125,
              0.35947132110595703
            ]
          ]
        ]
      },
      {
        "psnr": 12.160475730895996,
        "distortion": 0.11878827214241028,
        "rotation_rmse": 20.74531364440918,
        "translation_rmse_100": 20.80550193786621,
        "t_final": [
          [
            [
              0.99462890625,
              -0.08447265625,
              -0.06024169921875,
              0.2198244035243988
            ],
            [
              0.0638427734375,
              0.9560546875,
              -0.2861328125,
              0.1214977502822876
            ],
            [
              0.08172607421875,
              0.28076171875,
              0.95654296875,
              0.007983388379216194
            ]
          ]
        ]
      },
      {
        "psnr": 11.931733131408691,
        "distortion": 0.20346036553382874,
        "rotation_rmse": 29.28000831604004,
        "translation_rmse_100": 73.4219970703125,
        "t_final": [
          [
            [
              0.93896484375,
              -0.23095703125,
              -0.25390625,
              0.9283595085144043
            ],
            [
              0.207275390625,
              0.97119140625,
              -0.11688232421875,
              0.37743234634399414
            ],
            [
              0.273681640625,
              0.05712890625,
              0.9599609375,
              0.5436452627182007
            ]
          ]
        ]
      },
      {
        "psnr": 10.727739334106445,
        "distortion": 0.08592545241117477,
        "rotation_rmse": 23.612455368041992,
        "translation_rmse_100": 30.437686920166016,
        "t_final": [
          [
            [
              0.98974609375,
              0.10308837890625,
              -0.09991455078125,
              0.3582824170589447
            ],
            [
              -0.108154296875,
              0.9931640625,
              -0.0467529296875,
              -0.0908430814743042
            ],
            [
              0.09442138671875,
              0.05706787109375,
              0.994140625,
              0.023136530071496964
            ]
          ]
        ]
      },
      {
        "psnr": 25.834239959716797,
        "distortion": 0.0138358473777771,
        "rotation_rmse": 0.01638365536928177,
        "translation_rmse_100": 0.010791715234518051,
        "t_final": [
          [
            [
              0.85595703125,
              0.1358642578125,
              0.49853515625,
              -0.043748900294303894
            ],
            [
              0.034423828125,
              0.94775390625,
              -0.3173828125,
              0.12898163497447968
            ],
            [
              -0.515625,
              0.288818359375,
              0.806640625,
              -0.2374463528394699
            ]
          ]
        ]
      },
      {
        "psnr": 12.015168190002441,
        "distortion": 0.07361841201782227,
        "rotation_rmse": 17.754594802856445,
        "translation_rmse_100": 9.54771614074707,
        "t_final": [
          [
            [
              1.0,
              0.0036640167236328125,
              0.020660400390625,
              0.011967552825808525
            ],
            [
              0.000965118408203125,
              0.9755859375,
              -0.2197265625,
              0.04071546718478203
            ],
            [
              -0.0209503173828125,
              0.2197265625,
              0.97509765625,
              -0.10922327637672424
            ]
          ]
        ]
      },
      {
        "psnr": 11.262191772460938,
        "distortion": 0.2274596095085144,
        "rotation_rmse": 21.195987701416016,
        "translation_rmse_100": 68.47909545898438,
        "t_final": [
          [
            [
              0.9951171875,
              0.036590576171875,
              -0.0938720703125,
              0.9098992347717285
            ],
            [
              -0.0577392578125,
              0.970703125,
              -0.2335205078125,
              0.5037141442298889
            ],
            [
              0.08258056640625,
              0.23779296875,
              0.9677734375,
              0.3596622049808502
            ]
          ]
        ]
      },
      {
        "psnr": 10.730599403381348,
        "distortion": 0.10314368456602097,
        "rotation_rmse": 25.24612808227539,
        "translation_rmse_100": 12.91680908203125,
        "t_final": [
          [
            [
              0.994140625,
              -0.0165863037109375,
              -0.10546875,
              0.08887872099876404
            ],
            [
              0.0229034423828125,
              0.998046875,
              0.058990478515625,
              0.11333905160427094
            ],
            [
              0.104248046875,
              -0.061065673828125,
              0.99267578125,
              -0.05810508877038956
            ]
          ]
        ]
      },
      {
        "psnr": 10.2464017868042,
        "distortion": 0.18211406469345093,
        "rotation_rmse": 18.427318572998047,
        "translation_rmse_100": 54.748939514160156,
        "t_final": [
          [
            [
              0.89306640625,
              0.3984375,
              0.2088623046875,
              0.32224053144454956
            ],
            [
              -0.36083984375,
              0.91162109375,
              -0.1962890625,
              -0.23366209864616394
            ],
            [
              -0.2685546875,
              0.10003662109375,
              0.9580078125,
              0.5585781335830688
            ]
          ]
        ]
      },
      {
        "psnr": 10.843915939331055,
        "distortion": 0.09443014860153198,
        "rotation_rmse": 24.460834503173828,
        "translation_rmse_100": 19.16503143310547,
        "t_final": [
          [
            [
              0.98486328125,
              -0.134765625,
              -0.11163330078125,
              0.17447201907634735
            ],
            [
              0.05517578125,
              0.8447265625,
              -0.53271484375,
              0.1323152482509613
            ],
            [
              0.166015625,
              0.51806640625,
              0.8388671875,
              0.012488085776567459
            ]
          ]
        ]
      }
    ]
  },
  "horns_30_70_even_odd_single_image": {
    "best": {
      "psnr": 17.295785903930664,
      "distortion": 0.06087300553917885,
      "rotation_rmse": 47.081382751464844,
      "translation_rmse_100": 32.42144775390625,
      "t_final": [
        [
          [
            0.422119140625,
            -0.71142578125,
            0.56201171875,
            -0.5257123708724976
          ],
          [
            0.86669921875,
            0.134521484375,
            -0.48046875,
            -0.1588282734155655
          ],
          [
            0.26611328125,
            0.68994140625,
            0.67333984375,
            -0.25765615701675415
          ]
        ]
      ]
    },
    "stats_list": [
      {
        "psnr": 9.80642032623291,
        "distortion": 0.005022161640226841,
        "rotation_rmse": 23.2244930267334,
        "translation_rmse_100": 40.69441604614258,
        "t_final": [
          [
            [
              0.91162109375,
              -0.40283203125,
              0.0830078125,
              0.4571159780025482
            ],
            [
              0.40869140625,
              0.86474609375,
              -0.29248046875,
              -0.28314512968063354
            ],
            [
              0.046173095703125,
              0.300537109375,
              0.95263671875,
              -0.513352632522583
            ]
          ]
        ]
      },
      {
        "psnr": 10.907003402709961,
        "distortion": 0.07699193060398102,
        "rotation_rmse": 21.873523712158203,
        "translation_rmse_100": 31.770536422729492,
        "t_final": [
          [
            [
              0.8740234375,
              -0.408935546875,
              0.26318359375,
              0.18031373620033264
            ],
            [
              0.480224609375,
              0.8115234375,
              -0.332763671875,
              -0.08405422419309616
            ],
            [
              -0.0775146484375,
              0.4169921875,
              0.90576171875,
              -0.692740797996521
            ]
          ]
        ]
      },
      {
        "psnr": 10.530793190002441,
        "distortion": 0.027470692992210388,
        "rotation_rmse": 28.433483123779297,
        "translation_rmse_100": 21.277854919433594,
        "t_final": [
          [
            [
              0.779296875,
              -0.26025390625,
              0.5703125,
              0.03506873548030853
            ],
            [
              0.58740234375,
              0.61962890625,
              -0.52001953125,
              -0.16518740355968475
            ],
            [
              -0.218017578125,
              0.740234375,
              0.6357421875,
              -0.44520363211631775
            ]
          ]
        ]
      },
      {
        "psnr": 12.209959983825684,
        "distortion": 0.02493390627205372,
        "rotation_rmse": 15.127942085266113,
        "translation_rmse_100": 30.11421012878418,
        "t_final": [
          [
            [
              0.716796875,
              -0.2381591796875,
              0.65576171875,
              0.40375861525535583
            ],
            [
              0.380126953125,
              0.92138671875,
              -0.080810546875,
              -0.124840147793293
            ],
            [
              -0.5849609375,
              0.30712890625,
              0.7509765625,
              -0.32313576340675354
            ]
          ]
        ]
      },
      {
        "psnr": 11.548367500305176,
        "distortion": 0.10681475698947906,
        "rotation_rmse": 7.654505729675293,
        "translation_rmse_100": 26.438892364501953,
        "t_final": [
          [
            [
              0.8642578125,
              -0.054046630859375,
              0.499755859375,
              0.32944002747535706
            ],
            [
              0.10186767578125,
              0.99267578125,
              -0.06884765625,
              0.3564971685409546
            ],
            [
              -0.4921875,
              0.11041259765625,
              0.86328125,
              -0.373641699552536
            ]
          ]
        ]
      },
      {
        "psnr": 17.295785903930664,
        "distortion": 0.06087300553917885,
        "rotation_rmse": 47.081382751464844,
        "translation_rmse_100": 32.42144775390625,
        "t_final": [
          [
            [
              0.422119140625,
              -0.71142578125,
              0.56201171875,
              -0.5257123708724976
            ],
            [
              0.86669921875,
              0.134521484375,
              -0.48046875,
              -0.1588282734155655
            ],
            [
              0.26611328125,
              0.68994140625,
              0.67333984375,
              -0.25765615701675415
            ]
          ]
        ]
      },
      {
        "psnr": 17.295785903930664,
        "distortion": 0.06087300553917885,
        "rotation_rmse": 47.081382751464844,
        "translation_rmse_100": 32.42144775390625,
        "t_final": [
          [
            [
              0.422119140625,
              -0.71142578125,
              0.56201171875,
              -0.5257123708724976
            ],
            [
              0.86669921875,
              0.134521484375,
              -0.48046875,
              -0.1588282734155655
            ],
            [
              0.26611328125,
              0.68994140625,
              0.67333984375,
              -0.25765615701675415
            ]
          ]
        ]
      },
      {
        "psnr": 9.728333473205566,
        "distortion": 0.0035031174775213003,
        "rotation_rmse": 24.559608459472656,
        "translation_rmse_100": 48.58100128173828,
        "t_final": [
          [
            [
              0.72705078125,
              -0.296875,
              0.619140625,
              -0.5747869610786438
            ],
            [
              0.58056640625,
              0.74755859375,
              -0.3232421875,
              -0.5166172981262207
            ],
            [
              -0.36669921875,
              0.59423828125,
              0.7158203125,
              -0.3350845277309418
            ]
          ]
        ]
      },
      {
        "psnr": 14.773996353149414,
        "distortion": 0.011231834068894386,
        "rotation_rmse": 22.768465042114258,
        "translation_rmse_100": 21.94748878479004,
        "t_final": [
          [
            [
              0.91943359375,
              -0.3837890625,
              0.08758544921875,
              0.1339593529701233
            ],
            [
              0.37158203125,
              0.91943359375,
              0.1302490234375,
              0.15822021663188934
            ],
            [
              -0.1304931640625,
              -0.08721923828125,
              0.98779296875,
              -0.5722240209579468
            ]
          ]
        ]
      },
      {
        "psnr": 13.195158004760742,
        "distortion": 0.03456275165081024,
        "rotation_rmse": 17.330984115600586,
        "translation_rmse_100": 11.118271827697754,
        "t_final": [
          [
            [
              0.9267578125,
              0.33349609375,
              0.174072265625,
              -0.13199450075626373
            ],
            [
              -0.3017578125,
              0.93505859375,
              -0.185302734375,
              -0.01689114235341549
            ],
            [
              -0.224609375,
              0.11920166015625,
              0.96728515625,
              -0.3273865580558777
            ]
          ]
        ]
      }
    ]
  },
  "horns_30_70_even_odd_no_masks": {
    "best": {
      "psnr": 17.95509147644043,
      "distortion": 0.04451683908700943,
      "rotation_rmse": 0.023082450032234192,
      "translation_rmse_100": 0.1419638693332672,
      "t_final": [
        [
          [
            0.85595703125,
            0.13525390625,
            0.499267578125,
            -0.04140796884894371
          ],
          [
            0.03466796875,
            0.94775390625,
            -0.31640625,
            0.128792867064476
          ],
          [
            -0.51611328125,
            0.2880859375,
            0.806640625,
            -0.237482488155365
          ]
        ]
      ]
    },
    "stats_list": [
      {
        "psnr": 12.779125213623047,
        "distortion": 0.058667369186878204,
        "rotation_rmse": 4.038812160491943,
        "translation_rmse_100": 8.390103340148926,
        "t_final": [
          [
            [
              0.8779296875,
              0.126953125,
              0.4619140625,
              0.07130468636751175
            ],
            [
              0.07464599609375,
              0.916015625,
              -0.3935546875,
              0.14241085946559906
            ],
            [
              -0.47314453125,
              0.380126953125,
              0.794921875,
              -0.1499442756175995
            ]
          ]
        ]
      },
      {
        "psnr": 17.95509147644043,
        "distortion": 0.04451683908700943,
        "rotation_rmse": 0.023082450032234192,
        "translation_rmse_100": 0.1419638693332672,
        "t_final": [
          [
            [
              0.85595703125,
              0.13525390625,
              0.499267578125,
              -0.04140796884894371
            ],
            [
              0.03466796875,
              0.94775390625,
              -0.31640625,
              0.128792867064476
            ],
            [
              -0.51611328125,
              0.2880859375,
              0.806640625,
              -0.237482488155365
            ]
          ]
        ]
      },
      {
        "psnr": 11.84878921508789,
        "distortion": 0.040213219821453094,
        "rotation_rmse": 5.918311595916748,
        "translation_rmse_100": 14.295337677001953,
        "t_final": [
          [
            [
              0.91455078125,
              0.0265045166015625,
              0.4033203125,
              -0.2334379255771637
            ],
            [
              0.05828857421875,
              0.978515625,
              -0.196533203125,
              0.09626705199480057
            ],
            [
              -0.39990234375,
              0.2032470703125,
              0.8935546875,
              -0.3934319317340851
            ]
          ]
        ]
      },
      {
        "psnr": 10.196484565734863,
        "distortion": 0.09022913128137589,
        "rotation_rmse": 12.169947624206543,
        "translation_rmse_100": 32.672630310058594,
        "t_final": [
          [
            [
              0.97509765625,
              -0.004688262939453125,
              0.2216796875,
              -0.04156870394945145
            ],
            [
              0.1005859375,
              0.900390625,
              -0.423583984375,
              -0.28592535853385925
            ],
            [
              -0.197509765625,
              0.435302734375,
              0.87841796875,
              -0.6224913001060486
            ]
          ]
        ]
      },
      {
        "psnr": 11.124456405639648,
        "distortion": 0.0861680656671524,
        "rotation_rmse": 5.182671070098877,
        "translation_rmse_100": 19.5151424407959,
        "t_final": [
          [
            [
              0.82373046875,
              0.301513671875,
              0.480224609375,
              0.0428786426782608
            ],
            [
              -0.08538818359375,
              0.9033203125,
              -0.420654296875,
              -0.18997718393802643
            ],
            [
              -0.560546875,
              0.305419921875,
              0.76953125,
              -0.30873987078666687
            ]
          ]
        ]
      },
      {
        "psnr": 11.382352828979492,
        "distortion": 0.049242258071899414,
        "rotation_rmse": 3.8544719219207764,
        "translation_rmse_100": 24.83639907836914,
        "t_final": [
          [
            [
              0.82568359375,
              0.08575439453125,
              0.55712890625,
              -0.4446427822113037
            ],
            [
              0.041259765625,
              0.9765625,
              -0.2115478515625,
              0.2751622498035431
            ],
            [
              -0.5625,
              0.1976318359375,
              0.802734375,
              -0.2925409972667694
            ]
          ]
        ]
      },
      {
        "psnr": 14.544498443603516,
        "distortion": 0.053963251411914825,
        "rotation_rmse": 0.4377400577068329,
        "translation_rmse_100": 0.8088247179985046,
        "t_final": [
          [
            [
              0.86181640625,
              0.13330078125,
              0.48974609375,
              -0.030027057975530624
            ],
            [
              0.0311126708984375,
              0.94921875,
              -0.313232421875,
              0.12678638100624084
            ],
            [
              -0.5068359375,
              0.28515625,
              0.8134765625,
              -0.2382030189037323
            ]
          ]
        ]
      },
      {
        "psnr": 10.890782356262207,
        "distortion": 0.12466885149478912,
        "rotation_rmse": 8.072888374328613,
        "translation_rmse_100": 40.08485794067383,
        "t_final": [
          [
            [
              0.93017578125,
              -0.06292724609375,
              0.361083984375,
              0.522874653339386
            ],
            [
              0.154052734375,
              0.9609375,
              -0.2293701171875,
              0.5238250494003296
            ],
            [
              -0.33251953125,
              0.26904296875,
              0.90380859375,
              -0.16791468858718872
            ]
          ]
        ]
      },
      {
        "psnr": 11.428437232971191,
        "distortion": 0.09284626692533493,
        "rotation_rmse": 14.531014442443848,
        "translation_rmse_100": 27.49350357055664,
        "t_final": [
          [
            [
              0.87255859375,
              0.380859375,
              0.305908203125,
              -0.09729786962270737
            ],
            [
              -0.0528564453125,
              0.6962890625,
              -0.7158203125,
              -0.34429967403411865
            ],
            [
              -0.485595703125,
              0.6083984375,
              0.6279296875,
              -0.24338656663894653
            ]
          ]
        ]
      },
      {
        "psnr": 10.838269233703613,
        "distortion": 0.10972962528467178,
        "rotation_rmse": 4.141419410705566,
        "translation_rmse_100": 31.58646583557129,
        "t_final": [
          [
            [
              0.85986328125,
              0.01512908935546875,
              0.5107421875,
              0.36753517389297485
            ],
            [
              0.140380859375,
              0.9541015625,
              -0.264404296875,
              0.07518462836742401
            ],
            [
              -0.4912109375,
              0.299072265625,
              0.81787109375,
              -0.5941473841667175
            ]
          ]
        ]
      }
    ]
  }
}