{
  "room_50_50_no_init": {
    "best": {
      "psnr": 12.423782348632812,
      "distortion": 0.07310779392719269,
      "rotation_rmse": 4.032937049865723,
      "translation_rmse_100": 23.02935028076172,
      "t_final": [
        [
          [
            0.994140625,
            0.1038818359375,
            -0.0296630859375,
            -0.053471073508262634
          ],
          [
            -0.1038818359375,
            0.8447265625,
            -0.525390625,
            0.1890401393175125
          ],
          [
            -0.0294952392578125,
            0.525390625,
            0.8505859375,
            0.09167861193418503
          ]
        ]
      ]
    },
    "stats_list": [
      {
        "psnr": 12.304841041564941,
        "distortion": 0.07904043793678284,
        "rotation_rmse": 11.07878303527832,
        "translation_rmse_100": 25.897022247314453,
        "t_final": [
          [
            [
              0.94873046875,
              0.271240234375,
              -0.1634521484375,
              -0.19482778012752533
            ],
            [
              -0.316162109375,
              0.83935546875,
              -0.442138671875,
              0.3115805685520172
            ],
            [
              0.01727294921875,
              0.470947265625,
              0.8818359375,
              0.03107621893286705
            ]
          ]
        ]
      },
      {
        "psnr": 11.640973091125488,
        "distortion": 0.05291067808866501,
        "rotation_rmse": 16.52216911315918,
        "translation_rmse_100": 21.11734962463379,
        "t_final": [
          [
            [
              0.99658203125,
              0.05096435546875,
              0.062225341796875,
              -0.2181054800748825
            ],
            [
              -0.05029296875,
              0.99853515625,
              -0.0121917724609375,
              0.07125680148601532
            ],
            [
              -0.062744140625,
              0.0090179443359375,
              0.998046875,
              0.1176956295967102
            ]
          ]
        ]
      },
      {
        "psnr": 11.002888679504395,
        "distortion": 0.06164155900478363,
        "rotation_rmse": 15.007509231567383,
        "translation_rmse_100": 28.38887596130371,
        "t_final": [
          [
            [
              0.99365234375,
              0.1092529296875,
              0.03033447265625,
              -0.2596535086631775
            ],
            [
              -0.10693359375,
              0.99169921875,
              -0.06964111328125,
              0.1158517450094223
            ],
            [
              -0.037689208984375,
              0.06591796875,
              0.9970703125,
              -0.01928524486720562
            ]
          ]
        ]
      },
      {
        "psnr": 11.754359245300293,
        "distortion": 0.0210089311003685,
        "rotation_rmse": 17.505033493041992,
        "translation_rmse_100": 15.767380714416504,
        "t_final": [
          [
            [
              0.97265625,
              0.1676025390625,
              0.161376953125,
              -0.29246148467063904
            ],
            [
              -0.162353515625,
              0.98583984375,
              -0.04522705078125,
              0.33939361572265625
            ],
            [
              -0.1666259765625,
              0.017791748046875,
              0.98583984375,
              0.2538319230079651
            ]
          ]
        ]
      },
      {
        "psnr": 11.674054145812988,
        "distortion": 0.0951860174536705,
        "rotation_rmse": 16.800273895263672,
        "translation_rmse_100": 31.10903549194336,
        "t_final": [
          [
            [
              1.0,
              0.0,
              0.0,
              0.0
            ],
            [
              0.0,
              1.0,
              0.0,
              0.0
            ],
            [
              0.0,
              0.0,
              1.0,
              0.0
            ]
          ]
        ]
      },
      {
        "psnr": 11.354846954345703,
        "distortion": 0.07704969495534897,
        "rotation_rmse": 16.503555297851562,
        "translation_rmse_100": 31.365310668945312,
        "t_final": [
          [
            [
              0.99951171875,
              0.02398681640625,
              0.0031280517578125,
              -0.02513064444065094
            ],
            [
              -0.023956298828125,
              0.99951171875,
              -0.009613037109375,
              0.021563591435551643
            ],
            [
              -0.00335693359375,
              0.00952911376953125,
              1.0,
              -0.02311667427420616
            ]
          ]
        ]
      },
      {
        "psnr": 12.30391788482666,
        "distortion": 0.07959213852882385,
        "rotation_rmse": 4.557605743408203,
        "translation_rmse_100": 25.597820281982422,
        "t_final": [
          [
            [
              0.99462890625,
              0.0908203125,
              -0.04833984375,
              -0.05156410485506058
            ],
            [
              -0.102783203125,
              0.8994140625,
              -0.425048828125,
              0.25277605652809143
            ],
            [
              0.00489044189453125,
              0.427734375,
              0.90380859375,
              0.049576882272958755
            ]
          ]
        ]
      },
      {
        "psnr": 12.423782348632812,
        "distortion": 0.07310779392719269,
        "rotation_rmse": 4.032937049865723,
        "translation_rmse_100": 23.02935028076172,
        "t_final": [
          [
            [
              0.994140625,
              0.1038818359375,
              -0.0296630859375,
              -0.053471073508262634
            ],
            [
              -0.1038818359375,
              0.8447265625,
              -0.525390625,
              0.1890401393175125
            ],
            [
              -0.0294952392578125,
              0.525390625,
              0.8505859375,
              0.09167861193418503
            ]
          ]
        ]
      },
      {
        "psnr": 11.463753700256348,
        "distortion": 0.08285156637430191,
        "rotation_rmse": 16.281776428222656,
        "translation_rmse_100": 31.77942657470703,
        "t_final": [
          [
            [
              1.0,
              -0.0114593505859375,
              0.0142669677734375,
              -0.012970834039151669
            ],
            [
              0.01165771484375,
              1.0,
              -0.01432037353515625,
              0.009373609907925129
            ],
            [
              -0.01409912109375,
              0.0144805908203125,
              1.0,
              -0.02228728123009205
            ]
          ]
        ]
      },
      {
        "psnr": 11.417860984802246,
        "distortion": 0.08256833255290985,
        "rotation_rmse": 16.952056884765625,
        "translation_rmse_100": 31.353654861450195,
        "t_final": [
          [
            [
              1.0,
              0.004985809326171875,
              0.00501251220703125,
              -0.005024957004934549
            ],
            [
              -0.00501251220703125,
              1.0,
              0.004985809326171875,
              -0.004999917466193438
            ],
            [
              -0.004985809326171875,
              -0.00501251220703125,
              1.0,
              -0.004974958021193743
            ]
          ]
        ]
      }
    ]
  },
  "room_50_50_single_image": {
    "best": {
      "psnr": 33.494773864746094,
      "distortion": 0.0045164888724684715,
      "rotation_rmse": 0.008437702432274818,
      "translation_rmse_100": 0.03466170281171799,
      "t_final": [
        [
          [
            0.99853515625,
            0.0200653076171875,
            0.047698974609375,
            -0.1998065710067749
          ],
          [
            0.005523681640625,
            0.87548828125,
            -0.483642578125,
            0.1906345635652542
          ],
          [
            -0.05145263671875,
            0.483154296875,
            0.8740234375,
            0.46318724751472473
          ]
        ]
      ]
    },
    "stats_list": [
      {
        "psnr": 14.881413459777832,
        "distortion": 0.014460657723248005,
        "rotation_rmse": 11.181132316589355,
        "translation_rmse_100": 7.573164463043213,
        "t_final": [
          [
            [
              0.94189453125,
              -0.28173828125,
              0.1834716796875,
              -0.2968825399875641
            ],
            [
              0.33544921875,
              0.82275390625,
              -0.45849609375,
              0.10328390449285507
            ],
            [
              -0.02178955078125,
              0.493408203125,
              0.86962890625,
              0.45475688576698303
            ]
          ]
        ]
      },
      {
        "psnr": 23.752382278442383,
        "distortion": 0.055575333535671234,
        "rotation_rmse": 0.017784377560019493,
        "translation_rmse_100": 0.06553692370653152,
        "t_final": [
          [
            [
              0.99853515625,
              0.020294189453125,
              0.0479736328125,
              -0.1981610655784607
            ],
            [
              0.005481719970703125,
              0.875,
              -0.484130859375,
              0.19029895961284637
            ],
            [
              -0.051788330078125,
              0.483642578125,
              0.87353515625,
              0.4631056487560272
            ]
          ]
        ]
      },
      {
        "psnr": 13.687627792358398,
        "distortion": 0.12174859642982483,
        "rotation_rmse": 6.125938415527344,
        "translation_rmse_100": 35.4906120300293,
        "t_final": [
          [
            [
              0.99658203125,
              -0.07110595703125,
              0.042816162109375,
              0.23560746014118195
            ],
            [
              0.08245849609375,
              0.78564453125,
              -0.61328125,
              0.04799738898873329
            ],
            [
              0.00997161865234375,
              0.61474609375,
              0.78857421875,
              0.05253066122531891
            ]
          ]
        ]
      },
      {
        "psnr": 15.867754936218262,
        "distortion": 0.010539933107793331,
        "rotation_rmse": 12.139400482177734,
        "translation_rmse_100": 10.800715446472168,
        "t_final": [
          [
            [
              0.9423828125,
              -0.331787109375,
              0.039276123046875,
              -0.33521875739097595
            ],
            [
              0.298583984375,
              0.783203125,
              -0.54541015625,
              0.07030166685581207
            ],
            [
              0.1502685546875,
              0.52587890625,
              0.83740234375,
              0.4175499975681305
            ]
          ]
        ]
      },
      {
        "psnr": 12.643930435180664,
        "distortion": 0.08499688655138016,
        "rotation_rmse": 20.456392288208008,
        "translation_rmse_100": 59.190738677978516,
        "t_final": [
          [
            [
              0.8681640625,
              -0.2978515625,
              0.396728515625,
              -0.10528572648763657
            ],
            [
              0.494140625,
              0.587890625,
              -0.640625,
              -0.7891096472740173
            ],
            [
              -0.042236328125,
              0.751953125,
              0.65771484375,
              0.1756165772676468
            ]
          ]
        ]
      },
      {
        "psnr": 13.247868537902832,
        "distortion": 0.10515914112329483,
        "rotation_rmse": 8.079839706420898,
        "translation_rmse_100": 29.434951782226562,
        "t_final": [
          [
            [
              0.998046875,
              -0.046661376953125,
              0.046173095703125,
              0.035536449402570724
            ],
            [
              0.06561279296875,
              0.73876953125,
              -0.67041015625,
              0.020610062405467033
            ],
            [
              -0.0028209686279296875,
              0.671875,
              0.740234375,
              0.04352214187383652
            ]
          ]
        ]
      },
      {
        "psnr": 14.77824592590332,
        "distortion": 0.1833561509847641,
        "rotation_rmse": 19.268171310424805,
        "translation_rmse_100": 18.712125778198242,
        "t_final": [
          [
            [
              0.8564453125,
              -0.4970703125,
              0.1402587890625,
              0.12329116463661194
            ],
            [
              0.5166015625,
              0.8203125,
              -0.24658203125,
              0.18850159645080566
            ],
            [
              0.007572174072265625,
              0.28369140625,
              0.958984375,
              0.4945228099822998
            ]
          ]
        ]
      },
      {
        "psnr": 20.09965705871582,
        "distortion": 0.0749126672744751,
        "rotation_rmse": 2.7707555294036865,
        "translation_rmse_100": 11.962153434753418,
        "t_final": [
          [
            [
              0.9970703125,
              0.07611083984375,
              -0.000732421875,
              -0.4010736346244812
            ],
            [
              -0.068115234375,
              0.888671875,
              -0.453857421875,
              0.1523587554693222
            ],
            [
              -0.033905029296875,
              0.45263671875,
              0.89111328125,
              0.49025648832321167
            ]
          ]
        ]
      },
      {
        "psnr": 33.494773864746094,
        "distortion": 0.0045164888724684715,
        "rotation_rmse": 0.008437702432274818,
        "translation_rmse_100": 0.03466170281171799,
        "t_final": [
          [
            [
              0.99853515625,
              0.0200653076171875,
              0.047698974609375,
              -0.1998065710067749
            ],
            [
              0.005523681640625,
              0.87548828125,
              -0.483642578125,
              0.1906345635652542
            ],
            [
              -0.05145263671875,
              0.483154296875,
              0.8740234375,
              0.46318724751472473
            ]
          ]
        ]
      },
      {
        "psnr": 14.884553909301758,
        "distortion": 0.08826703578233719,
        "rotation_rmse": 8.017546653747559,
        "translation_rmse_100": 40.49402618408203,
        "t_final": [
          [
            [
              0.9931640625,
              0.06951904296875,
              -0.09356689453125,
              -0.2900058925151825
            ],
            [
              -0.09515380859375,
              0.94677734375,
              -0.306884765625,
              0.605028510093689
            ],
            [
              0.06732177734375,
              0.313720703125,
              0.947265625,
              -0.09550172090530396
            ]
          ]
        ]
      }
    ]
  },
  "room_50_50_no_masks": {
    "best": {
      "psnr": 21.05817413330078,
      "distortion": 0.02897379733622074,
      "rotation_rmse": 0.02903834544122219,
      "translation_rmse_100": 0.02051660045981407,
      "t_final": [
        [
          [
            0.99853515625,
            0.019561767578125,
            0.04705810546875,
            -0.1995648741722107
          ],
          [
            0.00563812255859375,
            0.875,
            -0.483642578125,
            0.19048956036567688
          ],
          [
            -0.0506591796875,
            0.4833984375,
            0.8740234375,
            0.46276727318763733
          ]
        ]
      ]
    },
    "stats_list": [
      {
        "psnr": 20.791088104248047,
        "distortion": 0.025017479434609413,
        "rotation_rmse": 0.025775127112865448,
        "translation_rmse_100": 0.05355275794863701,
        "t_final": [
          [
            [
              0.99853515625,
              0.02044677734375,
              0.04815673828125,
              -0.19838133454322815
            ],
            [
              0.005435943603515625,
              0.875,
              -0.484130859375,
              0.19049875438213348
            ],
            [
              -0.052032470703125,
              0.48388671875,
              0.87353515625,
              0.4632372260093689
            ]
          ]
        ]
      },
      {
        "psnr": 19.854215621948242,
        "distortion": 0.03600466996431351,
        "rotation_rmse": 0.03241436928510666,
        "translation_rmse_100": 0.042006805539131165,
        "t_final": [
          [
            [
              0.99853515625,
              0.0196685791015625,
              0.047027587890625,
              -0.19961103796958923
            ],
            [
              0.00551605224609375,
              0.87548828125,
              -0.4833984375,
              0.19062604010105133
            ],
            [
              -0.0506591796875,
              0.48291015625,
              0.8740234375,
              0.4623257517814636
            ]
          ]
        ]
      },
      {
        "psnr": 19.878986358642578,
        "distortion": 0.028673242777585983,
        "rotation_rmse": 0.015328913927078247,
        "translation_rmse_100": 0.023252345621585846,
        "t_final": [
          [
            [
              0.99853515625,
              0.0201568603515625,
              0.0474853515625,
              -0.1995944380760193
            ],
            [
              0.005344390869140625,
              0.875,
              -0.48388671875,
              0.19035865366458893
            ],
            [
              -0.051300048828125,
              0.483642578125,
              0.8740234375,
              0.46312662959098816
            ]
          ]
        ]
      },
      {
        "psnr": 20.982330322265625,
        "distortion": 0.02780456282198429,
        "rotation_rmse": 0.053411081433296204,
        "translation_rmse_100": 0.05108490586280823,
        "t_final": [
          [
            [
              0.99853515625,
              0.01898193359375,
              0.046661376953125,
              -0.19915033876895905
            ],
            [
              0.005931854248046875,
              0.87548828125,
              -0.483154296875,
              0.19072945415973663
            ],
            [
              -0.050048828125,
              0.48291015625,
              0.8740234375,
              0.4621053636074066
            ]
          ]
        ]
      },
      {
        "psnr": 19.68331527709961,
        "distortion": 0.04348888620734215,
        "rotation_rmse": 0.025548210367560387,
        "translation_rmse_100": 0.027223393321037292,
        "t_final": [
          [
            [
              0.99853515625,
              0.019256591796875,
              0.047760009765625,
              -0.19905036687850952
            ],
            [
              0.006252288818359375,
              0.87548828125,
              -0.4833984375,
              0.19027163088321686
            ],
            [
              -0.051116943359375,
              0.483154296875,
              0.8740234375,
              0.4626151919364929
            ]
          ]
        ]
      },
      {
        "psnr": 21.05817413330078,
        "distortion": 0.02897379733622074,
        "rotation_rmse": 0.02903834544122219,
        "translation_rmse_100": 0.02051660045981407,
        "t_final": [
          [
            [
              0.99853515625,
              0.019561767578125,
              0.04705810546875,
              -0.1995648741722107
            ],
            [
              0.00563812255859375,
              0.875,
              -0.483642578125,
              0.19048956036567688
            ],
            [
              -0.0506591796875,
              0.4833984375,
              0.8740234375,
              0.46276727318763733
            ]
          ]
        ]
      },
      {
        "psnr": 12.793172836303711,
        "distortion": 0.04031451791524887,
        "rotation_rmse": 15.72658920288086,
        "translation_rmse_100": 13.248270988464355,
        "t_final": [
          [
            [
              0.984375,
              0.12457275390625,
              0.125732421875,
              -0.21459752321243286
            ],
            [
              -0.11663818359375,
              0.99072265625,
              -0.06878662109375,
              0.3060406446456909
            ],
            [
              -0.1331787109375,
              0.05303955078125,
              0.98974609375,
              0.2652848958969116
            ]
          ]
        ]
      },
      {
        "psnr": 18.972862243652344,
        "distortion": 0.036584436893463135,
        "rotation_rmse": 0.028876127675175667,
        "translation_rmse_100": 0.044403325766325,
        "t_final": [
          [
            [
              0.99853515625,
              0.0206451416015625,
              0.047576904296875,
              -0.19876065850257874
            ],
            [
              0.004917144775390625,
              0.87548828125,
              -0.4833984375,
              0.19109557569026947
            ],
            [
              -0.0516357421875,
              0.48291015625,
              0.8740234375,
              0.4629215598106384
            ]
          ]
        ]
      },
      {
        "psnr": 19.375520706176758,
        "distortion": 0.043959613889455795,
        "rotation_rmse": 0.061734121292829514,
        "translation_rmse_100": 0.05919627845287323,
        "t_final": [
          [
            [
              0.99853515625,
              0.0186614990234375,
              0.0465087890625,
              -0.19978681206703186
            ],
            [
              0.006175994873046875,
              0.875,
              -0.483642578125,
              0.1900072991847992
            ],
            [
              -0.04974365234375,
              0.4833984375,
              0.8740234375,
              0.46223509311676025
            ]
          ]
        ]
      },
      {
        "psnr": 13.01378059387207,
        "distortion": 0.12326490879058838,
        "rotation_rmse": 4.034492015838623,
        "translation_rmse_100": 40.378334045410156,
        "t_final": [
          [
            [
              0.9990234375,
              0.0309295654296875,
              0.031585693359375,
              0.2257615476846695
            ],
            [
              -0.016754150390625,
              0.92626953125,
              -0.376953125,
              0.42619702219963074
            ],
            [
              -0.040924072265625,
              0.3759765625,
              0.92578125,
              -0.039964981377124786
            ]
          ]
        ]
      }
    ]
  }
}