{
  "trex_50_50_no_init": {
    "best": {
      "psnr": 12.587903022766113,
      "distortion": 0.13024339079856873,
      "rotation_rmse": 31.56806182861328,
      "translation_rmse_100": 32.59323501586914,
      "t_final": [
        [
          [
            0.99267578125,
            0.03302001953125,
            -0.11431884765625,
            0.27142778038978577
          ],
          [
            -0.040069580078125,
            0.99755859375,
            -0.059783935546875,
            0.009111409075558186
          ],
          [
            0.112060546875,
            0.06396484375,
            0.99169921875,
            0.010473924688994884
          ]
        ]
      ]
    },
    "stats_list": [
      {
        "psnr": 10.37144660949707,
        "distortion": 0.17080920934677124,
        "rotation_rmse": 31.99201202392578,
        "translation_rmse_100": 33.04726028442383,
        "t_final": [
          [
            [
              0.99462890625,
              -0.016265869140625,
              -0.1019287109375,
              0.24657246470451355
            ],
            [
              0.017333984375,
              1.0,
              0.00952911376953125,
              -0.0057539441622793674
            ],
            [
              0.10174560546875,
              -0.0112457275390625,
              0.99462890625,
              0.08440613746643066
            ]
          ]
        ]
      },
      {
        "psnr": 11.168355941772461,
        "distortion": 0.1748032569885254,
        "rotation_rmse": 21.70586395263672,
        "translation_rmse_100": 26.083520889282227,
        "t_final": [
          [
            [
              0.955078125,
              -0.29345703125,
              0.035064697265625,
              0.11248105019330978
            ],
            [
              0.27734375,
              0.849609375,
              -0.44873046875,
              -0.1245884820818901
            ],
            [
              0.101806640625,
              0.4384765625,
              0.89306640625,
              0.06943913549184799
            ]
          ]
        ]
      },
      {
        "psnr": 10.892972946166992,
        "distortion": 0.16288773715496063,
        "rotation_rmse": 32.133201599121094,
        "translation_rmse_100": 32.403785705566406,
        "t_final": [
          [
            [
              0.99072265625,
              0.019775390625,
              -0.1337890625,
              0.23962613940238953
            ],
            [
              -0.0258331298828125,
              0.99853515625,
              -0.04364013671875,
              0.1913604587316513
            ],
            [
              0.1328125,
              0.04669189453125,
              0.990234375,
              -0.0969439372420311
            ]
          ]
        ]
      },
      {
        "psnr": 11.654289245605469,
        "distortion": 0.13943305611610413,
        "rotation_rmse": 28.37464141845703,
        "translation_rmse_100": 21.423583984375,
        "t_final": [
          [
            [
              1.0,
              -0.0038433074951171875,
              0.02093505859375,
              0.10898122936487198
            ],
            [
              0.004886627197265625,
              0.99853515625,
              -0.04998779296875,
              -0.07534927874803543
            ],
            [
              -0.020721435546875,
              0.050079345703125,
              0.99853515625,
              -0.09528334438800812
            ]
          ]
        ]
      },
      {
        "psnr": 11.063382148742676,
        "distortion": 0.11289624869823456,
        "rotation_rmse": 25.449682235717773,
        "translation_rmse_100": 16.299251556396484,
        "t_final": [
          [
            [
              0.974609375,
              -0.206787109375,
              0.08734130859375,
              -0.046282749623060226
            ],
            [
              0.206787109375,
              0.978515625,
              0.00965118408203125,
              -0.2495819628238678
            ],
            [
              -0.08746337890625,
              0.00865936279296875,
              0.99609375,
              -0.2767282724380493
            ]
          ]
        ]
      },
      {
        "psnr": 9.98648738861084,
        "distortion": 0.1262274980545044,
        "rotation_rmse": 33.4514274597168,
        "translation_rmse_100": 15.918445587158203,
        "t_final": [
          [
            [
              0.99755859375,
              -0.054290771484375,
              -0.044189453125,
              0.01522355992347002
            ],
            [
              0.0604248046875,
              0.986328125,
              0.15234375,
              -0.0030267660040408373
            ],
            [
              0.035308837890625,
              -0.1546630859375,
              0.9873046875,
              -0.1460782140493393
            ]
          ]
        ]
      },
      {
        "psnr": 10.845248222351074,
        "distortion": 0.14326520264148712,
        "rotation_rmse": 27.059814453125,
        "translation_rmse_100": 20.88262367248535,
        "t_final": [
          [
            [
              0.99072265625,
              -0.1353759765625,
              0.01763916015625,
              0.05203556269407272
            ],
            [
              0.1358642578125,
              0.990234375,
              -0.031524658203125,
              -0.10892543941736221
            ],
            [
              -0.01320648193359375,
              0.03363037109375,
              0.99951171875,
              0.0009241108200512826
            ]
          ]
        ]
      },
      {
        "psnr": 10.965710639953613,
        "distortion": 0.15411347150802612,
        "rotation_rmse": 41.76940155029297,
        "translation_rmse_100": 41.298118591308594,
        "t_final": [
          [
            [
              0.94970703125,
              -0.30859375,
              0.049896240234375,
              0.2960735857486725
            ],
            [
              0.2198486328125,
              0.7734375,
              0.5947265625,
              -0.11317267268896103
            ],
            [
              -0.2220458984375,
              -0.55419921875,
              0.80224609375,
              0.2651420831680298
            ]
          ]
        ]
      },
      {
        "psnr": 11.723763465881348,
        "distortion": 0.10224927216768265,
        "rotation_rmse": 30.16996192932129,
        "translation_rmse_100": 19.118019104003906,
        "t_final": [
          [
            [
              0.99609375,
              0.08489990234375,
              0.02252197265625,
              0.02644786424934864
            ],
            [
              -0.08404541015625,
              0.99560546875,
              -0.035980224609375,
              0.06834840774536133
            ],
            [
              -0.025482177734375,
              0.033935546875,
              0.9990234375,
              -0.0716443657875061
            ]
          ]
        ]
      },
      {
        "psnr": 12.587903022766113,
        "distortion": 0.13024339079856873,
        "rotation_rmse": 31.56806182861328,
        "translation_rmse_100": 32.59323501586914,
        "t_final": [
          [
            [
              0.99267578125,
              0.03302001953125,
              -0.11431884765625,
              0.27142778038978577
            ],
            [
              -0.040069580078125,
              0.99755859375,
              -0.059783935546875,
              0.009111409075558186
            ],
            [
              0.112060546875,
              0.06396484375,
              0.99169921875,
              0.010473924688994884
            ]
          ]
        ]
      }
    ]
  },
  "trex_50_50_single_image": {
    "best": {
      "psnr": 21.278427124023438,
      "distortion": 0.0060834079049527645,
      "rotation_rmse": 12.814657211303711,
      "translation_rmse_100": 15.809856414794922,
      "t_final": [
        [
          [
            0.65673828125,
            -0.478515625,
            0.58251953125,
            -0.44366079568862915
          ],
          [
            0.552734375,
            0.83154296875,
            0.059906005859375,
            -0.24706360697746277
          ],
          [
            -0.51318359375,
            0.28271484375,
            0.810546875,
            -0.12940649688243866
          ]
        ]
      ]
    },
    "stats_list": [
      {
        "psnr": 21.278427124023438,
        "distortion": 0.0060834079049527645,
        "rotation_rmse": 12.814657211303711,
        "translation_rmse_100": 15.809856414794922,
        "t_final": [
          [
            [
              0.65673828125,
              -0.478515625,
              0.58251953125,
              -0.44366079568862915
            ],
            [
              0.552734375,
              0.83154296875,
              0.059906005859375,
              -0.24706360697746277
            ],
            [
              -0.51318359375,
              0.28271484375,
              0.810546875,
              -0.12940649688243866
            ]
          ]
        ]
      },
      {
        "psnr": 15.404778480529785,
        "distortion": 0.01632508635520935,
        "rotation_rmse": 6.406684398651123,
        "translation_rmse_100": 12.500323295593262,
        "t_final": [
          [
            [
              0.76904296875,
              -0.0955810546875,
              0.6318359375,
              -0.03621838986873627
            ],
            [
              0.4501953125,
              0.78271484375,
              -0.429443359375,
              -0.10369822382926941
            ],
            [
              -0.453857421875,
              0.61474609375,
              0.64501953125,
              -0.22763168811798096
            ]
          ]
        ]
      },
      {
        "psnr": 13.646373748779297,
        "distortion": 0.006766738370060921,
        "rotation_rmse": 18.520042419433594,
        "translation_rmse_100": 14.22440242767334,
        "t_final": [
          [
            [
              0.60400390625,
              -0.452880859375,
              0.65576171875,
              -0.1940290480852127
            ],
            [
              0.75390625,
              0.591796875,
              -0.28564453125,
              -0.23927371203899384
            ],
            [
              -0.258544921875,
              0.6669921875,
              0.69921875,
              -0.028329983353614807
            ]
          ]
        ]
      },
      {
        "psnr": 13.259309768676758,
        "distortion": 0.021534934639930725,
        "rotation_rmse": 7.76851749420166,
        "translation_rmse_100": 4.206062316894531,
        "t_final": [
          [
            [
              0.8427734375,
              -0.27001953125,
              0.466064453125,
              -0.24029654264450073
            ],
            [
              0.427978515625,
              0.86083984375,
              -0.275390625,
              -0.10134509950876236
            ],
            [
              -0.32666015625,
              0.431640625,
              0.8408203125,
              -0.26196005940437317
            ]
          ]
        ]
      },
      {
        "psnr": 19.48871421813965,
        "distortion": 0.010450758039951324,
        "rotation_rmse": 4.786322593688965,
        "translation_rmse_100": 13.756998062133789,
        "t_final": [
          [
            [
              0.759765625,
              -0.1923828125,
              0.62109375,
              -0.05774319916963577
            ],
            [
              0.469482421875,
              0.8232421875,
              -0.3193359375,
              -0.09156665951013565
            ],
            [
              -0.44970703125,
              0.5341796875,
              0.7158203125,
              -0.33943313360214233
            ]
          ]
        ]
      },
      {
        "psnr": 10.767440795898438,
        "distortion": 0.007556212600320578,
        "rotation_rmse": 15.510226249694824,
        "translation_rmse_100": 16.83600616455078,
        "t_final": [
          [
            [
              0.7548828125,
              0.025115966796875,
              0.6552734375,
              -0.4633033275604248
            ],
            [
              0.115478515625,
              0.978515625,
              -0.17041015625,
              -0.04122934117913246
            ],
            [
              -0.6455078125,
              0.2042236328125,
              0.73583984375,
              -0.00300326244905591
            ]
          ]
        ]
      },
      {
        "psnr": 12.24847412109375,
        "distortion": 0.010371526703238487,
        "rotation_rmse": 14.486883163452148,
        "translation_rmse_100": 12.493653297424316,
        "t_final": [
          [
            [
              0.712890625,
              -0.05108642578125,
              0.69921875,
              -0.31648024916648865
            ],
            [
              0.54541015625,
              0.66748046875,
              -0.5068359375,
              0.04464378580451012
            ],
            [
              -0.441162109375,
              0.74267578125,
              0.50390625,
              -0.026178181171417236
            ]
          ]
        ]
      },
      {
        "psnr": 7.744992256164551,
        "distortion": 0.022855423390865326,
        "rotation_rmse": 20.22914695739746,
        "translation_rmse_100": 26.33135223388672,
        "t_final": [
          [
            [
              0.93896484375,
              -0.10028076171875,
              0.32861328125,
              -0.11911755800247192
            ],
            [
              0.127197265625,
              0.98974609375,
              -0.061309814453125,
              -0.435545951128006
            ],
            [
              -0.3193359375,
              0.099365234375,
              0.9423828125,
              -0.4354003369808197
            ]
          ]
        ]
      },
      {
        "psnr": 11.358248710632324,
        "distortion": 0.015184572897851467,
        "rotation_rmse": 21.273832321166992,
        "translation_rmse_100": 30.71168327331543,
        "t_final": [
          [
            [
              0.98486328125,
              -0.0921630859375,
              0.147705078125,
              0.2021988034248352
            ],
            [
              0.1185302734375,
              0.97607421875,
              -0.1810302734375,
              -0.08254753798246384
            ],
            [
              -0.12744140625,
              0.19580078125,
              0.97216796875,
              -0.48094090819358826
            ]
          ]
        ]
      },
      {
        "psnr": 13.801787376403809,
        "distortion": 0.03756287693977356,
        "rotation_rmse": 7.0643310546875,
        "translation_rmse_100": 30.248897552490234,
        "t_final": [
          [
            [
              0.7724609375,
              -0.2056884765625,
              0.60107421875,
              0.0520860031247139
            ],
            [
              0.359130859375,
              0.921875,
              -0.1461181640625,
              -0.43935176730155945
            ],
            [
              -0.52392578125,
              0.32861328125,
              0.7861328125,
              0.01930840127170086
            ]
          ]
        ]
      }
    ]
  },
  "trex_50_50_no_masks": {
    "best": {
      "psnr": 19.87984848022461,
      "distortion": 0.025664182379841805,
      "rotation_rmse": 0.037225715816020966,
      "translation_rmse_100": 0.04094671458005905,
      "t_final": [
        [
          [
            0.79052734375,
            -0.079345703125,
            0.607421875,
            -0.24705563485622406
          ],
          [
            0.356689453125,
            0.86572265625,
            -0.35107421875,
            -0.06854759901762009
          ],
          [
            -0.498046875,
            0.493896484375,
            0.712890625,
            -0.19770210981369019
          ]
        ]
      ]
    },
    "stats_list": [
      {
        "psnr": 18.50084114074707,
        "distortion": 0.05182028189301491,
        "rotation_rmse": 0.051659274846315384,
        "translation_rmse_100": 0.015804361552000046,
        "t_final": [
          [
            [
              0.791015625,
              -0.08038330078125,
              0.6064453125,
              -0.2479095160961151
            ],
            [
              0.357177734375,
              0.86572265625,
              -0.35107421875,
              -0.06830768287181854
            ],
            [
              -0.496826171875,
              0.494384765625,
              0.71337890625,
              -0.19729848206043243
            ]
          ]
        ]
      },
      {
        "psnr": 10.817790031433105,
        "distortion": 0.04460427910089493,
        "rotation_rmse": 9.867541313171387,
        "translation_rmse_100": 30.61402702331543,
        "t_final": [
          [
            [
              0.7705078125,
              0.1654052734375,
              0.61572265625,
              -0.7198118567466736
            ],
            [
              0.1365966796875,
              0.900390625,
              -0.4130859375,
              -0.3076150119304657
            ],
            [
              -0.62255859375,
              0.40234375,
              0.67138671875,
              -0.16589312255382538
            ]
          ]
        ]
      },
      {
        "psnr": 11.926830291748047,
        "distortion": 0.1315503865480423,
        "rotation_rmse": 16.137178421020508,
        "translation_rmse_100": 35.876922607421875,
        "t_final": [
          [
            [
              0.71484375,
              -0.55859375,
              0.42041015625,
              0.37218448519706726
            ],
            [
              0.66845703125,
              0.72265625,
              -0.17626953125,
              -0.06766854226589203
            ],
            [
              -0.205322265625,
              0.406982421875,
              0.89013671875,
              -0.1536577045917511
            ]
          ]
        ]
      },
      {
        "psnr": 19.87984848022461,
        "distortion": 0.025664182379841805,
        "rotation_rmse": 0.037225715816020966,
        "translation_rmse_100": 0.04094671458005905,
        "t_final": [
          [
            [
              0.79052734375,
              -0.079345703125,
              0.607421875,
              -0.24705563485622406
            ],
            [
              0.356689453125,
              0.86572265625,
              -0.35107421875,
              -0.06854759901762009
            ],
            [
              -0.498046875,
              0.493896484375,
              0.712890625,
              -0.19770210981369019
            ]
          ]
        ]
      },
      {
        "psnr": 12.22092056274414,
        "distortion": 0.025587759912014008,
        "rotation_rmse": 6.376706600189209,
        "translation_rmse_100": 7.246323108673096,
        "t_final": [
          [
            [
              0.8828125,
              -0.082763671875,
              0.46240234375,
              -0.347446084022522
            ],
            [
              0.28369140625,
              0.87841796875,
              -0.384033203125,
              -0.1272680163383484
            ],
            [
              -0.37451171875,
              0.47021484375,
              0.79931640625,
              -0.24565823376178741
            ]
          ]
        ]
      },
      {
        "psnr": 12.3941650390625,
        "distortion": 0.05472026392817497,
        "rotation_rmse": 6.248939514160156,
        "translation_rmse_100": 3.2286081314086914,
        "t_final": [
          [
            [
              0.67919921875,
              -0.1475830078125,
              0.71875,
              -0.19960664212703705
            ],
            [
              0.3916015625,
              0.9013671875,
              -0.1849365234375,
              -0.04108989238739014
            ],
            [
              -0.62060546875,
              0.406982421875,
              0.67041015625,
              -0.20607790350914001
            ]
          ]
        ]
      },
      {
        "psnr": 18.082603454589844,
        "distortion": 0.03234226629137993,
        "rotation_rmse": 0.027883371338248253,
        "translation_rmse_100": 0.022836457937955856,
        "t_final": [
          [
            [
              0.791015625,
              -0.079345703125,
              0.6064453125,
              -0.2473052591085434
            ],
            [
              0.356689453125,
              0.865234375,
              -0.351806640625,
              -0.06827353686094284
            ],
            [
              -0.4970703125,
              0.49462890625,
              0.712890625,
              -0.19731833040714264
            ]
          ]
        ]
      },
      {
        "psnr": 14.699982643127441,
        "distortion": 0.03742872551083565,
        "rotation_rmse": 0.7119996547698975,
        "translation_rmse_100": 1.0709432363510132,
        "t_final": [
          [
            [
              0.78759765625,
              -0.101318359375,
              0.607421875,
              -0.25121161341667175
            ],
            [
              0.373779296875,
              0.86279296875,
              -0.340576171875,
              -0.052057407796382904
            ],
            [
              -0.48974609375,
              0.495361328125,
              0.71728515625,
              -0.18926222622394562
            ]
          ]
        ]
      },
      {
        "psnr": 17.22929573059082,
        "distortion": 0.05824988707900047,
        "rotation_rmse": 0.03185798600316048,
        "translation_rmse_100": 0.025392679497599602,
        "t_final": [
          [
            [
              0.79052734375,
              -0.0794677734375,
              0.607421875,
              -0.24728211760520935
            ],
            [
              0.356689453125,
              0.86572265625,
              -0.35107421875,
              -0.06850191205739975
            ],
            [
              -0.497802734375,
              0.494140625,
              0.712890625,
              -0.19752243161201477
            ]
          ]
        ]
      },
      {
        "psnr": 18.906991958618164,
        "distortion": 0.02492375858128071,
        "rotation_rmse": 0.034357696771621704,
        "translation_rmse_100": 0.0360330194234848,
        "t_final": [
          [
            [
              0.7900390625,
              -0.0792236328125,
              0.60791015625,
              -0.24829383194446564
            ],
            [
              0.35693359375,
              0.86572265625,
              -0.351318359375,
              -0.06842023879289627
            ],
            [
              -0.498291015625,
              0.494384765625,
              0.71240234375,
              -0.19746357202529907
            ]
          ]
        ]
      }
    ]
  }
}