{
  "room_30_70_even_odd_no_init": {
    "best": {
      "psnr": 27.84407615661621,
      "distortion": 0.007602882571518421,
      "rotation_rmse": 0.01448910217732191,
      "translation_rmse_100": 0.018777210265398026,
      "t_final": [
        [
          [
            0.99853515625,
            0.0202484130859375,
            0.047760009765625,
            -0.19945645332336426
          ],
          [
            0.00536346435546875,
            0.87548828125,
            -0.4833984375,
            0.19073912501335144
          ],
          [
            -0.05157470703125,
            0.483154296875,
            0.8740234375,
            0.46309590339660645
          ]
        ]
      ]
    },
    "stats_list": [
      {
        "psnr": 12.308372497558594,
        "distortion": 0.17923292517662048,
        "rotation_rmse": 15.896732330322266,
        "translation_rmse_100": 68.92344665527344,
        "t_final": [
          [
            [
              0.9482421875,
              0.311279296875,
              0.05975341796875,
              0.8001214265823364
            ],
            [
              -0.2978515625,
              0.93994140625,
              -0.1676025390625,
              -0.23728807270526886
            ],
            [
              -0.10833740234375,
              0.14111328125,
              0.98388671875,
              -0.03034105896949768
            ]
          ]
        ]
      },
      {
        "psnr": 12.614951133728027,
        "distortion": 0.0371573232114315,
        "rotation_rmse": 14.871275901794434,
        "translation_rmse_100": 16.507793426513672,
        "t_final": [
          [
            [
              0.96826171875,
              0.2056884765625,
              0.14111328125,
              -0.15274374186992645
            ],
            [
              -0.1851806640625,
              0.9716796875,
              -0.1458740234375,
              0.404214084148407
            ],
            [
              -0.1671142578125,
              0.1151123046875,
              0.97900390625,
              0.2787795066833496
            ]
          ]
        ]
      },
      {
        "psnr": 27.8040828704834,
        "distortion": 0.013554521836340427,
        "rotation_rmse": 0.0126365777105093,
        "translation_rmse_100": 0.031824901700019836,
        "t_final": [
          [
            [
              0.99853515625,
              0.0199737548828125,
              0.04754638671875,
              -0.19976073503494263
            ],
            [
              0.005542755126953125,
              0.875,
              -0.48388671875,
              0.19031141698360443
            ],
            [
              -0.05126953125,
              0.483642578125,
              0.8740234375,
              0.46308428049087524
            ]
          ]
        ]
      },
      {
        "psnr": 27.84407615661621,
        "distortion": 0.007602882571518421,
        "rotation_rmse": 0.01448910217732191,
        "translation_rmse_100": 0.018777210265398026,
        "t_final": [
          [
            [
              0.99853515625,
              0.0202484130859375,
              0.047760009765625,
              -0.19945645332336426
            ],
            [
              0.00536346435546875,
              0.87548828125,
              -0.4833984375,
              0.19073912501335144
            ],
            [
              -0.05157470703125,
              0.483154296875,
              0.8740234375,
              0.46309590339660645
            ]
          ]
        ]
      },
      {
        "psnr": 27.1400146484375,
        "distortion": 0.015823209658265114,
        "rotation_rmse": 0.017211075872182846,
        "translation_rmse_100": 0.031050754711031914,
        "t_final": [
          [
            [
              0.99853515625,
              0.0199737548828125,
              0.04827880859375,
              -0.1996205598115921
            ],
            [
              0.00586700439453125,
              0.87548828125,
              -0.4833984375,
              0.19057464599609375
            ],
            [
              -0.051910400390625,
              0.483154296875,
              0.8740234375,
              0.46335577964782715
            ]
          ]
        ]
      },
      {
        "psnr": 12.368464469909668,
        "distortion": 0.0971933975815773,
        "rotation_rmse": 20.849990844726562,
        "translation_rmse_100": 10.856411933898926,
        "t_final": [
          [
            [
              0.9599609375,
              0.277099609375,
              0.045013427734375,
              -0.07032056897878647
            ],
            [
              -0.279052734375,
              0.95947265625,
              0.043914794921875,
              0.061058565974235535
            ],
            [
              -0.031005859375,
              -0.054718017578125,
              0.998046875,
              0.4185432195663452
            ]
          ]
        ]
      },
      {
        "psnr": 12.682229042053223,
        "distortion": 0.06974142044782639,
        "rotation_rmse": 27.235687255859375,
        "translation_rmse_100": 17.816633224487305,
        "t_final": [
          [
            [
              0.97509765625,
              0.2177734375,
              -0.040771484375,
              -0.3365970551967621
            ],
            [
              -0.197265625,
              0.93701171875,
              0.28759765625,
              0.16638049483299255
            ],
            [
              0.10089111328125,
              -0.2724609375,
              0.95703125,
              0.18766169250011444
            ]
          ]
        ]
      },
      {
        "psnr": 12.886805534362793,
        "distortion": 0.046586573123931885,
        "rotation_rmse": 18.268617630004883,
        "translation_rmse_100": 17.216901779174805,
        "t_final": [
          [
            [
              0.96923828125,
              0.1859130859375,
              0.1622314453125,
              -0.07590579986572266
            ],
            [
              -0.1832275390625,
              0.982421875,
              -0.031097412109375,
              0.34146708250045776
            ],
            [
              -0.1651611328125,
              0.00040721893310546875,
              0.986328125,
              0.23729559779167175
            ]
          ]
        ]
      },
      {
        "psnr": 11.902250289916992,
        "distortion": 0.08271860331296921,
        "rotation_rmse": 27.069692611694336,
        "translation_rmse_100": 20.728960037231445,
        "t_final": [
          [
            [
              0.94482421875,
              0.3173828125,
              -0.083740234375,
              -0.04121406748890877
            ],
            [
              -0.286865234375,
              0.92236328125,
              0.259521484375,
              0.11269203573465347
            ],
            [
              0.1595458984375,
              -0.2210693359375,
              0.9619140625,
              0.1501142680644989
            ]
          ]
        ]
      },
      {
        "psnr": 12.390316009521484,
        "distortion": 0.030875757336616516,
        "rotation_rmse": 13.434733390808105,
        "translation_rmse_100": 24.565542221069336,
        "t_final": [
          [
            [
              0.9931640625,
              0.08453369140625,
              0.0809326171875,
              -0.2665554881095886
            ],
            [
              -0.07489013671875,
              0.99072265625,
              -0.11529541015625,
              0.38748565316200256
            ],
            [
              -0.08990478515625,
              0.10845947265625,
              0.990234375,
              0.0918569564819336
            ]
          ]
        ]
      }
    ]
  },
  "room_30_70_even_odd_single_image": {
    "best": {
      "psnr": 18.377124786376953,
      "distortion": 0.020719029009342194,
      "rotation_rmse": 1.1989978551864624,
      "translation_rmse_100": 0.7635588049888611,
      "t_final": [
        [
          [
            0.99609375,
            0.0302581787109375,
            0.08197021484375,
            -0.20097124576568604
          ],
          [
            0.013641357421875,
            0.87255859375,
            -0.488037109375,
            0.18683761358261108
          ],
          [
            -0.0863037109375,
            0.4873046875,
            0.869140625,
            0.47554463148117065
          ]
        ]
      ]
    },
    "stats_list": [
      {
        "psnr": 11.636575698852539,
        "distortion": 0.02934330143034458,
        "rotation_rmse": 9.426264762878418,
        "translation_rmse_100": 6.621197700500488,
        "t_final": [
          [
            [
              0.9755859375,
              0.1875,
              0.1116943359375,
              -0.1597462147474289
            ],
            [
              -0.0635986328125,
              0.73388671875,
              -0.67626953125,
              0.11625392735004425
            ],
            [
              -0.208740234375,
              0.65283203125,
              0.72802734375,
              0.3850111663341522
            ]
          ]
        ]
      },
      {
        "psnr": 14.878049850463867,
        "distortion": 0.01454137172549963,
        "rotation_rmse": 10.361466407775879,
        "translation_rmse_100": 8.872562408447266,
        "t_final": [
          [
            [
              0.95068359375,
              -0.2666015625,
              0.1591796875,
              -0.3106166124343872
            ],
            [
              0.310546875,
              0.82861328125,
              -0.4658203125,
              0.08525560796260834
            ],
            [
              -0.007587432861328125,
              0.4921875,
              0.87060546875,
              0.45121803879737854
            ]
          ]
        ]
      },
      {
        "psnr": 13.370990753173828,
        "distortion": 0.18069884181022644,
        "rotation_rmse": 15.682524681091309,
        "translation_rmse_100": 46.05044174194336,
        "t_final": [
          [
            [
              0.955078125,
              -0.27978515625,
              0.098388671875,
              0.43761613965034485
            ],
            [
              0.28955078125,
              0.951171875,
              -0.10498046875,
              0.4467882812023163
            ],
            [
              -0.06427001953125,
              0.1287841796875,
              0.98974609375,
              0.056878022849559784
            ]
          ]
        ]
      },
      {
        "psnr": 11.56438159942627,
        "distortion": 0.009521675296127796,
        "rotation_rmse": 13.380021095275879,
        "translation_rmse_100": 6.973870754241943,
        "t_final": [
          [
            [
              0.9970703125,
              -0.0447998046875,
              0.058837890625,
              -0.14695820212364197
            ],
            [
              0.050537109375,
              0.99365234375,
              -0.1002197265625,
              0.2992490231990814
            ],
            [
              -0.053985595703125,
              0.1029052734375,
              0.9931640625,
              0.4685780107975006
            ]
          ]
        ]
      },
      {
        "psnr": 13.036050796508789,
        "distortion": 0.18228565156459808,
        "rotation_rmse": 23.01999282836914,
        "translation_rmse_100": 68.0760498046875,
        "t_final": [
          [
            [
              0.94677734375,
              0.3212890625,
              0.0277099609375,
              0.7718167901039124
            ],
            [
              -0.322509765625,
              0.94140625,
              0.0987548828125,
              -0.010508516803383827
            ],
            [
              0.00565338134765625,
              -0.1024169921875,
              0.99462890625,
              -0.17492567002773285
            ]
          ]
        ]
      },
      {
        "psnr": 18.377124786376953,
        "distortion": 0.020719029009342194,
        "rotation_rmse": 1.1989978551864624,
        "translation_rmse_100": 0.7635588049888611,
        "t_final": [
          [
            [
              0.99609375,
              0.0302581787109375,
              0.08197021484375,
              -0.20097124576568604
            ],
            [
              0.013641357421875,
              0.87255859375,
              -0.488037109375,
              0.18683761358261108
            ],
            [
              -0.0863037109375,
              0.4873046875,
              0.869140625,
              0.47554463148117065
            ]
          ]
        ]
      },
      {
        "psnr": 14.721203804016113,
        "distortion": 0.141520157456398,
        "rotation_rmse": 5.260079860687256,
        "translation_rmse_100": 30.63017463684082,
        "t_final": [
          [
            [
              0.99755859375,
              -0.0699462890625,
              -0.0037403106689453125,
              0.32060670852661133
            ],
            [
              0.0634765625,
              0.92578125,
              -0.373046875,
              0.2697688043117523
            ],
            [
              0.0295562744140625,
              0.3720703125,
              0.927734375,
              0.39285290241241455
            ]
          ]
        ]
      },
      {
        "psnr": 17.145952224731445,
        "distortion": 0.018687468022108078,
        "rotation_rmse": 2.31247615814209,
        "translation_rmse_100": 10.2269287109375,
        "t_final": [
          [
            [
              0.9951171875,
              -0.0310211181640625,
              0.09564208984375,
              -0.3574769198894501
            ],
            [
              0.072998046875,
              0.87646484375,
              -0.4755859375,
              0.11323361843824387
            ],
            [
              -0.069091796875,
              0.480224609375,
              0.87451171875,
              0.4822819232940674
            ]
          ]
        ]
      },
      {
        "psnr": 13.605673789978027,
        "distortion": 0.013162643648684025,
        "rotation_rmse": 18.778648376464844,
        "translation_rmse_100": 13.517561912536621,
        "t_final": [
          [
            [
              0.8544921875,
              -0.49560546875,
              0.1553955078125,
              -0.3422781527042389
            ],
            [
              0.5185546875,
              0.798828125,
              -0.304443359375,
              0.01165768038481474
            ],
            [
              0.0266876220703125,
              0.3408203125,
              0.93994140625,
              0.41422975063323975
            ]
          ]
        ]
      },
      {
        "psnr": 13.821986198425293,
        "distortion": 0.016427380964159966,
        "rotation_rmse": 5.983608722686768,
        "translation_rmse_100": 9.30290699005127,
        "t_final": [
          [
            [
              0.990234375,
              0.05206298828125,
              0.1287841796875,
              -0.06530886143445969
            ],
            [
              -0.005077362060546875,
              0.93994140625,
              -0.341064453125,
              0.2661428451538086
            ],
            [
              -0.1387939453125,
              0.337158203125,
              0.93115234375,
              0.4150029718875885
            ]
          ]
        ]
      }
    ]
  },
  "room_30_70_even_odd_no_masks": {
    "best": {
      "psnr": 18.76998519897461,
      "distortion": 0.04371419548988342,
      "rotation_rmse": 0.037876296788454056,
      "translation_rmse_100": 0.051500655710697174,
      "t_final": [
        [
          [
            0.99853515625,
            0.0201263427734375,
            0.048431396484375,
            -0.19843056797981262
          ],
          [
            0.00576019287109375,
            0.87548828125,
            -0.48291015625,
            0.19074229896068573
          ],
          [
            -0.0521240234375,
            0.482421875,
            0.87451171875,
            0.46317538619041443
          ]
        ]
      ]
    },
    "stats_list": [
      {
        "psnr": 18.76998519897461,
        "distortion": 0.04371419548988342,
        "rotation_rmse": 0.037876296788454056,
        "translation_rmse_100": 0.051500655710697174,
        "t_final": [
          [
            [
              0.99853515625,
              0.0201263427734375,
              0.048431396484375,
              -0.19843056797981262
            ],
            [
              0.00576019287109375,
              0.87548828125,
              -0.48291015625,
              0.19074229896068573
            ],
            [
              -0.0521240234375,
              0.482421875,
              0.87451171875,
              0.46317538619041443
            ]
          ]
        ]
      },
      {
        "psnr": 14.408808708190918,
        "distortion": 0.048163216561079025,
        "rotation_rmse": 0.06211034953594208,
        "translation_rmse_100": 0.05457235500216484,
        "t_final": [
          [
            [
              0.99853515625,
              0.021759033203125,
              0.047698974609375,
              -0.19877199828624725
            ],
            [
              0.00400543212890625,
              0.87548828125,
              -0.4833984375,
              0.19131647050380707
            ],
            [
              -0.052276611328125,
              0.48291015625,
              0.8740234375,
              0.4630548059940338
            ]
          ]
        ]
      },
      {
        "psnr": 14.896106719970703,
        "distortion": 0.05028757080435753,
        "rotation_rmse": 0.07903948426246643,
        "translation_rmse_100": 0.13685910403728485,
        "t_final": [
          [
            [
              0.99853515625,
              0.02154541015625,
              0.0467529296875,
              -0.199941024184227
            ],
            [
              0.003692626953125,
              0.8759765625,
              -0.482666015625,
              0.19278793036937714
            ],
            [
              -0.051361083984375,
              0.482177734375,
              0.87451171875,
              0.4629930853843689
            ]
          ]
        ]
      },
      {
        "psnr": 17.583768844604492,
        "distortion": 0.039198633283376694,
        "rotation_rmse": 0.09213973581790924,
        "translation_rmse_100": 0.07987438142299652,
        "t_final": [
          [
            [
              0.99853515625,
              0.021087646484375,
              0.0452880859375,
              -0.20028440654277802
            ],
            [
              0.0034694671630859375,
              0.875,
              -0.483642578125,
              0.19107115268707275
            ],
            [
              -0.049835205078125,
              0.4833984375,
              0.8740234375,
              0.4622032940387726
            ]
          ]
        ]
      },
      {
        "psnr": 12.176989555358887,
        "distortion": 0.127137690782547,
        "rotation_rmse": 31.268491744995117,
        "translation_rmse_100": 41.752037048339844,
        "t_final": [
          [
            [
              0.611328125,
              -0.65673828125,
              0.44140625,
              0.07803662121295929
            ],
            [
              0.681640625,
              0.720703125,
              0.1273193359375,
              -0.46991437673568726
            ],
            [
              -0.401611328125,
              0.2230224609375,
              0.88818359375,
              0.5624802112579346
            ]
          ]
        ]
      },
      {
        "psnr": 17.169713973999023,
        "distortion": 0.03986259177327156,
        "rotation_rmse": 0.02956240624189377,
        "translation_rmse_100": 0.0775545984506607,
        "t_final": [
          [
            [
              0.99853515625,
              0.0203399658203125,
              0.048065185546875,
              -0.19817042350769043
            ],
            [
              0.005496978759765625,
              0.875,
              -0.484375,
              0.1898653507232666
            ],
            [
              -0.051910400390625,
              0.484130859375,
              0.87353515625,
              0.46338343620300293
            ]
          ]
        ]
      },
      {
        "psnr": 17.899391174316406,
        "distortion": 0.04761526733636856,
        "rotation_rmse": 0.04140827804803848,
        "translation_rmse_100": 0.03278729319572449,
        "t_final": [
          [
            [
              0.99853515625,
              0.02117919921875,
              0.04779052734375,
              -0.19890812039375305
            ],
            [
              0.00461578369140625,
              0.875,
              -0.484130859375,
              0.19084854423999786
            ],
            [
              -0.05206298828125,
              0.483642578125,
              0.87353515625,
              0.4632470905780792
            ]
          ]
        ]
      },
      {
        "psnr": 16.001522064208984,
        "distortion": 0.059083711355924606,
        "rotation_rmse": 0.05952711030840874,
        "translation_rmse_100": 0.0412396676838398,
        "t_final": [
          [
            [
              0.99853515625,
              0.0187225341796875,
              0.04901123046875,
              -0.19953174889087677
            ],
            [
              0.007350921630859375,
              0.875,
              -0.484130859375,
              0.18985378742218018
            ],
            [
              -0.05194091796875,
              0.483642578125,
              0.87353515625,
              0.4629354178905487
            ]
          ]
        ]
      },
      {
        "psnr": 18.5928955078125,
        "distortion": 0.05051405355334282,
        "rotation_rmse": 0.024270065128803253,
        "translation_rmse_100": 0.019140012562274933,
        "t_final": [
          [
            [
              0.99853515625,
              0.020477294921875,
              0.047576904296875,
              -0.19937166571617126
            ],
            [
              0.00508880615234375,
              0.87548828125,
              -0.4833984375,
              0.19060929119586945
            ],
            [
              -0.051544189453125,
              0.48291015625,
              0.8740234375,
              0.46265655755996704
            ]
          ]
        ]
      },
      {
        "psnr": 18.68807601928711,
        "distortion": 0.05208893120288849,
        "rotation_rmse": 0.06433294713497162,
        "translation_rmse_100": 0.08886005729436874,
        "t_final": [
          [
            [
              0.99853515625,
              0.0216827392578125,
              0.048614501953125,
              -0.1982325166463852
            ],
            [
              0.00452423095703125,
              0.87548828125,
              -0.4833984375,
              0.19149655103683472
            ],
            [
              -0.05303955078125,
              0.48291015625,
              0.8740234375,
              0.46354052424430847
            ]
          ]
        ]
      }
    ]
  }
}