{
  "horns_50_50_no_init": {
    "best": {
      "psnr": 21.17755699157715,
      "distortion": 0.019427822902798653,
      "rotation_rmse": 0.05130650848150253,
      "translation_rmse_100": 0.021716291084885597,
      "t_final": [
        [
          [
            0.85595703125,
            0.1353759765625,
            0.498779296875,
            -0.04359578341245651
          ],
          [
            0.03521728515625,
            0.947265625,
            -0.317626953125,
            0.12910005450248718
          ],
          [
            -0.515625,
            0.28955078125,
            0.80615234375,
            -0.23742341995239258
          ]
        ]
      ]
    },
    "stats_list": [
      {
        "psnr": 11.29530143737793,
        "distortion": 0.17612534761428833,
        "rotation_rmse": 15.324563026428223,
        "translation_rmse_100": 63.54356384277344,
        "t_final": [
          [
            [
              0.9716796875,
              0.206298828125,
              0.1171875,
              0.46961283683776855
            ],
            [
              -0.17626953125,
              0.9580078125,
              -0.2255859375,
              0.08086862415075302
            ],
            [
              -0.1588134765625,
              0.198486328125,
              0.96728515625,
              0.7347781658172607
            ]
          ]
        ]
      },
      {
        "psnr": 18.883651733398438,
        "distortion": 0.01689654029905796,
        "rotation_rmse": 0.0445476695895195,
        "translation_rmse_100": 0.060737378895282745,
        "t_final": [
          [
            [
              0.85595703125,
              0.13525390625,
              0.49853515625,
              -0.042828045785427094
            ],
            [
              0.035247802734375,
              0.94775390625,
              -0.3173828125,
              0.1290210783481598
            ],
            [
              -0.515625,
              0.289306640625,
              0.806640625,
              -0.23746423423290253
            ]
          ]
        ]
      },
      {
        "psnr": 11.725502967834473,
        "distortion": 0.01905129663646221,
        "rotation_rmse": 18.168004989624023,
        "translation_rmse_100": 10.281929969787598,
        "t_final": [
          [
            [
              0.98974609375,
              0.116943359375,
              0.07958984375,
              -0.07309812307357788
            ],
            [
              -0.11041259765625,
              0.990234375,
              -0.08251953125,
              0.13157305121421814
            ],
            [
              -0.0885009765625,
              0.07293701171875,
              0.99365234375,
              -0.4131760895252228
            ]
          ]
        ]
      },
      {
        "psnr": 11.416088104248047,
        "distortion": 0.029989296570420265,
        "rotation_rmse": 7.414649963378906,
        "translation_rmse_100": 12.861574172973633,
        "t_final": [
          [
            [
              0.92919921875,
              0.2200927734375,
              0.29736328125,
              0.17418454587459564
            ],
            [
              -0.07012939453125,
              0.89404296875,
              -0.442626953125,
              0.13785101473331451
            ],
            [
              -0.36328125,
              0.390380859375,
              0.84619140625,
              -0.19281119108200073
            ]
          ]
        ]
      },
      {
        "psnr": 10.445784568786621,
        "distortion": 0.029901478439569473,
        "rotation_rmse": 19.36319923400879,
        "translation_rmse_100": 12.936264038085938,
        "t_final": [
          [
            [
              0.99609375,
              0.0882568359375,
              0.0122222900390625,
              0.12420345842838287
            ],
            [
              -0.08642578125,
              0.990234375,
              -0.10882568359375,
              0.09888717532157898
            ],
            [
              -0.0217132568359375,
              0.1072998046875,
              0.994140625,
              -0.09240859001874924
            ]
          ]
        ]
      },
      {
        "psnr": 10.277044296264648,
        "distortion": 0.02783234603703022,
        "rotation_rmse": 22.850902557373047,
        "translation_rmse_100": 10.93722915649414,
        "t_final": [
          [
            [
              1.0,
              0.008697509765625,
              0.00907135009765625,
              0.025501053780317307
            ],
            [
              -0.009490966796875,
              0.99560546875,
              0.0916748046875,
              0.039150189608335495
            ],
            [
              -0.00823974609375,
              -0.09173583984375,
              0.99560546875,
              -0.08577581495046616
            ]
          ]
        ]
      },
      {
        "psnr": 10.625497817993164,
        "distortion": 0.026015505194664,
        "rotation_rmse": 15.54964828491211,
        "translation_rmse_100": 8.014665603637695,
        "t_final": [
          [
            [
              0.99658203125,
              -0.0011148452758789062,
              0.08197021484375,
              0.04884083941578865
            ],
            [
              0.032684326171875,
              0.92236328125,
              -0.384765625,
              0.10984721779823303
            ],
            [
              -0.0751953125,
              0.38623046875,
              0.91943359375,
              -0.1359638124704361
            ]
          ]
        ]
      },
      {
        "psnr": 21.17755699157715,
        "distortion": 0.019427822902798653,
        "rotation_rmse": 0.05130650848150253,
        "translation_rmse_100": 0.021716291084885597,
        "t_final": [
          [
            [
              0.85595703125,
              0.1353759765625,
              0.498779296875,
              -0.04359578341245651
            ],
            [
              0.03521728515625,
              0.947265625,
              -0.317626953125,
              0.12910005450248718
            ],
            [
              -0.515625,
              0.28955078125,
              0.80615234375,
              -0.23742341995239258
            ]
          ]
        ]
      },
      {
        "psnr": 11.629786491394043,
        "distortion": 0.21921572089195251,
        "rotation_rmse": 11.677555084228516,
        "translation_rmse_100": 104.92732238769531,
        "t_final": [
          [
            [
              0.98095703125,
              0.08416748046875,
              0.1754150390625,
              1.46250319480896
            ],
            [
              -0.0210113525390625,
              0.9423828125,
              -0.33447265625,
              -0.5127671957015991
            ],
            [
              -0.193359375,
              0.324462890625,
              0.92578125,
              0.5512043237686157
            ]
          ]
        ]
      },
      {
        "psnr": 21.033222198486328,
        "distortion": 0.016814347356557846,
        "rotation_rmse": 0.00931126531213522,
        "translation_rmse_100": 0.03076258860528469,
        "t_final": [
          [
            [
              0.85595703125,
              0.1356201171875,
              0.4990234375,
              -0.044194068759679794
            ],
            [
              0.03460693359375,
              0.94775390625,
              -0.31689453125,
              0.129024475812912
            ],
            [
              -0.51611328125,
              0.28857421875,
              0.806640625,
              -0.23713916540145874
            ]
          ]
        ]
      }
    ]
  },
  "horns_50_50_single_image": {
    "best": {
      "psnr": 29.462921142578125,
      "distortion": 0.00879888329654932,
      "rotation_rmse": 14.93310546875,
      "translation_rmse_100": 4.834419250488281,
      "t_final": [
        [
          [
            0.9775390625,
            0.1207275390625,
            0.1719970703125,
            -0.09681089967489243
          ],
          [
            -0.10009765625,
            0.9873046875,
            -0.1236572265625,
            0.06646846234798431
          ],
          [
            -0.184814453125,
            0.10369873046875,
            0.9775390625,
            -0.2552950382232666
          ]
        ]
      ]
    },
    "stats_list": [
      {
        "psnr": 7.664083957672119,
        "distortion": 0.036054354161024094,
        "rotation_rmse": 24.948711395263672,
        "translation_rmse_100": 41.97139358520508,
        "t_final": [
          [
            [
              0.8857421875,
              -0.455322265625,
              0.09259033203125,
              0.46367448568344116
            ],
            [
              0.458984375,
              0.82666015625,
              -0.32568359375,
              -0.3071296513080597
            ],
            [
              0.07171630859375,
              0.330810546875,
              0.94091796875,
              -0.5217724442481995
            ]
          ]
        ]
      },
      {
        "psnr": 26.811325073242188,
        "distortion": 0.008584866300225258,
        "rotation_rmse": 0.004026500973850489,
        "translation_rmse_100": 0.012814266607165337,
        "t_final": [
          [
            [
              0.85595703125,
              0.135986328125,
              0.4990234375,
              -0.04364873468875885
            ],
            [
              0.034332275390625,
              0.94775390625,
              -0.317138671875,
              0.1288120299577713
            ],
            [
              -0.51611328125,
              0.28857421875,
              0.806640625,
              -0.23751533031463623
            ]
          ]
        ]
      },
      {
        "psnr": 10.436389923095703,
        "distortion": 0.017932508140802383,
        "rotation_rmse": 29.148086547851562,
        "translation_rmse_100": 19.878944396972656,
        "t_final": [
          [
            [
              0.755859375,
              -0.306396484375,
              0.57861328125,
              0.038915324956178665
            ],
            [
              0.62109375,
              0.61376953125,
              -0.487060546875,
              -0.12248452007770538
            ],
            [
              -0.20556640625,
              0.7275390625,
              0.654296875,
              -0.4578102231025696
            ]
          ]
        ]
      },
      {
        "psnr": 18.156736373901367,
        "distortion": 0.011687720194458961,
        "rotation_rmse": 24.675037384033203,
        "translation_rmse_100": 26.36602020263672,
        "t_final": [
          [
            [
              0.78271484375,
              -0.458984375,
              0.419921875,
              0.3011966645717621
            ],
            [
              0.6005859375,
              0.73388671875,
              -0.3173828125,
              -0.04862704128026962
            ],
            [
              -0.1624755859375,
              0.50048828125,
              0.85009765625,
              -0.478316992521286
            ]
          ]
        ]
      },
      {
        "psnr": 19.764314651489258,
        "distortion": 0.017869096249341965,
        "rotation_rmse": 0.01826072670519352,
        "translation_rmse_100": 0.058660924434661865,
        "t_final": [
          [
            [
              0.85595703125,
              0.136474609375,
              0.498779296875,
              -0.04481988772749901
            ],
            [
              0.033966064453125,
              0.94775390625,
              -0.3173828125,
              0.12851786613464355
            ],
            [
              -0.51611328125,
              0.28857421875,
              0.806640625,
              -0.2376009225845337
            ]
          ]
        ]
      },
      {
        "psnr": 11.801856994628906,
        "distortion": 0.052123770117759705,
        "rotation_rmse": 13.873250961303711,
        "translation_rmse_100": 44.246978759765625,
        "t_final": [
          [
            [
              0.75439453125,
              -0.19482421875,
              0.626953125,
              -0.22499792277812958
            ],
            [
              0.1402587890625,
              0.98095703125,
              0.135986328125,
              -0.3199356198310852
            ],
            [
              -0.64111328125,
              -0.01459503173828125,
              0.76708984375,
              0.35670921206474304
            ]
          ]
        ]
      },
      {
        "psnr": 29.462921142578125,
        "distortion": 0.00879888329654932,
        "rotation_rmse": 14.93310546875,
        "translation_rmse_100": 4.834419250488281,
        "t_final": [
          [
            [
              0.9775390625,
              0.1207275390625,
              0.1719970703125,
              -0.09681089967489243
            ],
            [
              -0.10009765625,
              0.9873046875,
              -0.1236572265625,
              0.06646846234798431
            ],
            [
              -0.184814453125,
              0.10369873046875,
              0.9775390625,
              -0.2552950382232666
            ]
          ]
        ]
      },
      {
        "psnr": 12.312816619873047,
        "distortion": 0.012689536437392235,
        "rotation_rmse": 24.391456604003906,
        "translation_rmse_100": 8.643935203552246,
        "t_final": [
          [
            [
              0.8701171875,
              -0.48046875,
              0.10845947265625,
              -0.16784712672233582
            ],
            [
              0.492431640625,
              0.8427734375,
              -0.2183837890625,
              0.07804328948259354
            ],
            [
              0.01348876953125,
              0.243408203125,
              0.9697265625,
              -0.30432042479515076
            ]
          ]
        ]
      },
      {
        "psnr": 17.56296730041504,
        "distortion": 0.008605139330029488,
        "rotation_rmse": 18.214115142822266,
        "translation_rmse_100": 15.500749588012695,
        "t_final": [
          [
            [
              0.9833984375,
              -0.11962890625,
              0.1348876953125,
              0.07873982191085815
            ],
            [
              0.11529541015625,
              0.99267578125,
              0.039520263671875,
              0.14469687640666962
            ],
            [
              -0.1385498046875,
              -0.0233154296875,
              0.990234375,
              -0.47584983706474304
            ]
          ]
        ]
      },
      {
        "psnr": 13.191210746765137,
        "distortion": 0.09917458146810532,
        "rotation_rmse": 37.4428596496582,
        "translation_rmse_100": 22.838115692138672,
        "t_final": [
          [
            [
              0.580078125,
              -0.347900390625,
              0.73681640625,
              0.31410741806030273
            ],
            [
              0.78271484375,
              0.48828125,
              -0.3857421875,
              0.18898960947990417
            ],
            [
              -0.2254638671875,
              0.80029296875,
              0.5556640625,
              -0.08031943440437317
            ]
          ]
        ]
      }
    ]
  },
  "horns_50_50_no_masks": {
    "best": {
      "psnr": 16.274805068969727,
      "distortion": 0.04000188037753105,
      "rotation_rmse": 0.029868630692362785,
      "translation_rmse_100": 0.019827600568532944,
      "t_final": [
        [
          [
            0.85595703125,
            0.1348876953125,
            0.4990234375,
            -0.04411647841334343
          ],
          [
            0.0350341796875,
            0.94775390625,
            -0.316650390625,
            0.12904240190982819
          ],
          [
            -0.515625,
            0.28857421875,
            0.806640625,
            -0.2376696616411209
          ]
        ]
      ]
    },
    "stats_list": [
      {
        "psnr": 12.244410514831543,
        "distortion": 0.07108435034751892,
        "rotation_rmse": 2.866095781326294,
        "translation_rmse_100": 16.465999603271484,
        "t_final": [
          [
            [
              0.86474609375,
              0.21728515625,
              0.453125,
              0.04580482840538025
            ],
            [
              -0.03692626953125,
              0.9267578125,
              -0.373779296875,
              -0.13754408061504364
            ],
            [
              -0.5009765625,
              0.306640625,
              0.80908203125,
              -0.28577113151550293
            ]
          ]
        ]
      },
      {
        "psnr": 11.054222106933594,
        "distortion": 0.21316052973270416,
        "rotation_rmse": 11.584352493286133,
        "translation_rmse_100": 103.58757781982422,
        "t_final": [
          [
            [
              0.96337890625,
              0.14404296875,
              0.22705078125,
              0.9480904936790466
            ],
            [
              -0.0006604194641113281,
              0.845703125,
              -0.53369140625,
              -1.0069140195846558
            ],
            [
              -0.268798828125,
              0.51416015625,
              0.814453125,
              0.7346695065498352
            ]
          ]
        ]
      },
      {
        "psnr": 11.774079322814941,
        "distortion": 0.12524311244487762,
        "rotation_rmse": 8.853631973266602,
        "translation_rmse_100": 44.55522155761719,
        "t_final": [
          [
            [
              0.94287109375,
              0.2044677734375,
              0.26220703125,
              -0.019494395703077316
            ],
            [
              -0.10418701171875,
              0.9306640625,
              -0.350830078125,
              -0.3400420844554901
            ],
            [
              -0.31591796875,
              0.303466796875,
              0.89892578125,
              -0.8499693870544434
            ]
          ]
        ]
      },
      {
        "psnr": 11.46130084991455,
        "distortion": 0.14268292486667633,
        "rotation_rmse": 7.752685070037842,
        "translation_rmse_100": 53.94729995727539,
        "t_final": [
          [
            [
              0.94091796875,
              0.061492919921875,
              0.33251953125,
              0.3062642216682434
            ],
            [
              0.0816650390625,
              0.91259765625,
              -0.400146484375,
              -0.543072521686554
            ],
            [
              -0.328125,
              0.403564453125,
              0.85400390625,
              -0.7843437790870667
            ]
          ]
        ]
      },
      {
        "psnr": 16.274805068969727,
        "distortion": 0.04000188037753105,
        "rotation_rmse": 0.029868630692362785,
        "translation_rmse_100": 0.019827600568532944,
        "t_final": [
          [
            [
              0.85595703125,
              0.1348876953125,
              0.4990234375,
              -0.04411647841334343
            ],
            [
              0.0350341796875,
              0.94775390625,
              -0.316650390625,
              0.12904240190982819
            ],
            [
              -0.515625,
              0.28857421875,
              0.806640625,
              -0.2376696616411209
            ]
          ]
        ]
      },
      {
        "psnr": 9.653995513916016,
        "distortion": 0.20959757268428802,
        "rotation_rmse": 11.774393081665039,
        "translation_rmse_100": 84.25667572021484,
        "t_final": [
          [
            [
              0.96826171875,
              0.15869140625,
              0.194091796875,
              0.5392684936523438
            ],
            [
              -0.1026611328125,
              0.95703125,
              -0.270751953125,
              -0.24301426112651825
            ],
            [
              -0.228759765625,
              0.2421875,
              0.94287109375,
              1.047552227973938
            ]
          ]
        ]
      },
      {
        "psnr": 11.01085376739502,
        "distortion": 0.05578749254345894,
        "rotation_rmse": 6.766331195831299,
        "translation_rmse_100": 13.131640434265137,
        "t_final": [
          [
            [
              0.88916015625,
              0.0631103515625,
              0.452880859375,
              -0.005407135933637619
            ],
            [
              0.1397705078125,
              0.9052734375,
              -0.40087890625,
              0.3105526268482208
            ],
            [
              -0.435302734375,
              0.419677734375,
              0.79638671875,
              -0.10622285306453705
            ]
          ]
        ]
      },
      {
        "psnr": 10.321825981140137,
        "distortion": 0.1828330159187317,
        "rotation_rmse": 13.826630592346191,
        "translation_rmse_100": 55.62299346923828,
        "t_final": [
          [
            [
              0.65380859375,
              0.52099609375,
              0.548828125,
              0.758091151714325
            ],
            [
              -0.1693115234375,
              0.80810546875,
              -0.564453125,
              -0.40200793743133545
            ],
            [
              -0.7373046875,
              0.276123046875,
              0.6162109375,
              -0.29428374767303467
            ]
          ]
        ]
      },
      {
        "psnr": 11.343191146850586,
        "distortion": 0.1386108696460724,
        "rotation_rmse": 13.240644454956055,
        "translation_rmse_100": 29.503461837768555,
        "t_final": [
          [
            [
              0.939453125,
              0.310546875,
              0.1453857421875,
              0.14575429260730743
            ],
            [
              -0.175048828125,
              0.798828125,
              -0.5751953125,
              -0.2084011733531952
            ],
            [
              -0.294921875,
              0.51513671875,
              0.8046875,
              -0.5713456869125366
            ]
          ]
        ]
      },
      {
        "psnr": 10.683784484863281,
        "distortion": 0.05572608485817909,
        "rotation_rmse": 21.583507537841797,
        "translation_rmse_100": 46.17143630981445,
        "t_final": [
          [
            [
              0.94482421875,
              -0.269775390625,
              0.184814453125,
              -0.3358767330646515
            ],
            [
              0.326904296875,
              0.79345703125,
              -0.513671875,
              -0.4949493706226349
            ],
            [
              -0.008087158203125,
              0.5458984375,
              0.837890625,
              -0.6438912153244019
            ]
          ]
        ]
      }
    ]
  }
}