{
  "fern_0_100_even_odd_no_init": {
    "best": {
      "psnr": 12.127342224121094,
      "distortion": 0.023391053080558777,
      "rotation_rmse": 21.036867141723633,
      "translation_rmse_100": 22.238786697387695,
      "t_final": [
        [
          [
            0.9931640625,
            -0.08099365234375,
            0.082763671875,
            -0.4712257981300354
          ],
          [
            0.096435546875,
            0.97412109375,
            -0.203369140625,
            0.27421456575393677
          ],
          [
            -0.064208984375,
            0.2099609375,
            0.9755859375,
            -0.2882435619831085
          ]
        ]
      ]
    },
    "stats_list": [
      {
        "psnr": 10.466287612915039,
        "distortion": 0.055869247764348984,
        "rotation_rmse": 19.206605911254883,
        "translation_rmse_100": 43.29679489135742,
        "t_final": [
          [
            [
              0.970703125,
              0.0210723876953125,
              0.2398681640625,
              -0.8593123555183411
            ],
            [
              0.0259857177734375,
              0.98095703125,
              -0.19140625,
              0.057464659214019775
            ],
            [
              -0.2393798828125,
              0.1920166015625,
              0.95166015625,
              0.556694746017456
            ]
          ]
        ]
      },
      {
        "psnr": 9.837148666381836,
        "distortion": 0.08387187868356705,
        "rotation_rmse": 30.64440155029297,
        "translation_rmse_100": 28.0445613861084,
        "t_final": [
          [
            [
              0.98486328125,
              -0.1268310546875,
              -0.1187744140625,
              -0.07858539372682571
            ],
            [
              0.1278076171875,
              0.99169921875,
              0.0007147789001464844,
              -0.05487769842147827
            ],
            [
              0.11773681640625,
              -0.0158843994140625,
              0.99267578125,
              -0.03216257318854332
            ]
          ]
        ]
      },
      {
        "psnr": 11.68286418914795,
        "distortion": 0.024928070604801178,
        "rotation_rmse": 19.30891227722168,
        "translation_rmse_100": 9.26239013671875,
        "t_final": [
          [
            [
              0.7919921875,
              0.50390625,
              0.344970703125,
              -0.26479804515838623
            ],
            [
              -0.26953125,
              0.79541015625,
              -0.54296875,
              0.43150630593299866
            ],
            [
              -0.5478515625,
              0.337158203125,
              0.765625,
              -0.01262667030096054
            ]
          ]
        ]
      },
      {
        "psnr": 12.127342224121094,
        "distortion": 0.023391053080558777,
        "rotation_rmse": 21.036867141723633,
        "translation_rmse_100": 22.238786697387695,
        "t_final": [
          [
            [
              0.9931640625,
              -0.08099365234375,
              0.082763671875,
              -0.4712257981300354
            ],
            [
              0.096435546875,
              0.97412109375,
              -0.203369140625,
              0.27421456575393677
            ],
            [
              -0.064208984375,
              0.2099609375,
              0.9755859375,
              -0.2882435619831085
            ]
          ]
        ]
      },
      {
        "psnr": 10.110169410705566,
        "distortion": 0.055643945932388306,
        "rotation_rmse": 29.698442459106445,
        "translation_rmse_100": 27.2195987701416,
        "t_final": [
          [
            [
              0.99755859375,
              -0.06463623046875,
              -0.0290679931640625,
              0.02570474147796631
            ],
            [
              0.065673828125,
              0.9970703125,
              0.035003662109375,
              0.05719226598739624
            ],
            [
              0.0267181396484375,
              -0.03680419921875,
              0.9990234375,
              0.018183773383498192
            ]
          ]
        ]
      },
      {
        "psnr": 10.520914077758789,
        "distortion": 0.028207428753376007,
        "rotation_rmse": 30.620187759399414,
        "translation_rmse_100": 32.536922454833984,
        "t_final": [
          [
            [
              0.994140625,
              -0.10931396484375,
              -0.004974365234375,
              -0.4767926335334778
            ],
            [
              0.109375,
              0.990234375,
              0.0855712890625,
              0.12663443386554718
            ],
            [
              -0.004425048828125,
              -0.0855712890625,
              0.99609375,
              -0.43645617365837097
            ]
          ]
        ]
      },
      {
        "psnr": 9.59049129486084,
        "distortion": 0.04883822798728943,
        "rotation_rmse": 28.85014533996582,
        "translation_rmse_100": 27.362382888793945,
        "t_final": [
          [
            [
              1.0,
              -0.0157012939453125,
              -0.0081939697265625,
              -0.00564344460144639
            ],
            [
              0.0157928466796875,
              1.0,
              0.01268768310546875,
              0.019706863909959793
            ],
            [
              0.00799560546875,
              -0.0128173828125,
              1.0,
              -0.005788009148091078
            ]
          ]
        ]
      },
      {
        "psnr": 10.572870254516602,
        "distortion": 0.05861126258969307,
        "rotation_rmse": 38.6681022644043,
        "translation_rmse_100": 34.135074615478516,
        "t_final": [
          [
            [
              0.9912109375,
              -0.133544921875,
              0.00605010986328125,
              -0.007142815738916397
            ],
            [
              0.12237548828125,
              0.92431640625,
              0.361328125,
              -0.1189851462841034
            ],
            [
              -0.053863525390625,
              -0.357421875,
              0.9326171875,
              -0.08974433690309525
            ]
          ]
        ]
      },
      {
        "psnr": 9.942000389099121,
        "distortion": 0.05490993708372116,
        "rotation_rmse": 28.27643394470215,
        "translation_rmse_100": 28.423059463500977,
        "t_final": [
          [
            [
              1.0,
              -0.00542449951171875,
              0.0175018310546875,
              -0.002668266650289297
            ],
            [
              0.005336761474609375,
              1.0,
              0.005123138427734375,
              -0.005325210280716419
            ],
            [
              -0.01751708984375,
              -0.005031585693359375,
              1.0,
              -0.002441389486193657
            ]
          ]
        ]
      },
      {
        "psnr": 10.749950408935547,
        "distortion": 0.030457528308033943,
        "rotation_rmse": 27.23143768310547,
        "translation_rmse_100": 26.006940841674805,
        "t_final": [
          [
            [
              0.9990234375,
              0.001270294189453125,
              0.040924072265625,
              -0.10305285453796387
            ],
            [
              -0.00046133995056152344,
              1.0,
              -0.019775390625,
              0.019172724336385727
            ],
            [
              -0.040924072265625,
              0.019744873046875,
              0.9990234375,
              -0.1325334906578064
            ]
          ]
        ]
      }
    ]
  },
  "fern_0_100_even_odd_no_masks": {
    "best": {
      "psnr": 13.746522903442383,
      "distortion": 0.04369036853313446,
      "rotation_rmse": 5.400378704071045,
      "translation_rmse_100": 6.8609395027160645,
      "t_final": [
        [
          [
            0.9013671875,
            0.041717529296875,
            0.431396484375,
            -0.44184085726737976
          ],
          [
            0.252197265625,
            0.7587890625,
            -0.6005859375,
            0.25128093361854553
          ],
          [
            -0.352294921875,
            0.64990234375,
            0.67333984375,
            0.062353432178497314
          ]
        ]
      ]
    },
    "stats_list": [
      {
        "psnr": 10.499271392822266,
        "distortion": 0.03988577798008919,
        "rotation_rmse": 37.479610443115234,
        "translation_rmse_100": 24.000932693481445,
        "t_final": [
          [
            [
              0.9755859375,
              -0.125732421875,
              0.180908203125,
              -0.6167268753051758
            ],
            [
              0.0513916015625,
              0.92822265625,
              0.3681640625,
              0.12810680270195007
            ],
            [
              -0.214111328125,
              -0.349609375,
              0.912109375,
              -0.17637988924980164
            ]
          ]
        ]
      },
      {
        "psnr": 11.566856384277344,
        "distortion": 0.054501451551914215,
        "rotation_rmse": 16.518226623535156,
        "translation_rmse_100": 8.21826171875,
        "t_final": [
          [
            [
              0.84326171875,
              -0.056365966796875,
              0.5341796875,
              -0.3905426263809204
            ],
            [
              0.46923828125,
              0.56103515625,
              -0.68212890625,
              0.21851500868797302
            ],
            [
              -0.26123046875,
              0.82568359375,
              0.499755859375,
              0.15418174862861633
            ]
          ]
        ]
      },
      {
        "psnr": 12.88569164276123,
        "distortion": 0.03426908329129219,
        "rotation_rmse": 11.344503402709961,
        "translation_rmse_100": 13.380606651306152,
        "t_final": [
          [
            [
              0.88427734375,
              -0.1759033203125,
              0.43212890625,
              -0.50127774477005
            ],
            [
              0.386962890625,
              0.79443359375,
              -0.46826171875,
              0.1743893176317215
            ],
            [
              -0.2607421875,
              0.58154296875,
              0.7705078125,
              -0.01319387461990118
            ]
          ]
        ]
      },
      {
        "psnr": 11.773569107055664,
        "distortion": 0.03409309685230255,
        "rotation_rmse": 23.019559860229492,
        "translation_rmse_100": 4.696211814880371,
        "t_final": [
          [
            [
              0.70166015625,
              -0.1700439453125,
              0.69189453125,
              -0.40472492575645447
            ],
            [
              0.2086181640625,
              0.9775390625,
              0.0286865234375,
              0.2683659493923187
            ],
            [
              -0.681640625,
              0.124267578125,
              0.72119140625,
              0.06072913110256195
            ]
          ]
        ]
      },
      {
        "psnr": 11.913451194763184,
        "distortion": 0.03873630240559578,
        "rotation_rmse": 14.268610000610352,
        "translation_rmse_100": 14.91820240020752,
        "t_final": [
          [
            [
              0.92431640625,
              -0.0183258056640625,
              0.381591796875,
              -0.5284146666526794
            ],
            [
              0.128173828125,
              0.95556640625,
              -0.2646484375,
              0.28307536244392395
            ],
            [
              -0.35986328125,
              0.29345703125,
              0.8857421875,
              -0.11044014990329742
            ]
          ]
        ]
      },
      {
        "psnr": 13.746522903442383,
        "distortion": 0.04369036853313446,
        "rotation_rmse": 5.400378704071045,
        "translation_rmse_100": 6.8609395027160645,
        "t_final": [
          [
            [
              0.9013671875,
              0.041717529296875,
              0.431396484375,
              -0.44184085726737976
            ],
            [
              0.252197265625,
              0.7587890625,
              -0.6005859375,
              0.25128093361854553
            ],
            [
              -0.352294921875,
              0.64990234375,
              0.67333984375,
              0.062353432178497314
            ]
          ]
        ]
      },
      {
        "psnr": 12.812442779541016,
        "distortion": 0.036484479904174805,
        "rotation_rmse": 10.82168960571289,
        "translation_rmse_100": 13.09634780883789,
        "t_final": [
          [
            [
              0.88671875,
              -0.1588134765625,
              0.433837890625,
              -0.5082635879516602
            ],
            [
              0.375732421875,
              0.7939453125,
              -0.4775390625,
              0.1839371770620346
            ],
            [
              -0.268798828125,
              0.58642578125,
              0.76416015625,
              -0.004362187348306179
            ]
          ]
        ]
      },
      {
        "psnr": 10.266483306884766,
        "distortion": 0.1539270281791687,
        "rotation_rmse": 28.26780128479004,
        "translation_rmse_100": 79.8986587524414,
        "t_final": [
          [
            [
              0.853515625,
              -0.46240234375,
              0.2401123046875,
              0.7456142902374268
            ],
            [
              0.440185546875,
              0.88671875,
              0.1422119140625,
              -0.21893031895160675
            ],
            [
              -0.278564453125,
              -0.015716552734375,
              0.96044921875,
              -0.5608283877372742
            ]
          ]
        ]
      },
      {
        "psnr": 10.028024673461914,
        "distortion": 0.08006958663463593,
        "rotation_rmse": 22.373394012451172,
        "translation_rmse_100": 80.184814453125,
        "t_final": [
          [
            [
              0.9189453125,
              0.042877197265625,
              0.392578125,
              0.39855462312698364
            ],
            [
              -0.0086822509765625,
              0.99609375,
              -0.08843994140625,
              0.110793337225914
            ],
            [
              -0.394775390625,
              0.077880859375,
              0.91552734375,
              -1.0718730688095093
            ]
          ]
        ]
      },
      {
        "psnr": 10.912421226501465,
        "distortion": 0.07078561931848526,
        "rotation_rmse": 19.040298461914062,
        "translation_rmse_100": 38.2220458984375,
        "t_final": [
          [
            [
              0.6767578125,
              -0.2322998046875,
              0.69873046875,
              -0.24942776560783386
            ],
            [
              0.54638671875,
              0.79443359375,
              -0.265380859375,
              -0.32041698694229126
            ],
            [
              -0.4931640625,
              0.5615234375,
              0.66455078125,
              0.13281816244125366
            ]
          ]
        ]
      }
    ]
  },
  "fern_0_100_even_odd_single_image": {
    "best": {
      "psnr": 20.58112335205078,
      "distortion": 0.016560982912778854,
      "rotation_rmse": 20.4324951171875,
      "translation_rmse_100": 24.89476203918457,
      "t_final": [
        [
          [
            0.69189453125,
            0.03472900390625,
            0.72119140625,
            -0.30040207505226135
          ],
          [
            0.52490234375,
            0.6611328125,
            -0.53564453125,
            -0.07697875797748566
          ],
          [
            -0.495361328125,
            0.74951171875,
            0.439208984375,
            0.2042674869298935
          ]
        ]
      ]
    },
    "stats_list": [
      {
        "psnr": 12.032662391662598,
        "distortion": 0.02991662360727787,
        "rotation_rmse": 26.05424690246582,
        "translation_rmse_100": 22.461334228515625,
        "t_final": [
          [
            [
              0.9453125,
              -0.1982421875,
              0.259521484375,
              -0.35288649797439575
            ],
            [
              0.18505859375,
              0.97998046875,
              0.07476806640625,
              0.027299001812934875
            ],
            [
              -0.269287109375,
              -0.022613525390625,
              0.962890625,
              -0.1692074090242386
            ]
          ]
        ]
      },
      {
        "psnr": 11.546689987182617,
        "distortion": 0.03688697889447212,
        "rotation_rmse": 16.372222900390625,
        "translation_rmse_100": 19.265777587890625,
        "t_final": [
          [
            [
              0.87060546875,
              -0.275634765625,
              0.407470703125,
              -0.22741787135601044
            ],
            [
              0.38330078125,
              0.8994140625,
              -0.210205078125,
              0.11118463426828384
            ],
            [
              -0.30859375,
              0.339111328125,
              0.888671875,
              -0.14267481863498688
            ]
          ]
        ]
      },
      {
        "psnr": 20.58112335205078,
        "distortion": 0.016560982912778854,
        "rotation_rmse": 20.4324951171875,
        "translation_rmse_100": 24.89476203918457,
        "t_final": [
          [
            [
              0.69189453125,
              0.03472900390625,
              0.72119140625,
              -0.30040207505226135
            ],
            [
              0.52490234375,
              0.6611328125,
              -0.53564453125,
              -0.07697875797748566
            ],
            [
              -0.495361328125,
              0.74951171875,
              0.439208984375,
              0.2042674869298935
            ]
          ]
        ]
      },
      {
        "psnr": 18.8248233795166,
        "distortion": 0.02332094870507717,
        "rotation_rmse": 15.359743118286133,
        "translation_rmse_100": 11.91504192352295,
        "t_final": [
          [
            [
              0.92578125,
              -0.2802734375,
              0.252685546875,
              -0.3309963047504425
            ],
            [
              0.37353515625,
              0.7763671875,
              -0.5078125,
              0.14665846526622772
            ],
            [
              -0.053955078125,
              0.564453125,
              0.82373046875,
              0.16493147611618042
            ]
          ]
        ]
      },
      {
        "psnr": 14.386857032775879,
        "distortion": 0.024636773392558098,
        "rotation_rmse": 18.424524307250977,
        "translation_rmse_100": 42.38096618652344,
        "t_final": [
          [
            [
              0.89453125,
              -0.371337890625,
              0.25,
              0.37802210450172424
            ],
            [
              0.447509765625,
              0.73095703125,
              -0.51513671875,
              0.27918699383735657
            ],
            [
              0.0086517333984375,
              0.57275390625,
              0.81982421875,
              0.06919930875301361
            ]
          ]
        ]
      },
      {
        "psnr": 11.238531112670898,
        "distortion": 0.1879117339849472,
        "rotation_rmse": 19.18034553527832,
        "translation_rmse_100": 39.58688735961914,
        "t_final": [
          [
            [
              0.75537109375,
              -0.265869140625,
              0.59912109375,
              0.2679937481880188
            ],
            [
              0.6015625,
              0.64453125,
              -0.471923828125,
              0.06392978876829147
            ],
            [
              -0.2607421875,
              0.716796875,
              0.64697265625,
              0.18326707184314728
            ]
          ]
        ]
      },
      {
        "psnr": 9.892033576965332,
        "distortion": 0.24126368761062622,
        "rotation_rmse": 20.458620071411133,
        "translation_rmse_100": 31.344009399414062,
        "t_final": [
          [
            [
              0.6533203125,
              -0.310302734375,
              0.6904296875,
              0.17186450958251953
            ],
            [
              0.53271484375,
              0.83642578125,
              -0.1282958984375,
              0.3198257088661194
            ],
            [
              -0.53759765625,
              0.451904296875,
              0.7119140625,
              -0.059261150658130646
            ]
          ]
        ]
      },
      {
        "psnr": 17.72068977355957,
        "distortion": 0.1661330610513687,
        "rotation_rmse": 3.480835437774658,
        "translation_rmse_100": 29.616121292114258,
        "t_final": [
          [
            [
              0.90234375,
              0.0966796875,
              0.419921875,
              0.14010106027126312
            ],
            [
              0.202392578125,
              0.76513671875,
              -0.61083984375,
              0.2135513573884964
            ],
            [
              -0.38037109375,
              0.63623046875,
              0.6708984375,
              0.0031267479062080383
            ]
          ]
        ]
      },
      {
        "psnr": 11.756549835205078,
        "distortion": 0.04076541215181351,
        "rotation_rmse": 18.168611526489258,
        "translation_rmse_100": 22.406768798828125,
        "t_final": [
          [
            [
              0.83984375,
              -0.36083984375,
              0.405517578125,
              -0.10481362789869308
            ],
            [
              0.4677734375,
              0.85986328125,
              -0.2041015625,
              0.1844119280576706
            ],
            [
              -0.275146484375,
              0.361083984375,
              0.89111328125,
              -0.18453434109687805
            ]
          ]
        ]
      },
      {
        "psnr": 13.317441940307617,
        "distortion": 0.02162802219390869,
        "rotation_rmse": 12.339828491210938,
        "translation_rmse_100": 12.461109161376953,
        "t_final": [
          [
            [
              0.81884765625,
              -0.1328125,
              0.55810546875,
              -0.4818154275417328
            ],
            [
              0.43505859375,
              0.7783203125,
              -0.452880859375,
              0.1578923612833023
            ],
            [
              -0.37451171875,
              0.61376953125,
              0.6953125,
              0.05297438055276871
            ]
          ]
        ]
      }
    ]
  },
  "fern_30_70_even_odd_no_init": {
    "best": {
      "psnr": 21.424346923828125,
      "distortion": 0.018750954419374466,
      "rotation_rmse": 0.08561456203460693,
      "translation_rmse_100": 0.08105958253145218,
      "t_final": [
        [
          [
            0.91357421875,
            0.1820068359375,
            0.36328125,
            -0.3540598154067993
          ],
          [
            0.10479736328125,
            0.75830078125,
            -0.6435546875,
            0.33198729157447815
          ],
          [
            -0.392578125,
            0.6259765625,
            0.673828125,
            0.0739935040473938
          ]
        ]
      ]
    },
    "stats_list": [
      {
        "psnr": 21.424346923828125,
        "distortion": 0.018750954419374466,
        "rotation_rmse": 0.08561456203460693,
        "translation_rmse_100": 0.08105958253145218,
        "t_final": [
          [
            [
              0.91357421875,
              0.1820068359375,
              0.36328125,
              -0.3540598154067993
            ],
            [
              0.10479736328125,
              0.75830078125,
              -0.6435546875,
              0.33198729157447815
            ],
            [
              -0.392578125,
              0.6259765625,
              0.673828125,
              0.0739935040473938
            ]
          ]
        ]
      },
      {
        "psnr": 10.212162017822266,
        "distortion": 0.03012516163289547,
        "rotation_rmse": 23.730091094970703,
        "translation_rmse_100": 22.89069175720215,
        "t_final": [
          [
            [
              0.9619140625,
              0.1959228515625,
              -0.1910400390625,
              -0.45881712436676025
            ],
            [
              -0.254150390625,
              0.89892578125,
              -0.357421875,
              0.49199119210243225
            ],
            [
              0.1016845703125,
              0.392333984375,
              0.9140625,
              -0.2723527252674103
            ]
          ]
        ]
      },
      {
        "psnr": 11.604150772094727,
        "distortion": 0.031343188136816025,
        "rotation_rmse": 18.119884490966797,
        "translation_rmse_100": 10.39320182800293,
        "t_final": [
          [
            [
              0.98046875,
              0.1533203125,
              -0.12451171875,
              -0.270844042301178
            ],
            [
              -0.19677734375,
              0.8134765625,
              -0.54736328125,
              0.39354121685028076
            ],
            [
              0.0173187255859375,
              0.56103515625,
              0.82763671875,
              -0.07225017249584198
            ]
          ]
        ]
      },
      {
        "psnr": 9.44905948638916,
        "distortion": 0.04689991846680641,
        "rotation_rmse": 28.285873413085938,
        "translation_rmse_100": 29.42209243774414,
        "t_final": [
          [
            [
              1.0,
              0.01282501220703125,
              -0.0099334716796875,
              0.003718828083947301
            ],
            [
              -0.012939453125,
              1.0,
              -0.01210784912109375,
              -0.021104956045746803
            ],
            [
              0.00977325439453125,
              0.012237548828125,
              1.0,
              -0.014247375540435314
            ]
          ]
        ]
      },
      {
        "psnr": 11.787392616271973,
        "distortion": 0.034975286573171616,
        "rotation_rmse": 20.071706771850586,
        "translation_rmse_100": 14.60408878326416,
        "t_final": [
          [
            [
              0.9619140625,
              0.19970703125,
              -0.18701171875,
              -0.21479594707489014
            ],
            [
              -0.270751953125,
              0.79345703125,
              -0.544921875,
              0.4636705815792084
            ],
            [
              0.03955078125,
              0.57470703125,
              0.8173828125,
              -0.08948617428541183
            ]
          ]
        ]
      },
      {
        "psnr": 10.408975601196289,
        "distortion": 0.035584863275289536,
        "rotation_rmse": 25.49310302734375,
        "translation_rmse_100": 21.10396957397461,
        "t_final": [
          [
            [
              0.9619140625,
              0.122802734375,
              -0.244873046875,
              -0.3424457907676697
            ],
            [
              -0.2003173828125,
              0.9248046875,
              -0.3232421875,
              0.3942488729953766
            ],
            [
              0.186767578125,
              0.35986328125,
              0.9140625,
              -0.2853870391845703
            ]
          ]
        ]
      },
      {
        "psnr": 9.787893295288086,
        "distortion": 0.05227356031537056,
        "rotation_rmse": 28.58969497680664,
        "translation_rmse_100": 28.28317642211914,
        "t_final": [
          [
            [
              1.0,
              -0.01363372802734375,
              -0.01282501220703125,
              -0.01418453361839056
            ],
            [
              0.013641357421875,
              1.0,
              0.0006704330444335938,
              -0.013854717835783958
            ],
            [
              0.01280975341796875,
              -0.0008454322814941406,
              1.0,
              -0.0009997817687690258
            ]
          ]
        ]
      },
      {
        "psnr": 10.067913055419922,
        "distortion": 0.05372639745473862,
        "rotation_rmse": 28.516660690307617,
        "translation_rmse_100": 29.434791564941406,
        "t_final": [
          [
            [
              0.99951171875,
              -0.0171051025390625,
              -0.019287109375,
              0.009290720336139202
            ],
            [
              0.016998291015625,
              1.0,
              -0.005268096923828125,
              -0.015924064442515373
            ],
            [
              0.019378662109375,
              0.00493621826171875,
              1.0,
              -0.013239326886832714
            ]
          ]
        ]
      },
      {
        "psnr": 10.776826858520508,
        "distortion": 0.026689371094107628,
        "rotation_rmse": 22.695762634277344,
        "translation_rmse_100": 14.488616943359375,
        "t_final": [
          [
            [
              0.98681640625,
              0.13818359375,
              -0.08502197265625,
              -0.2955569326877594
            ],
            [
              -0.1572265625,
              0.94384765625,
              -0.289794921875,
              0.3626649081707001
            ],
            [
              0.04022216796875,
              0.29931640625,
              0.953125,
              -0.16751284897327423
            ]
          ]
        ]
      },
      {
        "psnr": 10.738189697265625,
        "distortion": 0.10636307299137115,
        "rotation_rmse": 28.313186645507812,
        "translation_rmse_100": 18.85211181640625,
        "t_final": [
          [
            [
              0.97900390625,
              0.00202178955078125,
              0.202880859375,
              -0.07272762060165405
            ],
            [
              -0.01629638671875,
              0.99755859375,
              0.06866455078125,
              0.38111186027526855
            ],
            [
              -0.2022705078125,
              -0.070556640625,
              0.9765625,
              -0.08322925120592117
            ]
          ]
        ]
      }
    ]
  },
  "fern_30_70_even_odd_no_masks": {
    "best": {
      "psnr": 16.11787223815918,
      "distortion": 0.045269761234521866,
      "rotation_rmse": 1.0191271305084229,
      "translation_rmse_100": 0.7714500427246094,
      "t_final": [
        [
          [
            0.91552734375,
            0.197998046875,
            0.3505859375,
            -0.35116779804229736
          ],
          [
            0.08154296875,
            0.76171875,
            -0.64306640625,
            0.3433302938938141
          ],
          [
            -0.394287109375,
            0.6171875,
            0.68115234375,
            0.07148612290620804
          ]
        ]
      ]
    },
    "stats_list": [
      {
        "psnr": 10.798754692077637,
        "distortion": 0.12128349393606186,
        "rotation_rmse": 14.201275825500488,
        "translation_rmse_100": 51.78237533569336,
        "t_final": [
          [
            [
              0.87158203125,
              -0.110595703125,
              0.477783203125,
              0.455116868019104
            ],
            [
              0.2423095703125,
              0.94384765625,
              -0.2235107421875,
              -0.0516977496445179
            ],
            [
              -0.426513671875,
              0.310546875,
              0.849609375,
              0.017609553411602974
            ]
          ]
        ]
      },
      {
        "psnr": 12.169888496398926,
        "distortion": 0.074917271733284,
        "rotation_rmse": 24.864398956298828,
        "translation_rmse_100": 13.757478713989258,
        "t_final": [
          [
            [
              0.44921875,
              0.188232421875,
              0.87353515625,
              -0.3490644693374634
            ],
            [
              0.27001953125,
              0.9033203125,
              -0.33349609375,
              0.2830781638622284
            ],
            [
              -0.8515625,
              0.3857421875,
              0.354736328125,
              0.30780965089797974
            ]
          ]
        ]
      },
      {
        "psnr": 11.410456657409668,
        "distortion": 0.117025226354599,
        "rotation_rmse": 12.82589340209961,
        "translation_rmse_100": 42.15879440307617,
        "t_final": [
          [
            [
              0.8232421875,
              -0.1849365234375,
              0.537109375,
              0.2666388750076294
            ],
            [
              0.433349609375,
              0.8154296875,
              -0.38330078125,
              -0.018527913838624954
            ],
            [
              -0.366943359375,
              0.54833984375,
              0.75146484375,
              0.23509156703948975
            ]
          ]
        ]
      },
      {
        "psnr": 10.810883522033691,
        "distortion": 0.028851283714175224,
        "rotation_rmse": 31.001956939697266,
        "translation_rmse_100": 19.973526000976562,
        "t_final": [
          [
            [
              0.70654296875,
              0.5087890625,
              0.49169921875,
              -0.5709477066993713
            ],
            [
              -0.37646484375,
              0.8583984375,
              -0.34765625,
              0.510253369808197
            ],
            [
              -0.59912109375,
              0.060455322265625,
              0.79833984375,
              -0.12674541771411896
            ]
          ]
        ]
      },
      {
        "psnr": 13.139246940612793,
        "distortion": 0.0494474358856678,
        "rotation_rmse": 14.509635925292969,
        "translation_rmse_100": 13.3515625,
        "t_final": [
          [
            [
              0.75439453125,
              0.0222930908203125,
              0.65576171875,
              -0.47554463148117065
            ],
            [
              0.428955078125,
              0.73974609375,
              -0.5185546875,
              0.1606706827878952
            ],
            [
              -0.496826171875,
              0.67236328125,
              0.548828125,
              0.1737072616815567
            ]
          ]
        ]
      },
      {
        "psnr": 16.11787223815918,
        "distortion": 0.045269761234521866,
        "rotation_rmse": 1.0191271305084229,
        "translation_rmse_100": 0.7714500427246094,
        "t_final": [
          [
            [
              0.91552734375,
              0.197998046875,
              0.3505859375,
              -0.35116779804229736
            ],
            [
              0.08154296875,
              0.76171875,
              -0.64306640625,
              0.3433302938938141
            ],
            [
              -0.394287109375,
              0.6171875,
              0.68115234375,
              0.07148612290620804
            ]
          ]
        ]
      },
      {
        "psnr": 11.78170108795166,
        "distortion": 0.02482769452035427,
        "rotation_rmse": 5.623135089874268,
        "translation_rmse_100": 15.649688720703125,
        "t_final": [
          [
            [
              0.94580078125,
              0.25146484375,
              0.20556640625,
              -0.6124292016029358
            ],
            [
              -0.0272979736328125,
              0.6923828125,
              -0.720703125,
              0.31504419445991516
            ],
            [
              -0.32373046875,
              0.67626953125,
              0.66162109375,
              -0.006588028743863106
            ]
          ]
        ]
      },
      {
        "psnr": 10.948042869567871,
        "distortion": 0.1189916729927063,
        "rotation_rmse": 23.62690544128418,
        "translation_rmse_100": 64.74088287353516,
        "t_final": [
          [
            [
              0.673828125,
              -0.272216796875,
              0.6865234375,
              0.2557988166809082
            ],
            [
              0.294189453125,
              0.95166015625,
              0.0882568359375,
              -0.6099370121955872
            ],
            [
              -0.677734375,
              0.142578125,
              0.7216796875,
              0.04978611692786217
            ]
          ]
        ]
      },
      {
        "psnr": 10.942413330078125,
        "distortion": 0.08991778641939163,
        "rotation_rmse": 17.71075439453125,
        "translation_rmse_100": 69.05496215820312,
        "t_final": [
          [
            [
              0.8369140625,
              -0.0338134765625,
              0.5458984375,
              -0.042679645121097565
            ],
            [
              0.1373291015625,
              0.97900390625,
              -0.14990234375,
              -0.04048192873597145
            ],
            [
              -0.529296875,
              0.2005615234375,
              0.82421875,
              -1.0191447734832764
            ]
          ]
        ]
      },
      {
        "psnr": 12.58697509765625,
        "distortion": 0.05003262683749199,
        "rotation_rmse": 18.893651962280273,
        "translation_rmse_100": 26.19011116027832,
        "t_final": [
          [
            [
              0.6787109375,
              -0.2587890625,
              0.6875,
              -0.5803112983703613
            ],
            [
              0.473876953125,
              0.86962890625,
              -0.1402587890625,
              -0.062180422246456146
            ],
            [
              -0.56103515625,
              0.4208984375,
              0.712890625,
              0.05581478774547577
            ]
          ]
        ]
      }
    ]
  },
  "fern_30_70_even_odd_single_image": {
    "best": {
      "psnr": 19.161928176879883,
      "distortion": 0.022162647917866707,
      "rotation_rmse": 15.093870162963867,
      "translation_rmse_100": 38.575439453125,
      "t_final": [
        [
          [
            0.80810546875,
            -0.167236328125,
            0.564453125,
            0.3079037070274353
          ],
          [
            0.5029296875,
            0.6943359375,
            -0.5146484375,
            0.241633340716362
          ],
          [
            -0.305908203125,
            0.7001953125,
            0.64501953125,
            0.06453043222427368
          ]
        ]
      ]
    },
    "stats_list": [
      {
        "psnr": 10.192429542541504,
        "distortion": 0.017107393592596054,
        "rotation_rmse": 12.862520217895508,
        "translation_rmse_100": 42.68147659301758,
        "t_final": [
          [
            [
              0.8671875,
              -0.09808349609375,
              0.488525390625,
              0.20340317487716675
            ],
            [
              0.25390625,
              0.9306640625,
              -0.263671875,
              -0.15471605956554413
            ],
            [
              -0.428955078125,
              0.3525390625,
              0.83154296875,
              0.07367071509361267
            ]
