{
  "fern_0_100_even_odd": {
    "best": {
      "psnr": 21.477338790893555,
      "distortion": 0.01709461212158203,
      "rotation_rmse": 0.1765887290239334,
      "translation_rmse_100": 0.1955142468214035,
      "t_final": [
        [
          [
            0.9130859375,
            0.1806640625,
            0.366455078125,
            -0.35678181052207947
          ],
          [
            0.10943603515625,
            0.755859375,
            -0.6455078125,
            0.3301662504673004
          ],
          [
            -0.3935546875,
            0.62939453125,
            0.67041015625,
            0.0765305608510971
          ]
        ]
      ],
      "t0_rotation_rmse": 1.3997185230255127,
      "t0_translation_rmse_100": 0.9680689573287964
    },
    "stats_list": [
      {
        "psnr": 21.477338790893555,
        "distortion": 0.01709461212158203,
        "rotation_rmse": 0.1765887290239334,
        "translation_rmse_100": 0.1955142468214035,
        "t_final": [
          [
            [
              0.9130859375,
              0.1806640625,
              0.366455078125,
              -0.35678181052207947
            ],
            [
              0.10943603515625,
              0.755859375,
              -0.6455078125,
              0.3301662504673004
            ],
            [
              -0.3935546875,
              0.62939453125,
              0.67041015625,
              0.0765305608510971
            ]
          ]
        ],
        "t0_rotation_rmse": 1.3997185230255127,
        "t0_translation_rmse_100": 0.9680689573287964
      }
    ]
  },
  "fern_30_70_even_odd": {
    "best": {
      "psnr": 13.34083080291748,
      "distortion": 0.01875118725001812,
      "rotation_rmse": 3.9947803020477295,
      "translation_rmse_100": 2.062265634536743,
      "t_final": [
        [
          [
            0.947265625,
            0.193115234375,
            0.255126953125,
            -0.3843950629234314
          ],
          [
            0.048797607421875,
            0.70068359375,
            -0.71142578125,
            0.34440094232559204
          ],
          [
            -0.31640625,
            0.68701171875,
            0.65478515625,
            0.061119116842746735
          ]
        ]
      ],
      "t0_rotation_rmse": 5.611567974090576,
      "t0_translation_rmse_100": 9.61656379699707
    },
    "stats_list": [
      {
        "psnr": 13.34083080291748,
        "distortion": 0.01875118725001812,
        "rotation_rmse": 3.9947803020477295,
        "translation_rmse_100": 2.062265634536743,
        "t_final": [
          [
            [
              0.947265625,
              0.193115234375,
              0.255126953125,
              -0.3843950629234314
            ],
            [
              0.048797607421875,
              0.70068359375,
              -0.71142578125,
              0.34440094232559204
            ],
            [
              -0.31640625,
              0.68701171875,
              0.65478515625,
              0.061119116842746735
            ]
          ]
        ],
        "t0_rotation_rmse": 5.611567974090576,
        "t0_translation_rmse_100": 9.61656379699707
      }
    ]
  },
  "fern_50_50": {
    "best": {
      "psnr": 16.825878143310547,
      "distortion": 0.01660992205142975,
      "rotation_rmse": 1.3820862770080566,
      "translation_rmse_100": 1.7020145654678345,
      "t_final": [
        [
          [
            0.912109375,
            0.2205810546875,
            0.345703125,
            -0.3348677158355713
          ],
          [
            0.07098388671875,
            0.7451171875,
            -0.66259765625,
            0.35069459676742554
          ],
          [
            -0.40380859375,
            0.62890625,
            0.6640625,
            0.08400969952344894
          ]
        ]
      ],
      "t0_rotation_rmse": 2.9586141109466553,
      "t0_translation_rmse_100": 3.636718273162842
    },
    "stats_list": [
      {
        "psnr": 16.825878143310547,
        "distortion": 0.01660992205142975,
        "rotation_rmse": 1.3820862770080566,
        "translation_rmse_100": 1.7020145654678345,
        "t_final": [
          [
            [
              0.912109375,
              0.2205810546875,
              0.345703125,
              -0.3348677158355713
            ],
            [
              0.07098388671875,
              0.7451171875,
              -0.66259765625,
              0.35069459676742554
            ],
            [
              -0.40380859375,
              0.62890625,
              0.6640625,
              0.08400969952344894
            ]
          ]
        ],
        "t0_rotation_rmse": 2.9586141109466553,
        "t0_translation_rmse_100": 3.636718273162842
      }
    ]
  },
  "horns_0_100_even_odd": {
    "best": {
      "psnr": 29.044010162353516,
      "distortion": 0.010239174589514732,
      "rotation_rmse": 0.02764052338898182,
      "translation_rmse_100": 0.00541394529864192,
      "t_final": [
        [
          [
            0.85595703125,
            0.1357421875,
            0.498779296875,
            -0.04391450807452202
          ],
          [
            0.0341796875,
            0.94775390625,
            -0.31640625,
            0.1287902593612671
          ],
          [
            -0.515625,
            0.2880859375,
            0.806640625,
            -0.2374821901321411
          ]
        ]
      ],
      "t0_rotation_rmse": 1.2831549644470215,
      "t0_translation_rmse_100": 1.7415271997451782
    },
    "stats_list": [
      {
        "psnr": 29.044010162353516,
        "distortion": 0.010239174589514732,
        "rotation_rmse": 0.02764052338898182,
        "translation_rmse_100": 0.00541394529864192,
        "t_final": [
          [
            [
              0.85595703125,
              0.1357421875,
              0.498779296875,
              -0.04391450807452202
            ],
            [
              0.0341796875,
              0.94775390625,
              -0.31640625,
              0.1287902593612671
            ],
            [
              -0.515625,
              0.2880859375,
              0.806640625,
              -0.2374821901321411
            ]
          ]
        ],
        "t0_rotation_rmse": 1.2831549644470215,
        "t0_translation_rmse_100": 1.7415271997451782
      }
    ]
  },
  "horns_30_70_even_odd": {
    "best": {
      "psnr": 25.63969612121582,
      "distortion": 0.012995244935154915,
      "rotation_rmse": 0.040601812303066254,
      "translation_rmse_100": 0.03252791613340378,
      "t_final": [
        [
          [
            0.8564453125,
            0.1361083984375,
            0.4990234375,
            -0.04390473663806915
          ],
          [
            0.034637451171875,
            0.947265625,
            -0.318115234375,
            0.12924326956272125
          ],
          [
            -0.515625,
            0.28955078125,
            0.80615234375,
            -0.23711493611335754
          ]
        ]
      ],
      "t0_rotation_rmse": 1.6391682624816895,
      "t0_translation_rmse_100": 1.609495997428894
    },
    "stats_list": [
      {
        "psnr": 25.63969612121582,
        "distortion": 0.012995244935154915,
        "rotation_rmse": 0.040601812303066254,
        "translation_rmse_100": 0.03252791613340378,
        "t_final": [
          [
            [
              0.8564453125,
              0.1361083984375,
              0.4990234375,
              -0.04390473663806915
            ],
            [
              0.034637451171875,
              0.947265625,
              -0.318115234375,
              0.12924326956272125
            ],
            [
              -0.515625,
              0.28955078125,
              0.80615234375,
              -0.23711493611335754
            ]
          ]
        ],
        "t0_rotation_rmse": 1.6391682624816895,
        "t0_translation_rmse_100": 1.609495997428894
      }
    ]
  },
  "horns_50_50": {
    "best": {
      "psnr": 19.107303619384766,
      "distortion": 0.01242299284785986,
      "rotation_rmse": 0.28890278935432434,
      "translation_rmse_100": 0.37179994583129883,
      "t_final": [
        [
          [
            0.8603515625,
            0.13134765625,
            0.4931640625,
            -0.03774977847933769
          ],
          [
            0.03515625,
            0.94873046875,
            -0.313720703125,
            0.1286073923110962
          ],
          [
            -0.50927734375,
            0.287109375,
            0.8115234375,
            -0.23952539265155792
          ]
        ]
      ],
      "t0_rotation_rmse": 1.6241461038589478,
      "t0_translation_rmse_100": 1.0247454643249512
    },
    "stats_list": [
      {
        "psnr": 19.107303619384766,
        "distortion": 0.01242299284785986,
        "rotation_rmse": 0.28890278935432434,
        "translation_rmse_100": 0.37179994583129883,
        "t_final": [
          [
            [
              0.8603515625,
              0.13134765625,
              0.4931640625,
              -0.03774977847933769
            ],
            [
              0.03515625,
              0.94873046875,
              -0.313720703125,
              0.1286073923110962
            ],
            [
              -0.50927734375,
              0.287109375,
              0.8115234375,
              -0.23952539265155792
            ]
          ]
        ],
        "t0_rotation_rmse": 1.6241461038589478,
        "t0_translation_rmse_100": 1.0247454643249512
      }
    ]
  },
  "room_0_100_even_odd": {
    "best": {
      "psnr": 30.20258140563965,
      "distortion": 0.007943590171635151,
      "rotation_rmse": 0.029277408495545387,
      "translation_rmse_100": 0.044551312923431396,
      "t_final": [
        [
          [
            0.9990234375,
            0.0201568603515625,
            0.047210693359375,
            -0.19971664249897003
          ],
          [
            0.005168914794921875,
            0.8759765625,
            -0.4833984375,
            0.19109143316745758
          ],
          [
            -0.05108642578125,
            0.48291015625,
            0.8740234375,
            0.46271005272865295
          ]
        ]
      ],
      "t0_rotation_rmse": 1.9991281032562256,
      "t0_translation_rmse_100": 2.504030704498291
    },
    "stats_list": [
      {
        "psnr": 30.20258140563965,
        "distortion": 0.007943590171635151,
        "rotation_rmse": 0.029277408495545387,
        "translation_rmse_100": 0.044551312923431396,
        "t_final": [
          [
            [
              0.9990234375,
              0.0201568603515625,
              0.047210693359375,
              -0.19971664249897003
            ],
            [
              0.005168914794921875,
              0.8759765625,
              -0.4833984375,
              0.19109143316745758
            ],
            [
              -0.05108642578125,
              0.48291015625,
              0.8740234375,
              0.46271005272865295
            ]
          ]
        ],
        "t0_rotation_rmse": 1.9991281032562256,
        "t0_translation_rmse_100": 2.504030704498291
      }
    ]
  },
  "room_30_70_even_odd": {
    "best": {
      "psnr": 28.22882080078125,
      "distortion": 0.008374257944524288,
      "rotation_rmse": 0.021889159455895424,
      "translation_rmse_100": 0.018670378252863884,
      "t_final": [
        [
          [
            0.99853515625,
            0.0196533203125,
            0.048370361328125,
            -0.19938427209854126
          ],
          [
            0.006183624267578125,
            0.87548828125,
            -0.4833984375,
            0.19027690589427948
          ],
          [
            -0.05181884765625,
            0.483154296875,
            0.8740234375,
            0.4631384611129761
          ]
        ]
      ],
      "t0_rotation_rmse": 1.8564132452011108,
      "t0_translation_rmse_100": 2.0540683269500732
    },
    "stats_list": [
      {
        "psnr": 28.22882080078125,
        "distortion": 0.008374257944524288,
        "rotation_rmse": 0.021889159455895424,
        "translation_rmse_100": 0.018670378252863884,
        "t_final": [
          [
            [
              0.99853515625,
              0.0196533203125,
              0.048370361328125,
              -0.19938427209854126
            ],
            [
              0.006183624267578125,
              0.87548828125,
              -0.4833984375,
              0.19027690589427948
            ],
            [
              -0.05181884765625,
              0.483154296875,
              0.8740234375,
              0.4631384611129761
            ]
          ]
        ],
        "t0_rotation_rmse": 1.8564132452011108,
        "t0_translation_rmse_100": 2.0540683269500732
      }
    ]
  },
  "room_50_50": {
    "best": {
      "psnr": 25.00739288330078,
      "distortion": 0.009050903841853142,
      "rotation_rmse": 0.06887880712747574,
      "translation_rmse_100": 0.06470630317926407,
      "t_final": [
        [
          [
            0.99853515625,
            0.018280029296875,
            0.047210693359375,
            -0.1993393898010254
          ],
          [
            0.00689697265625,
            0.875,
            -0.484619140625,
            0.18954923748970032
          ],
          [
            -0.050140380859375,
            0.484130859375,
            0.87353515625,
            0.4623945355415344
          ]
        ]
      ],
      "t0_rotation_rmse": 3.135272264480591,
      "t0_translation_rmse_100": 3.233790874481201
    },
    "stats_list": [
      {
        "psnr": 25.00739288330078,
        "distortion": 0.009050903841853142,
        "rotation_rmse": 0.06887880712747574,
        "translation_rmse_100": 0.06470630317926407,
        "t_final": [
          [
            [
              0.99853515625,
              0.018280029296875,
              0.047210693359375,
              -0.1993393898010254
            ],
            [
              0.00689697265625,
              0.875,
              -0.484619140625,
              0.18954923748970032
            ],
            [
              -0.050140380859375,
              0.484130859375,
              0.87353515625,
              0.4623945355415344
            ]
          ]
        ],
        "t0_rotation_rmse": 3.135272264480591,
        "t0_translation_rmse_100": 3.233790874481201
      }
    ]
  },
  "trex_0_100_even_odd": {
    "best": {
      "psnr": 29.062808990478516,
      "distortion": 0.012856390327215195,
      "rotation_rmse": 0.013391997665166855,
      "translation_rmse_100": 0.013913288712501526,
      "t_final": [
        [
          [
            0.79052734375,
            -0.0791015625,
            0.607421875,
            -0.2478991001844406
          ],
          [
            0.356689453125,
            0.865234375,
            -0.351806640625,
            -0.06828228384256363
          ],
          [
            -0.497802734375,
            0.494873046875,
            0.71240234375,
            -0.1975252777338028
          ]
        ]
      ],
      "t0_rotation_rmse": 1.4442988634109497,
      "t0_translation_rmse_100": 3.246091604232788
    },
    "stats_list": [
      {
        "psnr": 29.062808990478516,
        "distortion": 0.012856390327215195,
        "rotation_rmse": 0.013391997665166855,
        "translation_rmse_100": 0.013913288712501526,
        "t_final": [
          [
            [
              0.79052734375,
              -0.0791015625,
              0.607421875,
              -0.2478991001844406
            ],
            [
              0.356689453125,
              0.865234375,
              -0.351806640625,
              -0.06828228384256363
            ],
            [
              -0.497802734375,
              0.494873046875,
              0.71240234375,
              -0.1975252777338028
            ]
          ]
        ],
        "t0_rotation_rmse": 1.4442988634109497,
        "t0_translation_rmse_100": 3.246091604232788
      }
    ]
  },
  "trex_30_70_even_odd": {
    "best": {
      "psnr": 27.467670440673828,
      "distortion": 0.012614019215106964,
      "rotation_rmse": 0.02634950913488865,
      "translation_rmse_100": 0.01724814437329769,
      "t_final": [
        [
          [
            0.791015625,
            -0.07843017578125,
            0.6064453125,
            -0.24793842434883118
          ],
          [
            0.356201171875,
            0.865234375,
            -0.3525390625,
            -0.06823804974555969
          ],
          [
            -0.49755859375,
            0.49462890625,
            0.712890625,
            -0.19732698798179626
          ]
        ]
      ],
      "t0_rotation_rmse": 1.7430680990219116,
      "t0_translation_rmse_100": 1.3781030178070068
    },
    "stats_list": [
      {
        "psnr": 27.467670440673828,
        "distortion": 0.012614019215106964,
        "rotation_rmse": 0.02634950913488865,
        "translation_rmse_100": 0.01724814437329769,
        "t_final": [
          [
            [
              0.791015625,
              -0.07843017578125,
              0.6064453125,
              -0.24793842434883118
            ],
            [
              0.356201171875,
              0.865234375,
              -0.3525390625,
              -0.06823804974555969
            ],
            [
              -0.49755859375,
              0.49462890625,
              0.712890625,
              -0.19732698798179626
            ]
          ]
        ],
        "t0_rotation_rmse": 1.7430680990219116,
        "t0_translation_rmse_100": 1.3781030178070068
      }
    ]
  },
  "trex_50_50": {
    "best": {
      "psnr": 24.68552589416504,
      "distortion": 0.015149636194109917,
      "rotation_rmse": 0.047312524169683456,
      "translation_rmse_100": 0.02049446292221546,
      "t_final": [
        [
          [
            0.79150390625,
            -0.07745361328125,
            0.60693359375,
            -0.24735717475414276
          ],
          [
            0.35546875,
            0.865234375,
            -0.353271484375,
            -0.06827633082866669
          ],
          [
            -0.497802734375,
            0.4951171875,
            0.7119140625,
            -0.1972968876361847
          ]
        ]
      ],
      "t0_rotation_rmse": 3.5331318378448486,
      "t0_translation_rmse_100": 1.1762566566467285
    },
    "stats_list": [
      {
        "psnr": 24.68552589416504,
        "distortion": 0.015149636194109917,
        "rotation_rmse": 0.047312524169683456,
        "translation_rmse_100": 0.02049446292221546,
        "t_final": [
          [
            [
              0.79150390625,
              -0.07745361328125,
              0.60693359375,
              -0.24735717475414276
            ],
            [
              0.35546875,
              0.865234375,
              -0.353271484375,
              -0.06827633082866669
            ],
            [
              -0.497802734375,
              0.4951171875,
              0.7119140625,
              -0.1972968876361847
            ]
          ]
        ],
        "t0_rotation_rmse": 3.5331318378448486,
        "t0_translation_rmse_100": 1.1762566566467285
      }
    ]
  }
}