{
  "lion_30_70_even_odd": {
    "best": {
      "psnr": 32.111507415771484,
      "distortion": 0.004269331227988005,
      "rotation_rmse": 0.11571013182401657,
      "translation_rmse_100": 0.2626776397228241,
      "t_final": [
        [
          [
            0.61572265625,
            -0.355712890625,
            0.703125,
            0.04725140705704689
          ],
          [
            0.40087890625,
            0.90966796875,
            0.109130859375,
            -0.17458409070968628
          ],
          [
            -0.6787109375,
            0.2147216796875,
            0.70263671875,
            -0.17511025071144104
          ]
        ]
      ]
    },
    "stats_list": [
      {
        "psnr": 17.67931365966797,
        "distortion": 0.005551620852202177,
        "rotation_rmse": 30.257095336914062,
        "translation_rmse_100": 30.91659164428711,
        "t_final": [
          [
            [
              0.17236328125,
              -0.68701171875,
              0.70556640625,
              -0.09560507535934448
            ],
            [
              0.84375,
              0.472900390625,
              0.25439453125,
              -0.0012769699096679688
            ],
            [
              -0.50830078125,
              0.5517578125,
              0.66162109375,
              -0.6584197878837585
            ]
          ]
        ]
      },
      {
        "psnr": 17.508821487426758,
        "distortion": 0.09802410751581192,
        "rotation_rmse": 10.735101699829102,
        "translation_rmse_100": 54.25064468383789,
        "t_final": [
          [
            [
              0.81201171875,
              -0.304443359375,
              0.497802734375,
              0.408243328332901
            ],
            [
              0.3515625,
              0.93603515625,
              -0.0005555152893066406,
              0.4000665545463562
            ],
            [
              -0.4658203125,
              0.1754150390625,
              0.8671875,
              0.48135077953338623
            ]
          ]
        ]
      },
      {
        "psnr": 17.101476669311523,
        "distortion": 0.005648024845868349,
        "rotation_rmse": 28.75645637512207,
        "translation_rmse_100": 25.417646408081055,
        "t_final": [
          [
            [
              0.1937255859375,
              -0.6806640625,
              0.70654296875,
              -0.057534109801054
            ],
            [
              0.81591796875,
              0.51171875,
              0.26953125,
              -0.016425542533397675
            ],
            [
              -0.544921875,
              0.52392578125,
              0.65478515625,
              -0.5697422623634338
            ]
          ]
        ]
      },
      {
        "psnr": 17.44598388671875,
        "distortion": 0.055906396359205246,
        "rotation_rmse": 29.324026107788086,
        "translation_rmse_100": 25.54512596130371,
        "t_final": [
          [
            [
              0.6572265625,
              -0.1551513671875,
              0.7373046875,
              0.3432190716266632
            ],
            [
              0.67578125,
              0.5546875,
              -0.4853515625,
              -0.1590997278690338
            ],
            [
              -0.333740234375,
              0.8173828125,
              0.469482421875,
              -0.5025002956390381
            ]
          ]
        ]
      },
      {
        "psnr": 31.895523071289062,
        "distortion": 0.0042534926906228065,
        "rotation_rmse": 0.08711306750774384,
        "translation_rmse_100": 0.2910902798175812,
        "t_final": [
          [
            [
              0.61572265625,
              -0.35546875,
              0.703125,
              0.04658722132444382
            ],
            [
              0.400390625,
              0.90966796875,
              0.109130859375,
              -0.17476733028888702
            ],
            [
              -0.6787109375,
              0.214111328125,
              0.70263671875,
              -0.17519515752792358
            ]
          ]
        ]
      },
      {
        "psnr": 16.921295166015625,
        "distortion": 0.008316638879477978,
        "rotation_rmse": 32.671756744384766,
        "translation_rmse_100": 24.607614517211914,
        "t_final": [
          [
            [
              0.06982421875,
              -0.74658203125,
              0.66162109375,
              -0.033390577882528305
            ],
            [
              0.79052734375,
              0.44580078125,
              0.419677734375,
              -0.08512089401483536
            ],
            [
              -0.6083984375,
              0.49365234375,
              0.62109375,
              -0.5809910893440247
            ]
          ]
        ]
      },
      {
        "psnr": 17.679855346679688,
        "distortion": 0.003674880601465702,
        "rotation_rmse": 19.606477737426758,
        "translation_rmse_100": 28.860607147216797,
        "t_final": [
          [
            [
              0.92138671875,
              -0.099609375,
              0.375244140625,
              -0.3254812955856323
            ],
            [
              0.136474609375,
              0.98779296875,
              -0.07269287109375,
              -0.0993381068110466
            ],
            [
              -0.363525390625,
              0.1181640625,
              0.923828125,
              -0.4946775734424591
            ]
          ]
        ]
      },
      {
        "psnr": 31.791444778442383,
        "distortion": 0.004267518408596516,
        "rotation_rmse": 0.06990493834018707,
        "translation_rmse_100": 0.27864304184913635,
        "t_final": [
          [
            [
              0.61572265625,
              -0.355712890625,
              0.703125,
              0.046774186193943024
            ],
            [
              0.400146484375,
              0.90966796875,
              0.10980224609375,
              -0.17452043294906616
            ],
            [
              -0.6787109375,
              0.2139892578125,
              0.70263671875,
              -0.17522214353084564
            ]
          ]
        ]
      },
      {
        "psnr": 32.111507415771484,
        "distortion": 0.004269331227988005,
        "rotation_rmse": 0.11571013182401657,
        "translation_rmse_100": 0.2626776397228241,
        "t_final": [
          [
            [
              0.61572265625,
              -0.355712890625,
              0.703125,
              0.04725140705704689
            ],
            [
              0.40087890625,
              0.90966796875,
              0.109130859375,
              -0.17458409070968628
            ],
            [
              -0.6787109375,
              0.2147216796875,
              0.70263671875,
              -0.17511025071144104
            ]
          ]
        ]
      },
      {
        "psnr": 17.139890670776367,
        "distortion": 0.05268336832523346,
        "rotation_rmse": 25.841358184814453,
        "translation_rmse_100": 28.92296600341797,
        "t_final": [
          [
            [
              0.79541015625,
              0.3369140625,
              0.50390625,
              0.41134053468704224
            ],
            [
              0.191162109375,
              0.6494140625,
              -0.73583984375,
              -0.31324851512908936
            ],
            [
              -0.5751953125,
              0.681640625,
              0.451904296875,
              0.14415468275547028
            ]
          ]
        ]
      }
    ]
  },
  "table_30_70_even_odd": {
    "best": {
      "psnr": 14.446858406066895,
      "distortion": 0.03345730900764465,
      "rotation_rmse": 0.9284673929214478,
      "translation_rmse_100": 2.34991455078125,
      "t_final": [
        [
          [
            0.61376953125,
            -0.346435546875,
            0.70947265625,
            0.0705987736582756
          ],
          [
            0.40625,
            0.9091796875,
            0.0924072265625,
            -0.20569390058517456
          ],
          [
            -0.67724609375,
            0.231689453125,
            0.6982421875,
            -0.18026889860630035
          ]
        ]
      ]
    },
    "stats_list": [
      {
        "psnr": 9.87686538696289,
        "distortion": 0.07318805903196335,
        "rotation_rmse": 29.615339279174805,
        "translation_rmse_100": 16.753698348999023,
        "t_final": [
          [
            [
              0.869140625,
              -0.371826171875,
              0.32568359375,
              0.17929241061210632
            ],
            [
              0.493896484375,
              0.62744140625,
              -0.60205078125,
              0.07695363461971283
            ],
            [
              0.0193939208984375,
              0.68408203125,
              0.72900390625,
              -0.09891214221715927
            ]
          ]
        ]
      },
      {
        "psnr": 11.730874061584473,
        "distortion": 0.2925153970718384,
        "rotation_rmse": 29.739259719848633,
        "translation_rmse_100": 48.922760009765625,
        "t_final": [
          [
            [
              0.338623046875,
              -0.460205078125,
              0.82080078125,
              0.711103081703186
            ],
            [
              0.833984375,
              0.55078125,
              -0.035186767578125,
              -0.02063414454460144
            ],
            [
              -0.435546875,
              0.6962890625,
              0.5703125,
              0.33512401580810547
            ]
          ]
        ]
      },
      {
        "psnr": 10.616738319396973,
        "distortion": 0.01373024471104145,
        "rotation_rmse": 14.72844409942627,
        "translation_rmse_100": 31.292491912841797,
        "t_final": [
          [
            [
              0.64501953125,
              0.191162109375,
              0.73974609375,
              -0.06859992444515228
            ],
            [
              0.167724609375,
              0.9091796875,
              -0.381103515625,
              0.2829744219779968
            ],
            [
              -0.74560546875,
              0.369873046875,
              0.5546875,
              -0.4419388175010681
            ]
          ]
        ]
      },
      {
        "psnr": 10.894396781921387,
        "distortion": 0.013539278879761696,
        "rotation_rmse": 16.84415626525879,
        "translation_rmse_100": 36.96125793457031,
        "t_final": [
          [
            [
              0.59423828125,
              0.01206207275390625,
              0.80419921875,
              -0.24916306138038635
            ],
            [
              0.411865234375,
              0.85400390625,
              -0.317138671875,
              0.31377163529396057
            ],
            [
              -0.69091796875,
              0.51953125,
              0.50244140625,
              -0.46316879987716675
            ]
          ]
        ]
      },
      {
        "psnr": 11.809395790100098,
        "distortion": 0.009866335429251194,
        "rotation_rmse": 20.901704788208008,
        "translation_rmse_100": 30.483028411865234,
        "t_final": [
          [
            [
              0.4228515625,
              -0.295166015625,
              0.85693359375,
              -0.24174515902996063
            ],
            [
              0.6025390625,
              0.7978515625,
              -0.0224761962890625,
              0.1720120757818222
            ],
            [
              -0.67724609375,
              0.52587890625,
              0.51513671875,
              -0.44714322686195374
            ]
          ]
        ]
      },
      {
        "psnr": 11.021958351135254,
        "distortion": 0.014366623014211655,
        "rotation_rmse": 13.578458786010742,
        "translation_rmse_100": 39.32343292236328,
        "t_final": [
          [
            [
              0.75732421875,
              -0.32568359375,
              0.56591796875,
              -0.08316782116889954
            ],
            [
              0.51904296875,
              0.82666015625,
              -0.21875,
              0.35898494720458984
            ],
            [
              -0.396484375,
              0.45947265625,
              0.794921875,
              -0.5774766206741333
            ]
          ]
        ]
      },
      {
        "psnr": 11.723759651184082,
        "distortion": 0.009748014621436596,
        "rotation_rmse": 12.820792198181152,
        "translation_rmse_100": 29.23857307434082,
        "t_final": [
          [
            [
              0.52685546875,
              -0.365966796875,
              0.76708984375,
              -0.14010541141033173
            ],
            [
              0.56396484375,
              0.82568359375,
              0.00696563720703125,
              0.20145779848098755
            ],
            [
              -0.63623046875,
              0.428955078125,
              0.6416015625,
              -0.4568166732788086
            ]
          ]
        ]
      },
      {
        "psnr": 10.675585746765137,
        "distortion": 0.013367685489356518,
        "rotation_rmse": 16.74298095703125,
        "translation_rmse_100": 25.26719856262207,
        "t_final": [
          [
            [
              0.73779296875,
              0.21826171875,
              0.638671875,
              -0.013221226632595062
            ],
            [
              0.157470703125,
              0.8642578125,
              -0.4775390625,
              0.16208167374134064
            ],
            [
              -0.65625,
              0.452880859375,
              0.603515625,
              -0.44770631194114685
            ]
          ]
        ]
      },
      {
        "psnr": 14.446858406066895,
        "distortion": 0.03345730900764465,
        "rotation_rmse": 0.9284673929214478,
        "translation_rmse_100": 2.34991455078125,
        "t_final": [
          [
            [
              0.61376953125,
              -0.346435546875,
              0.70947265625,
              0.0705987736582756
            ],
            [
              0.40625,
              0.9091796875,
              0.0924072265625,
              -0.20569390058517456
            ],
            [
              -0.67724609375,
              0.231689453125,
              0.6982421875,
              -0.18026889860630035
            ]
          ]
        ]
      },
      {
        "psnr": 10.910300254821777,
        "distortion": 0.07593028992414474,
        "rotation_rmse": 10.661450386047363,
        "translation_rmse_100": 5.23740291595459,
        "t_final": [
          [
            [
              0.603515625,
              -0.1322021484375,
              0.7861328125,
              -0.022279012948274612
            ],
            [
              0.41015625,
              0.8974609375,
              -0.1639404296875,
              -0.13549019396305084
            ],
            [
              -0.68359375,
              0.421630859375,
              0.595703125,
              -0.21406325697898865
            ]
          ]
        ]
      }
    ]
  }
}