{
  "01_Portugal_Fire_Hydrant0063": {
    "best": {
      "psnr": 26.298246383666992,
      "distortion": 0.0013422376941889524,
      "rotation_rmse": 0.02562345176980362,
      "translation_rmse_100": 0.023087114095687866,
      "t_final": [
        [
          [
            0.01035308837890625,
            -0.90185546875,
            -0.432373046875,
            -0.11747817695140839
          ],
          [
            -0.01381683349609375,
            0.43212890625,
            -0.9013671875,
            -0.12714675068855286
          ],
          [
            1.0,
            0.01531219482421875,
            -0.00798797607421875,
            0.22293153405189514
          ]
        ]
      ],
      "t0_rotation_rmse": 2.060557119890205,
      "t0_translation_rmse_100": 0.16993656754493713
    },
    "stats_list": [
      {
        "psnr": 26.298246383666992,
        "distortion": 0.0013422376941889524,
        "rotation_rmse": 0.02562345176980362,
        "translation_rmse_100": 0.023087114095687866,
        "t_final": [
          [
            [
              0.01035308837890625,
              -0.90185546875,
              -0.432373046875,
              -0.11747817695140839
            ],
            [
              -0.01381683349609375,
              0.43212890625,
              -0.9013671875,
              -0.12714675068855286
            ],
            [
              1.0,
              0.01531219482421875,
              -0.00798797607421875,
              0.22293153405189514
            ]
          ]
        ],
        "t0_rotation_rmse": 2.060557119890205,
        "t0_translation_rmse_100": 0.16993656754493713
      }
    ]
  },
  "1983_Chevrolet_C101431": {
    "best": {
      "psnr": 19.318668365478516,
      "distortion": 0.005970108322799206,
      "rotation_rmse": 0.02562345176980362,
      "translation_rmse_100": 0.3560855984687805,
      "t_final": [
        [
          [
            0.1624755859375,
            -0.061981201171875,
            0.984375,
            -0.22358570992946625
          ],
          [
            -0.95947265625,
            -0.2432861328125,
            0.142822265625,
            0.3095734715461731
          ],
          [
            0.23095703125,
            -0.96826171875,
            -0.0989990234375,
            -0.19588777422904968
          ]
        ]
      ],
      "t0_rotation_rmse": 6.61936300314613,
      "t0_translation_rmse_100": 4.274542808532715
    },
    "stats_list": [
      {
        "psnr": 19.318668365478516,
        "distortion": 0.005970108322799206,
        "rotation_rmse": 0.02562345176980362,
        "translation_rmse_100": 0.3560855984687805,
        "t_final": [
          [
            [
              0.1624755859375,
              -0.061981201171875,
              0.984375,
              -0.22358570992946625
            ],
            [
              -0.95947265625,
              -0.2432861328125,
              0.142822265625,
              0.3095734715461731
            ],
            [
              0.23095703125,
              -0.96826171875,
              -0.0989990234375,
              -0.19588777422904968
            ]
          ]
        ],
        "t0_rotation_rmse": 6.61936300314613,
        "t0_translation_rmse_100": 4.274542808532715
      }
    ]
  },
  "26851W_Odeon_Lightab66": {
    "best": {
      "psnr": 16.602893829345703,
      "distortion": 0.001272136578336358,
      "rotation_rmse": 1.1932903065003315,
      "translation_rmse_100": 1.4474432468414307,
      "t_final": [
        [
          [
            -0.8310546875,
            -0.1861572265625,
            -0.52392578125,
            0.051414210349321365
          ],
          [
            -0.437744140625,
            -0.36328125,
            0.82275390625,
            0.3211134076118469
          ],
          [
            -0.343505859375,
            0.9130859375,
            0.2203369140625,
            -0.29657599329948425
          ]
        ]
      ],
      "t0_rotation_rmse": 1.9751220758219012,
      "t0_translation_rmse_100": 3.0709784030914307
    },
    "stats_list": [
      {
        "psnr": 16.602893829345703,
        "distortion": 0.001272136578336358,
        "rotation_rmse": 1.1932903065003315,
        "translation_rmse_100": 1.4474432468414307,
        "t_final": [
          [
            [
              -0.8310546875,
              -0.1861572265625,
              -0.52392578125,
              0.051414210349321365
            ],
            [
              -0.437744140625,
              -0.36328125,
              0.82275390625,
              0.3211134076118469
            ],
            [
              -0.343505859375,
              0.9130859375,
              0.2203369140625,
              -0.29657599329948425
            ]
          ]
        ],
        "t0_rotation_rmse": 1.9751220758219012,
        "t0_translation_rmse_100": 3.0709784030914307
      }
    ]
  },
  "4b05": {
    "best": {
      "psnr": 16.701602935791016,
      "distortion": 0.0015793890925124288,
      "rotation_rmse": 0.02562345176980362,
      "translation_rmse_100": 2.434718370437622,
      "t_final": [
        [
          [
            -0.28369140625,
            -0.49853515625,
            0.8193359375,
            -0.05111965537071228
          ],
          [
            0.70166015625,
            -0.6904296875,
            -0.17724609375,
            0.07817509770393372
          ],
          [
            0.654296875,
            0.5244140625,
            0.54541015625,
            0.07996965199708939
          ]
        ]
      ],
      "t0_rotation_rmse": 3.114004385004251,
      "t0_translation_rmse_100": 0.42055827379226685
    },
    "stats_list": [
      {
        "psnr": 16.701602935791016,
        "distortion": 0.0015793890925124288,
        "rotation_rmse": 0.02562345176980362,
        "translation_rmse_100": 2.434718370437622,
        "t_final": [
          [
            [
              -0.28369140625,
              -0.49853515625,
              0.8193359375,
              -0.05111965537071228
            ],
            [
              0.70166015625,
              -0.6904296875,
              -0.17724609375,
              0.07817509770393372
            ],
            [
              0.654296875,
              0.5244140625,
              0.54541015625,
              0.07996965199708939
            ]
          ]
        ],
        "t0_rotation_rmse": 3.114004385004251,
        "t0_translation_rmse_100": 0.42055827379226685
      }
    ]
  },
  "Acoustic_Guitar0aa0": {
    "best": {
      "psnr": 21.857402801513672,
      "distortion": 0.0005845043924637139,
      "rotation_rmse": 1.5361083946898944,
      "translation_rmse_100": 0.16073212027549744,
      "t_final": [
        [
          [
            0.69140625,
            -0.18115234375,
            -0.69921875,
            0.08977103233337402
          ],
          [
            0.1080322265625,
            0.98291015625,
            -0.1478271484375,
            -0.008846856653690338
          ],
          [
            0.7138671875,
            0.0267486572265625,
            0.69921875,
            0.18684332072734833
          ]
        ]
      ],
      "t0_rotation_rmse": 2.4436038523526356,
      "t0_translation_rmse_100": 1.1599160432815552
    },
    "stats_list": [
      {
        "psnr": 21.857402801513672,
        "distortion": 0.0005845043924637139,
        "rotation_rmse": 1.5361083946898944,
        "translation_rmse_100": 0.16073212027549744,
        "t_final": [
          [
            [
              0.69140625,
              -0.18115234375,
              -0.69921875,
              0.08977103233337402
            ],
            [
              0.1080322265625,
              0.98291015625,
              -0.1478271484375,
              -0.008846856653690338
            ],
            [
              0.7138671875,
              0.0267486572265625,
              0.69921875,
              0.18684332072734833
            ]
          ]
        ],
        "t0_rotation_rmse": 2.4436038523526356,
        "t0_translation_rmse_100": 1.1599160432815552
      }
    ]
  },
  "Acoustic_Guitar0ceb": {
    "best": {
      "psnr": 18.159561157226562,
      "distortion": 0.000780231028329581,
      "rotation_rmse": 1.1600483582952403,
      "translation_rmse_100": 0.7376151084899902,
      "t_final": [
        [
          [
            0.91796875,
            -0.3916015625,
            0.060791015625,
            0.029686225578188896
          ],
          [
            -0.1903076171875,
            -0.57080078125,
            -0.798828125,
            -0.11843579262495041
          ],
          [
            0.34765625,
            0.7216796875,
            -0.59814453125,
            -0.16640225052833557
          ]
        ]
      ],
      "t0_rotation_rmse": 2.059137493766892,
      "t0_translation_rmse_100": 1.4673666954040527
    },
    "stats_list": [
      {
        "psnr": 18.159561157226562,
        "distortion": 0.000780231028329581,
        "rotation_rmse": 1.1600483582952403,
        "translation_rmse_100": 0.7376151084899902,
        "t_final": [
          [
            [
              0.91796875,
              -0.3916015625,
              0.060791015625,
              0.029686225578188896
            ],
            [
              -0.1903076171875,
              -0.57080078125,
              -0.798828125,
              -0.11843579262495041
            ],
            [
              0.34765625,
              0.7216796875,
              -0.59814453125,
              -0.16640225052833557
            ]
          ]
        ],
        "t0_rotation_rmse": 2.059137493766892,
        "t0_translation_rmse_100": 1.4673666954040527
      }
    ]
  },
  "Antique_World_War_II_German_Telephone0354": {
    "best": {
      "psnr": 19.748979568481445,
      "distortion": 0.00168352120090276,
      "rotation_rmse": 0.02562345176980362,
      "translation_rmse_100": 0.6531432271003723,
      "t_final": [
        [
          [
            0.80322265625,
            0.509765625,
            -0.307861328125,
            0.17299653589725494
          ],
          [
            -0.2313232421875,
            0.7431640625,
            0.6279296875,
            -0.2409316599369049
          ],
          [
            0.548828125,
            -0.432861328125,
            0.71533203125,
            0.41033637523651123
          ]
        ]
      ],
      "t0_rotation_rmse": 3.32343050517528,
      "t0_translation_rmse_100": 1.029653787612915
    },
    "stats_list": [
      {
        "psnr": 19.748979568481445,
        "distortion": 0.00168352120090276,
        "rotation_rmse": 0.02562345176980362,
        "translation_rmse_100": 0.6531432271003723,
        "t_final": [
          [
            [
              0.80322265625,
              0.509765625,
              -0.307861328125,
              0.17299653589725494
            ],
            [
              -0.2313232421875,
              0.7431640625,
              0.6279296875,
              -0.2409316599369049
            ],
            [
              0.548828125,
              -0.432861328125,
              0.71533203125,
              0.41033637523651123
            ]
          ]
        ],
        "t0_rotation_rmse": 3.32343050517528,
        "t0_translation_rmse_100": 1.029653787612915
      }
    ]
  },
  "Arnt_Shoes_-_Koston_11627": {
    "best": {
      "psnr": 18.63225746154785,
      "distortion": 0.0009141594637185335,
      "rotation_rmse": 1.0041561110863093,
      "translation_rmse_100": 0.12815892696380615,
      "t_final": [
        [
          [
            0.396240234375,
            0.36328125,
            0.84326171875,
            0.2445434331893921
          ],
          [
            0.82080078125,
            -0.55126953125,
            -0.1484375,
            -0.2547362148761749
          ],
          [
            0.410888671875,
            0.7509765625,
            -0.5166015625,
            -0.1606595665216446
          ]
        ]
      ],
      "t0_rotation_rmse": 14.384358690301912,
      "t0_translation_rmse_100": 7.403579235076904
    },
    "stats_list": [
      {
        "psnr": 18.63225746154785,
        "distortion": 0.0009141594637185335,
        "rotation_rmse": 1.0041561110863093,
        "translation_rmse_100": 0.12815892696380615,
        "t_final": [
          [
            [
              0.396240234375,
              0.36328125,
              0.84326171875,
              0.2445434331893921
            ],
            [
              0.82080078125,
              -0.55126953125,
              -0.1484375,
              -0.2547362148761749
            ],
            [
              0.410888671875,
              0.7509765625,
              -0.5166015625,
              -0.1606595665216446
            ]
          ]
        ],
        "t0_rotation_rmse": 14.384358690301912,
        "t0_translation_rmse_100": 7.403579235076904
      }
    ]
  },
  "Banana_3D_Scan2373": {
    "best": {
      "psnr": 21.088333129882812,
      "distortion": 0.0005824410472996533,
      "rotation_rmse": 1.2844998309329878,
      "translation_rmse_100": 0.14880895614624023,
      "t_final": [
        [
          [
            -0.70068359375,
            0.6142578125,
            -0.36279296875,
            -0.09264980256557465
          ],
          [
            0.712890625,
            0.60986328125,
            -0.344970703125,
            0.49802538752555847
          ],
          [
            0.00951385498046875,
            -0.50048828125,
            -0.86572265625,
            0.14597710967063904
          ]
        ]
      ],
      "t0_rotation_rmse": 1.6901980815169422,
      "t0_translation_rmse_100": 0.1337885856628418
    },
    "stats_list": [
      {
        "psnr": 21.088333129882812,
        "distortion": 0.0005824410472996533,
        "rotation_rmse": 1.2844998309329878,
        "translation_rmse_100": 0.14880895614624023,
        "t_final": [
          [
            [
              -0.70068359375,
              0.6142578125,
              -0.36279296875,
              -0.09264980256557465
            ],
            [
              0.712890625,
              0.60986328125,
              -0.344970703125,
              0.49802538752555847
            ],
            [
              0.00951385498046875,
              -0.50048828125,
              -0.86572265625,
              0.14597710967063904
            ]
          ]
        ],
        "t0_rotation_rmse": 1.6901980815169422,
        "t0_translation_rmse_100": 0.1337885856628418
      }
    ]
  },
  "Banana_for_scale0a07": {
    "best": {
      "psnr": 22.6467227935791,
      "distortion": 0.00030899205012246966,
      "rotation_rmse": 0.02562345176980362,
      "translation_rmse_100": 0.43763816356658936,
      "t_final": [
        [
          [
            0.80078125,
            -0.578125,
            0.1546630859375,
            0.1558450609445572
          ],
          [
            -0.5947265625,
            -0.79833984375,
            0.09759521484375,
            -0.02086894027888775
          ],
          [
            0.06695556640625,
            -0.170166015625,
            -0.9833984375,
            0.08685464411973953
          ]
        ]
      ],
      "t0_rotation_rmse": 1.7390884241136235,
      "t0_translation_rmse_100": 3.014847755432129
    },
    "stats_list": [
      {
        "psnr": 22.6467227935791,
        "distortion": 0.00030899205012246966,
        "rotation_rmse": 0.02562345176980362,
        "translation_rmse_100": 0.43763816356658936,
        "t_final": [
          [
            [
              0.80078125,
              -0.578125,
              0.1546630859375,
              0.1558450609445572
            ],
            [
              -0.5947265625,
              -0.79833984375,
              0.09759521484375,
              -0.02086894027888775
            ],
            [
              0.06695556640625,
              -0.170166015625,
              -0.9833984375,
              0.08685464411973953
            ]
          ]
        ],
        "t0_rotation_rmse": 1.7390884241136235,
        "t0_translation_rmse_100": 3.014847755432129
      }
    ]
  },
  "Elephant1608": {
    "best": {
      "psnr": 14.855981826782227,
      "distortion": 0.001278549199923873,
      "rotation_rmse": 3.2521493476552363,
      "translation_rmse_100": 2.5667428970336914,
      "t_final": [
        [
          [
            -0.0364990234375,
            0.55517578125,
            0.83056640625,
            -0.3975485563278198
          ],
          [
            0.460205078125,
            0.7470703125,
            -0.4794921875,
            -0.27463191747665405
          ],
          [
            -0.88671875,
            0.364990234375,
            -0.282958984375,
            -0.35225987434387207
          ]
        ]
      ],
      "t0_rotation_rmse": 8.300297412178725,
      "t0_translation_rmse_100": 3.8805246353149414
    },
    "stats_list": [
      {
        "psnr": 14.855981826782227,
        "distortion": 0.001278549199923873,
        "rotation_rmse": 3.2521493476552363,
        "translation_rmse_100": 2.5667428970336914,
        "t_final": [
          [
            [
              -0.0364990234375,
              0.55517578125,
              0.83056640625,
              -0.3975485563278198
            ],
            [
              0.460205078125,
              0.7470703125,
              -0.4794921875,
              -0.27463191747665405
            ],
            [
              -0.88671875,
              0.364990234375,
              -0.282958984375,
              -0.35225987434387207
            ]
          ]
        ],
        "t0_rotation_rmse": 8.300297412178725,
        "t0_translation_rmse_100": 3.8805246353149414
      }
    ]
  },
  "F1110000": {
    "best": {
      "psnr": 16.053672790527344,
      "distortion": 0.0015883548185229301,
      "rotation_rmse": 2.117434863627446,
      "translation_rmse_100": 0.3384985029697418,
      "t_final": [
        [
          [
            -0.331787109375,
            -0.034637451171875,
            0.9423828125,
            -0.11606964468955994
          ],
          [
            -0.93505859375,
            0.1422119140625,
            -0.323974609375,
            0.21350950002670288
          ],
          [
            -0.12286376953125,
            -0.98876953125,
            -0.07958984375,
            0.07762840390205383
          ]
        ]
      ],
      "t0_rotation_rmse": 1.3088347401200469,
      "t0_translation_rmse_100": 4.104367733001709
    },
    "stats_list": [
      {
        "psnr": 16.053672790527344,
        "distortion": 0.0015883548185229301,
        "rotation_rmse": 2.117434863627446,
        "translation_rmse_100": 0.3384985029697418,
        "t_final": [
          [
            [
              -0.331787109375,
              -0.034637451171875,
              0.9423828125,
              -0.11606964468955994
            ],
            [
              -0.93505859375,
              0.1422119140625,
              -0.323974609375,
              0.21350950002670288
            ],
            [
              -0.12286376953125,
              -0.98876953125,
              -0.07958984375,
              0.07762840390205383
            ]
          ]
        ],
        "t0_rotation_rmse": 1.3088347401200469,
        "t0_translation_rmse_100": 4.104367733001709
      }
    ]
  },
  "F_15_C_Jungle_Camo16c6": {
    "best": {
      "psnr": 22.97582244873047,
      "distortion": 0.0007451380952261388,
      "rotation_rmse": 0.2644325530644533,
      "translation_rmse_100": 0.14963150024414062,
      "t_final": [
        [
          [
            0.111328125,
            -0.52734375,
            0.84228515625,
            -0.0636911690235138
          ],
          [
            -0.6904296875,
            0.56884765625,
            0.447021484375,
            -0.025545857846736908
          ],
          [
            -0.71484375,
            -0.63134765625,
            -0.300537109375,
            0.10079587250947952
          ]
        ]
      ],
      "t0_rotation_rmse": 1.4975353238242481,
      "t0_translation_rmse_100": 1.1750224828720093
    },
    "stats_list": [
      {
        "psnr": 22.97582244873047,
        "distortion": 0.0007451380952261388,
        "rotation_rmse": 0.2644325530644533,
        "translation_rmse_100": 0.14963150024414062,
        "t_final": [
          [
            [
              0.111328125,
              -0.52734375,
              0.84228515625,
              -0.0636911690235138
            ],
            [
              -0.6904296875,
              0.56884765625,
              0.447021484375,
              -0.025545857846736908
            ],
            [
              -0.71484375,
              -0.63134765625,
              -0.300537109375,
              0.10079587250947952
            ]
          ]
        ],
        "t0_rotation_rmse": 1.4975353238242481,
        "t0_translation_rmse_100": 1.1750224828720093
      }
    ]
  },
  "Figura_San_Juan260d": {
    "best": {
      "psnr": 18.693876266479492,
      "distortion": 0.0006622843211516738,
      "rotation_rmse": 0.8364443562284124,
      "translation_rmse_100": 0.2559199929237366,
      "t_final": [
        [
          [
            0.693359375,
            0.513671875,
            -0.50537109375,
            -0.15525853633880615
          ],
          [
            0.72021484375,
            -0.49462890625,
            0.486328125,
            0.002951810136437416
          ],
          [
            3.2842159271240234e-05,
            -0.701171875,
            -0.712890625,
            0.021172890439629555
          ]
        ]
      ],
      "t0_rotation_rmse": 4.311961887039795,
      "t0_translation_rmse_100": 2.820922374725342
    },
    "stats_list": [
      {
        "psnr": 18.693876266479492,
        "distortion": 0.0006622843211516738,
        "rotation_rmse": 0.8364443562284124,
        "translation_rmse_100": 0.2559199929237366,
        "t_final": [
          [
            [
              0.693359375,
              0.513671875,
              -0.50537109375,
              -0.15525853633880615
            ],
            [
              0.72021484375,
              -0.49462890625,
              0.486328125,
              0.002951810136437416
            ],
            [
              3.2842159271240234e-05,
              -0.701171875,
              -0.712890625,
              0.021172890439629555
            ]
          ]
        ],
        "t0_rotation_rmse": 4.311961887039795,
        "t0_translation_rmse_100": 2.820922374725342
      }
    ]
  },
  "FireHydrant_Fortnite_Style_0152": {
    "best": {
      "psnr": 16.814428329467773,
      "distortion": 0.0011455733329057693,
      "rotation_rmse": 1.1145146009450941,
      "translation_rmse_100": 2.59999418258667,
      "t_final": [
        [
          [
            0.9130859375,
            -0.39892578125,
            0.08258056640625,
            -0.08218855410814285
          ],
          [
            0.404052734375,
            0.86083984375,
            -0.31005859375,
            0.301153302192688
          ],
          [
            0.052520751953125,
            0.31640625,
            0.947265625,
            -0.05043555423617363
          ]
        ]
      ],
      "t0_rotation_rmse": 1.5280274545114743,
      "t0_translation_rmse_100": 2.980128765106201
    },
    "stats_list": [
      {
        "psnr": 16.814428329467773,
        "distortion": 0.0011455733329057693,
        "rotation_rmse": 1.1145146009450941,
        "translation_rmse_100": 2.59999418258667,
        "t_final": [
          [
            [
              0.9130859375,
              -0.39892578125,
              0.08258056640625,
              -0.08218855410814285
            ],
            [
              0.404052734375,
              0.86083984375,
              -0.31005859375,
              0.301153302192688
            ],
            [
              0.052520751953125,
              0.31640625,
              0.947265625,
              -0.05043555423617363
            ]
          ]
        ],
        "t0_rotation_rmse": 1.5280274545114743,
        "t0_translation_rmse_100": 2.980128765106201
      }
    ]
  },
  "Fire_Hydrant_Low_Poly_06d5": {
    "best": {
      "psnr": 21.525279998779297,
      "distortion": 0.0007940618088468909,
      "rotation_rmse": 0.36030175924455754,
      "translation_rmse_100": 0.0057950615882873535,
      "t_final": [
        [
          [
            -0.168701171875,
            0.9794921875,
            0.11102294921875,
            0.2040286362171173
          ],
          [
            -0.70654296875,
            -0.041534423828125,
            -0.70654296875,
            0.13300050795078278
          ],
          [
            -0.6875,
            -0.1976318359375,
            0.69873046875,
            -0.044513240456581116
          ]
        ]
      ],
      "t0_rotation_rmse": 5.654339700398323,
      "t0_translation_rmse_100": 0.47462135553359985
    },
    "stats_list": [
      {
        "psnr": 21.525279998779297,
        "distortion": 0.0007940618088468909,
        "rotation_rmse": 0.36030175924455754,
        "translation_rmse_100": 0.0057950615882873535,
        "t_final": [
          [
            [
              -0.168701171875,
              0.9794921875,
              0.11102294921875,
              0.2040286362171173
            ],
            [
              -0.70654296875,
              -0.041534423828125,
              -0.70654296875,
              0.13300050795078278
            ],
            [
              -0.6875,
              -0.1976318359375,
              0.69873046875,
              -0.044513240456581116
            ]
          ]
        ],
        "t0_rotation_rmse": 5.654339700398323,
        "t0_translation_rmse_100": 0.47462135553359985
      }
    ]
  },
  "Haunted_Mansion_-_Piano0e0d": {
    "best": {
      "psnr": 12.07738971710205,
      "distortion": 0.005957598332315683,
      "rotation_rmse": 6.893429636572953,
      "translation_rmse_100": 13.842794418334961,
      "t_final": [
        [
          [
            0.9716796875,
            0.2099609375,
            -0.114013671875,
            -0.1683976650238037
          ],
          [
            -0.1112060546875,
            0.81982421875,
            0.5615234375,
            0.38536542654037476
          ],
          [
            0.21142578125,
            -0.53271484375,
            0.8193359375,
            -0.1405961811542511
          ]
        ]
      ],
      "t0_rotation_rmse": 5.802040730093701,
      "t0_translation_rmse_100": 3.741476058959961
    },
    "stats_list": [
      {
        "psnr": 12.07738971710205,
        "distortion": 0.005957598332315683,
        "rotation_rmse": 6.893429636572953,
        "translation_rmse_100": 13.842794418334961,
        "t_final": [
          [
            [
              0.9716796875,
              0.2099609375,
              -0.114013671875,
              -0.1683976650238037
            ],
            [
              -0.1112060546875,
              0.81982421875,
              0.5615234375,
              0.38536542654037476
            ],
            [
              0.21142578125,
              -0.53271484375,
              0.8193359375,
              -0.1405961811542511
            ]
          ]
        ],
        "t0_rotation_rmse": 5.802040730093701,
        "t0_translation_rmse_100": 3.741476058959961
      }
    ]
  },
  "Hl_Maximilian09f0": {
    "best": {
      "psnr": 22.714096069335938,
      "distortion": 0.0009690407896414399,
      "rotation_rmse": 0.9231637324630967,
      "translation_rmse_100": 0.15799403190612793,
      "t_final": [
        [
          [
            0.28076171875,
            0.59228515625,
            -0.7548828125,
            -0.06932872533798218
          ],
          [
            0.2254638671875,
            -0.80517578125,
            -0.54833984375,
            -0.14535215497016907
          ],
          [
            -0.93310546875,
            -0.01629638671875,
            -0.359619140625,
            -0.020089399069547653
          ]
        ]
      ],
      "t0_rotation_rmse": 9.803346124245627,
      "t0_translation_rmse_100": 3.159266710281372
    },
    "stats_list": [
      {
        "psnr": 22.714096069335938,
        "distortion": 0.0009690407896414399,
        "rotation_rmse": 0.9231637324630967,
        "translation_rmse_100": 0.15799403190612793,
        "t_final": [
          [
            [
              0.28076171875,
              0.59228515625,
              -0.7548828125,
              -0.06932872533798218
            ],
            [
              0.2254638671875,
              -0.80517578125,
              -0.54833984375,
              -0.14535215497016907
            ],
            [
              -0.93310546875,
              -0.01629638671875,
              -0.359619140625,
              -0.020089399069547653
            ]
          ]
        ],
        "t0_rotation_rmse": 9.803346124245627,
        "t0_translation_rmse_100": 3.159266710281372
      }
    ]
  },
  "Hunter_Boy_With_Rabbit_Figurine0a5b": {
    "best": {
      "psnr": 19.38292694091797,
      "distortion": 0.0011110390769317746,
      "rotation_rmse": 0.6003906052018176,
      "translation_rmse_100": 0.004780292510986328,
      "t_final": [
        [
          [
            0.837890625,
            -0.4775390625,
            -0.264892578125,
            0.3007620573043823
          ],
          [
            0.060455322265625,
            -0.40087890625,
            0.9140625,
            -0.03086814656853676
          ],
          [
            -0.54248046875,
            -0.78173828125,
            -0.30712890625,
            0.027398156002163887
          ]
        ]
      ],
      "t0_rotation_rmse": 4.270791589164713,
      "t0_translation_rmse_100": 0.5544781684875488
    },
    "stats_list": [
      {
        "psnr": 19.38292694091797,
        "distortion": 0.0011110390769317746,
        "rotation_rmse": 0.6003906052018176,
        "translation_rmse_100": 0.004780292510986328,
        "t_final": [
          [
            [
              0.837890625,
              -0.4775390625,
              -0.264892578125,
              0.3007620573043823
            ],
            [
              0.060455322265625,
              -0.40087890625,
              0.9140625,
              -0.03086814656853676
            ],
            [
              -0.54248046875,
              -0.78173828125,
              -0.30712890625,
              0.027398156002163887
            ]
          ]
        ],
        "t0_rotation_rmse": 4.270791589164713,
        "t0_translation_rmse_100": 0.5544781684875488
      }
    ]
  },
  "Lantern0231": {
    "best": {
      "psnr": 18.850269317626953,
      "distortion": 0.0010058644693344831,
      "rotation_rmse": 0.8331608506121084,
      "translation_rmse_100": 0.3576308488845825,
      "t_final": [
        [
          [
            -0.223876953125,
            0.68212890625,
            -0.69580078125,
            0.31763407588005066
          ],
          [
            0.0372314453125,
            -0.70751953125,
            -0.7060546875,
            -0.10131921619176865
          ],
          [
            -0.9736328125,
            -0.18408203125,
            0.133056640625,
            -0.3172537386417389
          ]
        ]
      ],
      "t0_rotation_rmse": 2.687362058504004,
      "t0_translation_rmse_100": 2.428624153137207
    },
    "stats_list": [
      {
        "psnr": 18.850269317626953,
        "distortion": 0.0010058644693344831,
        "rotation_rmse": 0.8331608506121084,
        "translation_rmse_100": 0.3576308488845825,
        "t_final": [
          [
            [
              -0.223876953125,
              0.68212890625,
              -0.69580078125,
              0.31763407588005066
            ],
            [
              0.0372314453125,
              -0.70751953125,
              -0.7060546875,
              -0.10131921619176865
            ],
            [
              -0.9736328125,
              -0.18408203125,
              0.133056640625,
              -0.3172537386417389
            ]
          ]
        ],
        "t0_rotation_rmse": 2.687362058504004,
        "t0_translation_rmse_100": 2.428624153137207
      }
    ]
  },
  "MiG_23_Desert_Camo089f": {
    "best": {
      "psnr": 19.693632125854492,
      "distortion": 0.0010935264872387052,
      "rotation_rmse": 0.02562345176980362,
      "translation_rmse_100": 0.19385218620300293,
      "t_final": [
        [
          [
            -0.8447265625,
            -0.32861328125,
            -0.423095703125,
            -0.24989581108093262
          ],
          [
            0.50634765625,
            -0.2314453125,
            -0.8310546875,
            0.09546118974685669
          ],
          [
            0.175048828125,
            -0.91552734375,
            0.36181640625,
            -0.4537990689277649
          ]
        ]
      ],
      "t0_rotation_rmse": 3.5460733262634188,
      "t0_translation_rmse_100": 3.974980115890503
    },
    "stats_list": [
      {
        "psnr": 19.693632125854492,
        "distortion": 0.0010935264872387052,
        "rotation_rmse": 0.02562345176980362,
        "translation_rmse_100": 0.19385218620300293,
        "t_final": [
          [
            [
              -0.8447265625,
              -0.32861328125,
              -0.423095703125,
              -0.24989581108093262
            ],
            [
              0.50634765625,
              -0.2314453125,
              -0.8310546875,
              0.09546118974685669
            ],
            [
              0.175048828125,
              -0.91552734375,
              0.36181640625,
              -0.4537990689277649
            ]
          ]
        ],
        "t0_rotation_rmse": 3.5460733262634188,
        "t0_translation_rmse_100": 3.974980115890503
      }
    ]
  },
  "Ornate_Medieval_Shield22a7": {
    "best": {
      "psnr": 9.503664016723633,
      "distortion": 0.0018020754214376211,
      "rotation_rmse": 3.6799983705883177,
      "translation_rmse_100": 8.032586097717285,
      "t_final": [
        [
          [
            0.943359375,
            0.27978515625,
            -0.178955078125,
            -0.04021447151899338
          ],
          [
            0.2464599609375,
            -0.2286376953125,
            0.94189453125,
            0.30840444564819336
          ],
          [
            0.2225341796875,
            -0.9326171875,
            -0.284423828125,
            0.36529791355133057
          ]
        ]
      ],
      "t0_rotation_rmse": 1.2941129580863677,
      "t0_translation_rmse_100": 3.067375659942627
    },
    "stats_list": [
      {
        "psnr": 9.503664016723633,
        "distortion": 0.0018020754214376211,
        "rotation_rmse": 3.6799983705883177,
        "translation_rmse_100": 8.032586097717285,
        "t_final": [
          [
            [
              0.943359375,
              0.27978515625,
              -0.178955078125,
              -0.04021447151899338
            ],
            [
              0.2464599609375,
              -0.2286376953125,
              0.94189453125,
              0.30840444564819336
            ],
            [
              0.2225341796875,
              -0.9326171875,
              -0.284423828125,
              0.36529791355133057
            ]
          ]
        ],
        "t0_rotation_rmse": 1.2941129580863677,
        "t0_translation_rmse_100": 3.067375659942627
      }
    ]
  },
  "PB170_Sneaker_Sm18c3": {
    "best": {
      "psnr": 24.3765811920166,
      "distortion": 0.001101117697544396,
      "rotation_rmse": 1.064171586524927,
      "translation_rmse_100": 0.24286359548568726,
      "t_final": [
        [
          [
            0.62451171875,
            -0.736328125,
            0.26025390625,
            0.14137235283851624
          ],
          [
            0.7294921875,
            0.6689453125,
            0.140869140625,
            0.01245088130235672
          ],
          [
            -0.278076171875,
            0.10198974609375,
            0.955078125,
            0.3315553665161133
          ]
        ]
      ],
      "t0_rotation_rmse": 2.0708390282250795,
      "t0_translation_rmse_100": 1.334630012512207
    },
    "stats_list": [
      {
        "psnr": 24.3765811920166,
        "distortion": 0.001101117697544396,
        "rotation_rmse": 1.064171586524927,
        "translation_rmse_100": 0.24286359548568726,
        "t_final": [
          [
            [
              0.62451171875,
              -0.736328125,
              0.26025390625,
              0.14137235283851624
            ],
            [
              0.7294921875,
              0.6689453125,
              0.140869140625,
              0.01245088130235672
            ],
            [
              -0.278076171875,
              0.10198974609375,
              0.955078125,
              0.3315553665161133
            ]
          ]
        ],
        "t0_rotation_rmse": 2.0708390282250795,
        "t0_translation_rmse_100": 1.334630012512207
      }
    ]
  },
  "PBR_Stylized_Tennis0bf9": {
    "best": {
      "psnr": 12.770665168762207,
      "distortion": 0.001601281575858593,
      "rotation_rmse": 5.375023932246786,
      "translation_rmse_100": 4.555131912231445,
      "t_final": [
        [
          [
            -0.2159423828125,
            -0.748046875,
            0.62744140625,
            0.008340403437614441
          ],
          [
            0.88037109375,
            -0.4267578125,
            -0.2054443359375,
            0.25453293323516846
          ],
          [
            0.42138671875,
            0.50830078125,
            0.7509765625,
            -0.003907311707735062
          ]
        ]
      ],
      "t0_rotation_rmse": 6.440095884007206,
      "t0_translation_rmse_100": 1.0784130096435547
    },
    "stats_list": [
      {
        "psnr": 12.770665168762207,
        "distortion": 0.001601281575858593,
        "rotation_rmse": 5.375023932246786,
        "translation_rmse_100": 4.555131912231445,
        "t_final": [
          [
            [
              -0.2159423828125,
              -0.748046875,
              0.62744140625,
              0.008340403437614441
            ],
            [
              0.88037109375,
              -0.4267578125,
              -0.2054443359375,
              0.25453293323516846
            ],
            [
              0.42138671875,
              0.50830078125,
              0.7509765625,
              -0.003907311707735062
            ]
          ]
        ],
        "t0_rotation_rmse": 6.440095884007206,
        "t0_translation_rmse_100": 1.0784130096435547
      }
    ]
  },
  "Park_Bench0b05": {
    "best": {
      "psnr": 19.508699417114258,
      "distortion": 0.002201467053964734,
      "rotation_rmse": 0.02562345176980362,
      "translation_rmse_100": 0.26799440383911133,
      "t_final": [
        [
          [
            -0.38427734375,
            0.50830078125,
            -0.7705078125,
            -0.1580183207988739
          ],
          [
            -0.78662109375,
            0.256103515625,
            0.5615234375,
            0.5302096605300903
          ],
          [
            0.48291015625,
            0.82275390625,
            0.301513671875,
            -0.16025389730930328
          ]
        ]
      ],
      "t0_rotation_rmse": 2.469530320885354,
      "t0_translation_rmse_100": 5.431567668914795
    },
    "stats_list": [
      {
        "psnr": 19.508699417114258,
        "distortion": 0.002201467053964734,
        "rotation_rmse": 0.02562345176980362,
        "translation_rmse_100": 0.26799440383911133,
        "t_final": [
          [
            [
              -0.38427734375,
