{
  "trex_0_100_even_odd_0_01": {
    "best": {
      "psnr": 29.581289291381836,
      "distortion": 0.012089300900697708,
      "rotation_rmse": 0.009850717149674892,
      "translation_rmse_100": 0.009419028647243977,
      "t_final": [
        [
          [
            0.79052734375,
            -0.07855224609375,
            0.60693359375,
            -0.247802734375
          ],
          [
            0.3564453125,
            0.865234375,
            -0.352294921875,
            -0.0682373046875
          ],
          [
            -0.497802734375,
            0.494873046875,
            0.71240234375,
            -0.1973876953125
          ]
        ]
      ]
    },
    "stats_list": [
      {
        "psnr": 28.912311553955078,
        "distortion": 0.015168358571827412,
        "rotation_rmse": 0.009684131480753422,
        "translation_rmse_100": 0.0191812627017498,
        "t_final": [
          [
            [
              0.79052734375,
              -0.0789794921875,
              0.607421875,
              -0.2479248046875
            ],
            [
              0.356689453125,
              0.865234375,
              -0.35205078125,
              -0.068115234375
            ],
            [
              -0.49755859375,
              0.494873046875,
              0.71240234375,
              -0.197509765625
            ]
          ]
        ]
      },
      {
        "psnr": 29.581289291381836,
        "distortion": 0.012089300900697708,
        "rotation_rmse": 0.009850717149674892,
        "translation_rmse_100": 0.009419028647243977,
        "t_final": [
          [
            [
              0.79052734375,
              -0.07855224609375,
              0.60693359375,
              -0.247802734375
            ],
            [
              0.3564453125,
              0.865234375,
              -0.352294921875,
              -0.0682373046875
            ],
            [
              -0.497802734375,
              0.494873046875,
              0.71240234375,
              -0.1973876953125
            ]
          ]
        ]
      },
      {
        "psnr": 11.691971778869629,
        "distortion": 0.21316608786582947,
        "rotation_rmse": 15.48630428314209,
        "translation_rmse_100": 73.30524444580078,
        "t_final": [
          [
            [
              0.97119140625,
              -0.0784912109375,
              0.2249755859375,
              1.005859375
            ],
            [
              0.205810546875,
              0.75244140625,
              -0.6259765625,
              0.0037479400634765625
            ],
            [
              -0.1201171875,
              0.654296875,
              0.74658203125,
              -0.385986328125
            ]
          ]
        ]
      },
      {
        "psnr": 11.359073638916016,
        "distortion": 0.16763192415237427,
        "rotation_rmse": 19.10102653503418,
        "translation_rmse_100": 59.30154800415039,
        "t_final": [
          [
            [
              0.951171875,
              -0.2030029296875,
              0.2330322265625,
              0.759765625
            ],
            [
              0.30908203125,
              0.63525390625,
              -0.7080078125,
              -0.23974609375
            ],
            [
              -0.00428009033203125,
              0.7451171875,
              0.6669921875,
              -0.0941162109375
            ]
          ]
        ]
      },
      {
        "psnr": 11.553388595581055,
        "distortion": 0.015179621055722237,
        "rotation_rmse": 14.794146537780762,
        "translation_rmse_100": 18.165281295776367,
        "t_final": [
          [
            [
              0.8427734375,
              -0.2427978515625,
              0.48046875,
              -0.0848388671875
            ],
            [
              0.28662109375,
              0.9580078125,
              -0.0184326171875,
              -0.31396484375
            ],
            [
              -0.455810546875,
              0.153076171875,
              0.876953125,
              -0.3076171875
            ]
          ]
        ]
      },
      {
        "psnr": 26.790348052978516,
        "distortion": 0.01320827379822731,
        "rotation_rmse": 0.004495768342167139,
        "translation_rmse_100": 0.0036853391211479902,
        "t_final": [
          [
            [
              0.79052734375,
              -0.078857421875,
              0.60693359375,
              -0.2476806640625
            ],
            [
              0.356689453125,
              0.86572265625,
              -0.35205078125,
              -0.068359375
            ],
            [
              -0.49755859375,
              0.494873046875,
              0.71240234375,
              -0.1973876953125
            ]
          ]
        ]
      },
      {
        "psnr": 27.122100830078125,
        "distortion": 0.011567259207367897,
        "rotation_rmse": 0.00928938016295433,
        "translation_rmse_100": 0.01238234806805849,
        "t_final": [
          [
            [
              0.79052734375,
              -0.0789794921875,
              0.60693359375,
              -0.24755859375
            ],
            [
              0.356689453125,
              0.865234375,
              -0.35205078125,
              -0.06829833984375
            ],
            [
              -0.49755859375,
              0.4951171875,
              0.71240234375,
              -0.197265625
            ]
          ]
        ]
      },
      {
        "psnr": 11.253312110900879,
        "distortion": 0.01788678765296936,
        "rotation_rmse": 10.868136405944824,
        "translation_rmse_100": 10.289078712463379,
        "t_final": [
          [
            [
              0.9091796875,
              0.1539306640625,
              0.387451171875,
              -0.423095703125
            ],
            [
              0.10821533203125,
              0.810546875,
              -0.576171875,
              -0.041748046875
            ],
            [
              -0.402587890625,
              0.5654296875,
              0.7197265625,
              -0.1806640625
            ]
          ]
        ]
      },
      {
        "psnr": 23.85449981689453,
        "distortion": 0.019129568710923195,
        "rotation_rmse": 0.014252801425755024,
        "translation_rmse_100": 0.08501648902893066,
        "t_final": [
          [
            [
              0.79052734375,
              -0.07867431640625,
              0.607421875,
              -0.2491455078125
            ],
            [
              0.356689453125,
              0.865234375,
              -0.352294921875,
              -0.0682373046875
            ],
            [
              -0.49755859375,
              0.4951171875,
              0.71240234375,
              -0.197509765625
            ]
          ]
        ]
      },
      {
        "psnr": 12.698241233825684,
        "distortion": 0.026142602786421776,
        "rotation_rmse": 12.522013664245605,
        "translation_rmse_100": 5.7226715087890625,
        "t_final": [
          [
            [
              0.71728515625,
              -0.484619140625,
              0.5009765625,
              -0.186767578125
            ],
            [
              0.6083984375,
              0.7861328125,
              -0.11041259765625,
              -0.1412353515625
            ],
            [
              -0.340087890625,
              0.3837890625,
              0.8583984375,
              -0.2257080078125
            ]
          ]
        ]
      }
    ]
  },
  "trex_0_100_even_odd_0_05": {
    "best": {
      "psnr": 27.784423828125,
      "distortion": 0.013490160927176476,
      "rotation_rmse": 0.0026384785305708647,
      "translation_rmse_100": 0.014375722035765648,
      "t_final": [
        [
          [
            0.79052734375,
            -0.0787353515625,
            0.60693359375,
            -0.2474365234375
          ],
          [
            0.356689453125,
            0.86572265625,
            -0.35205078125,
            -0.068359375
          ],
          [
            -0.497802734375,
            0.494873046875,
            0.71240234375,
            -0.1973876953125
          ]
        ]
      ]
    },
    "stats_list": [
      {
        "psnr": 11.272703170776367,
        "distortion": 0.017985790967941284,
        "rotation_rmse": 10.24239444732666,
        "translation_rmse_100": 11.894332885742188,
        "t_final": [
          [
            [
              0.77734375,
              -0.32568359375,
              0.53857421875,
              -0.0516357421875
            ],
            [
              0.560546875,
              0.74658203125,
              -0.358154296875,
              -0.1268310546875
            ],
            [
              -0.285400390625,
              0.580078125,
              0.7626953125,
              -0.2216796875
            ]
          ]
        ]
      },
      {
        "psnr": 27.784423828125,
        "distortion": 0.013490160927176476,
        "rotation_rmse": 0.0026384785305708647,
        "translation_rmse_100": 0.014375722035765648,
        "t_final": [
          [
            [
              0.79052734375,
              -0.0787353515625,
              0.60693359375,
              -0.2474365234375
            ],
            [
              0.356689453125,
              0.86572265625,
              -0.35205078125,
              -0.068359375
            ],
            [
              -0.497802734375,
              0.494873046875,
              0.71240234375,
              -0.1973876953125
            ]
          ]
        ]
      },
      {
        "psnr": 11.576319694519043,
        "distortion": 0.23365835845470428,
        "rotation_rmse": 15.380715370178223,
        "translation_rmse_100": 108.90328979492188,
        "t_final": [
          [
            [
              0.89990234375,
              -0.349609375,
              0.2607421875,
              1.5849609375
            ],
            [
              0.410888671875,
              0.8798828125,
              -0.2381591796875,
              0.356689453125
            ],
            [
              -0.146240234375,
              0.321533203125,
              0.935546875,
              -0.33447265625
            ]
          ]
        ]
      },
      {
        "psnr": 11.515734672546387,
        "distortion": 0.1784198135137558,
        "rotation_rmse": 17.811899185180664,
        "translation_rmse_100": 47.719905853271484,
        "t_final": [
          [
            [
              0.7236328125,
              -0.48974609375,
              0.486328125,
              0.42333984375
            ],
            [
              0.6826171875,
              0.6123046875,
              -0.39892578125,
              0.407958984375
            ],
            [
              -0.1024169921875,
              0.62060546875,
              0.77734375,
              -0.11968994140625
            ]
          ]
        ]
      },
      {
        "psnr": 27.468496322631836,
        "distortion": 0.01645236648619175,
        "rotation_rmse": 0.01247267983853817,
        "translation_rmse_100": 0.022367948666214943,
        "t_final": [
          [
            [
              0.79052734375,
              -0.07879638671875,
              0.607421875,
              -0.248046875
            ],
            [
              0.356689453125,
              0.865234375,
              -0.35205078125,
              -0.06842041015625
            ],
            [
              -0.497802734375,
              0.494873046875,
              0.71240234375,
              -0.197509765625
            ]
          ]
        ]
      },
      {
        "psnr": 23.190401077270508,
        "distortion": 0.019451642408967018,
        "rotation_rmse": 0.009201728738844395,
        "translation_rmse_100": 0.009590312838554382,
        "t_final": [
          [
            [
              0.79052734375,
              -0.0787353515625,
              0.60693359375,
              -0.247802734375
            ],
            [
              0.3564453125,
              0.86572265625,
              -0.35205078125,
              -0.06842041015625
            ],
            [
              -0.49755859375,
              0.494873046875,
              0.71240234375,
              -0.1973876953125
            ]
          ]
        ]
      },
      {
        "psnr": 26.47990608215332,
        "distortion": 0.01173864770680666,
        "rotation_rmse": 0.0062285191379487514,
        "translation_rmse_100": 0.02872106246650219,
        "t_final": [
          [
            [
              0.791015625,
              -0.078857421875,
              0.60693359375,
              -0.2481689453125
            ],
            [
              0.356689453125,
              0.865234375,
              -0.352294921875,
              -0.068359375
            ],
            [
              -0.49755859375,
              0.494873046875,
              0.71240234375,
              -0.197509765625
            ]
          ]
        ]
      },
      {
        "psnr": 12.498115539550781,
        "distortion": 0.020968621596693993,
        "rotation_rmse": 2.857396125793457,
        "translation_rmse_100": 9.88838005065918,
        "t_final": [
          [
            [
              0.8212890625,
              -0.017242431640625,
              0.5703125,
              -0.413818359375
            ],
            [
              0.28955078125,
              0.8740234375,
              -0.390625,
              -0.1090087890625
            ],
            [
              -0.49169921875,
              0.48583984375,
              0.72265625,
              -0.188720703125
            ]
          ]
        ]
      },
      {
        "psnr": 9.657697677612305,
        "distortion": 0.03257298842072487,
        "rotation_rmse": 14.034785270690918,
        "translation_rmse_100": 26.700607299804688,
        "t_final": [
          [
            [
              0.5283203125,
              0.03558349609375,
              0.84814453125,
              -0.6083984375
            ],
            [
              0.35302734375,
              0.8994140625,
              -0.257568359375,
              0.220458984375
            ],
            [
              -0.7724609375,
              0.435546875,
              0.462646484375,
              -0.178466796875
            ]
          ]
        ]
      },
      {
        "psnr": 11.344837188720703,
        "distortion": 0.061398670077323914,
        "rotation_rmse": 10.461458206176758,
        "translation_rmse_100": 33.876121520996094,
        "t_final": [
          [
            [
              0.685546875,
              -0.339111328125,
              0.64404296875,
              0.325927734375
            ],
            [
              0.60205078125,
              0.76123046875,
              -0.2403564453125,
              -0.02716064453125
            ],
            [
              -0.408935546875,
              0.552734375,
              0.72607421875,
              -0.08099365234375
            ]
          ]
        ]
      }
    ]
  },
  "trex_0_100_even_odd_0_1": {
    "best": {
      "psnr": 24.84347915649414,
      "distortion": 0.015804870054125786,
      "rotation_rmse": 0.01040312834084034,
      "translation_rmse_100": 0.0497235432267189,
      "t_final": [
        [
          [
            0.79052734375,
            -0.07861328125,
            0.60693359375,
            -0.24853515625
          ],
          [
            0.3564453125,
            0.86572265625,
            -0.352294921875,
            -0.068359375
          ],
          [
            -0.49755859375,
            0.494873046875,
            0.71240234375,
            -0.197509765625
          ]
        ]
      ]
    },
    "stats_list": [
      {
        "psnr": 12.025073051452637,
        "distortion": 0.06332627683877945,
        "rotation_rmse": 17.41315460205078,
        "translation_rmse_100": 30.545743942260742,
        "t_final": [
          [
            [
              0.78955078125,
              -0.50927734375,
              0.341796875,
              0.1583251953125
            ],
            [
              0.61083984375,
              0.7060546875,
              -0.358642578125,
              -0.392578125
            ],
            [
              -0.058502197265625,
              0.491943359375,
              0.86865234375,
              -0.297119140625
            ]
          ]
        ]
      },
      {
        "psnr": 19.875444412231445,
        "distortion": 0.015996087342500687,
        "rotation_rmse": 0.004495768342167139,
        "translation_rmse_100": 0.03668824955821037,
        "t_final": [
          [
            [
              0.79052734375,
              -0.078857421875,
              0.60693359375,
              -0.248291015625
            ],
            [
              0.356689453125,
              0.86572265625,
              -0.35205078125,
              -0.0684814453125
            ],
            [
              -0.49755859375,
              0.494873046875,
              0.71240234375,
              -0.1973876953125
            ]
          ]
        ]
      },
      {
        "psnr": 12.462982177734375,
        "distortion": 0.24186567962169647,
        "rotation_rmse": 21.747764587402344,
        "translation_rmse_100": 117.05699157714844,
        "t_final": [
          [
            [
              0.98193359375,
              -0.1761474609375,
              0.06732177734375,
              1.701171875
            ],
            [
              0.1744384765625,
              0.71337890625,
              -0.6787109375,
              0.281982421875
            ],
            [
              0.071533203125,
              0.67822265625,
              0.73095703125,
              -0.63330078125
            ]
          ]
        ]
      },
      {
        "psnr": 21.322494506835938,
        "distortion": 0.01954404078423977,
        "rotation_rmse": 0.010339701548218727,
        "translation_rmse_100": 0.009293632581830025,
        "t_final": [
          [
            [
              0.79052734375,
              -0.07891845703125,
              0.60693359375,
              -0.24755859375
            ],
            [
              0.356689453125,
              0.86572265625,
              -0.351806640625,
              -0.06842041015625
            ],
            [
              -0.49755859375,
              0.49462890625,
              0.71240234375,
              -0.1973876953125
            ]
          ]
        ]
      },
      {
        "psnr": 12.309225082397461,
        "distortion": 0.08774124830961227,
        "rotation_rmse": 10.746330261230469,
        "translation_rmse_100": 15.645111083984375,
        "t_final": [
          [
            [
              0.75341796875,
              -0.426025390625,
              0.5009765625,
              -0.218994140625
            ],
            [
              0.552734375,
              0.82275390625,
              -0.1314697265625,
              0.151123046875
            ],
            [
              -0.3564453125,
              0.3759765625,
              0.85546875,
              -0.04107666015625
            ]
          ]
        ]
      },
      {
        "psnr": 24.84347915649414,
        "distortion": 0.015804870054125786,
        "rotation_rmse": 0.01040312834084034,
        "translation_rmse_100": 0.0497235432267189,
        "t_final": [
          [
            [
              0.79052734375,
              -0.07861328125,
              0.60693359375,
              -0.24853515625
            ],
            [
              0.3564453125,
              0.86572265625,
              -0.352294921875,
              -0.068359375
            ],
            [
              -0.49755859375,
              0.494873046875,
              0.71240234375,
              -0.197509765625
            ]
          ]
        ]
      },
      {
        "psnr": 21.966819763183594,
        "distortion": 0.019070781767368317,
        "rotation_rmse": 0.013144888915121555,
        "translation_rmse_100": 0.009210404008626938,
        "t_final": [
          [
            [
              0.791015625,
              -0.07904052734375,
              0.60693359375,
              -0.2476806640625
            ],
            [
              0.35693359375,
              0.865234375,
              -0.35205078125,
              -0.06817626953125
            ],
            [
              -0.497314453125,
              0.4951171875,
              0.71240234375,
              -0.1973876953125
            ]
          ]
        ]
      },
      {
        "psnr": 11.318089485168457,
        "distortion": 0.0305453073233366,
        "rotation_rmse": 8.595266342163086,
        "translation_rmse_100": 9.17789077758789,
        "t_final": [
          [
            [
              0.8564453125,
              0.125244140625,
              0.5009765625,
              -0.394287109375
            ],
            [
              0.143798828125,
              0.8740234375,
              -0.46435546875,
              -0.129150390625
            ],
            [
              -0.495849609375,
              0.4697265625,
              0.73046875,
              -0.188720703125
            ]
          ]
        ]
      },
      {
        "psnr": 10.189159393310547,
        "distortion": 0.036444343626499176,
        "rotation_rmse": 12.198756217956543,
        "translation_rmse_100": 26.36890983581543,
        "t_final": [
          [
            [
              0.55908203125,
              -0.26953125,
              0.7841796875,
              -0.69091796875
            ],
            [
              0.5078125,
              0.85888671875,
              -0.0670166015625,
              -0.0013751983642578125
            ],
            [
              -0.6552734375,
              0.435546875,
              0.6171875,
              -0.284912109375
            ]
          ]
        ]
      },
      {
        "psnr": 23.056255340576172,
        "distortion": 0.021380968391895294,
        "rotation_rmse": 0.007183507550507784,
        "translation_rmse_100": 0.013635651208460331,
        "t_final": [
          [
            [
              0.791015625,
              -0.078857421875,
              0.60693359375,
              -0.247802734375
            ],
            [
              0.3564453125,
              0.865234375,
              -0.35205078125,
              -0.06842041015625
            ],
            [
              -0.49755859375,
              0.494873046875,
              0.71240234375,
              -0.197265625
            ]
          ]
        ]
      }
    ]
  },
  "trex_0_100_even_odd_0_2": {
    "best": {
      "psnr": 21.998701095581055,
      "distortion": 0.024366987869143486,
      "rotation_rmse": 0.009419477544724941,
      "translation_rmse_100": 0.013231690973043442,
      "t_final": [
        [
          [
            0.791015625,
            -0.0791015625,
            0.60693359375,
            -0.247802734375
          ],
          [
            0.356689453125,
            0.865234375,
            -0.35205078125,
            -0.06829833984375
          ],
          [
            -0.497314453125,
            0.494873046875,
            0.71240234375,
            -0.1976318359375
          ]
        ]
      ]
    },
    "stats_list": [
      {
        "psnr": 14.178394317626953,
        "distortion": 0.030570603907108307,
        "rotation_rmse": 2.159289836883545,
        "translation_rmse_100": 4.775412559509277,
        "t_final": [
          [
            [
              0.78955078125,
              -0.04937744140625,
              0.61181640625,
              -0.326416015625
            ],
            [
              0.316162109375,
              0.88671875,
              -0.336669921875,
              -0.0928955078125
            ],
            [
              -0.52587890625,
              0.459228515625,
              0.7158203125,
              -0.1912841796875
            ]
          ]
        ]
      },
      {
        "psnr": 9.98379135131836,
        "distortion": 0.05876465514302254,
        "rotation_rmse": 6.94317102432251,
        "translation_rmse_100": 25.188709259033203,
        "t_final": [
          [
            [
              0.73876953125,
              -0.11614990234375,
              0.6640625,
              -0.5244140625
            ],
            [
              0.473876953125,
              0.7900390625,
              -0.388916015625,
              -0.2398681640625
            ],
            [
              -0.479248046875,
              0.60205078125,
              0.638671875,
              0.09295654296875
            ]
          ]
        ]
      },
      {
        "psnr": 11.801972389221191,
        "distortion": 0.023836815729737282,
        "rotation_rmse": 11.287665367126465,
        "translation_rmse_100": 21.148168563842773,
        "t_final": [
          [
            [
              0.61474609375,
              -0.386962890625,
              0.68701171875,
              -0.54638671875
            ],
            [
              0.57958984375,
              0.8125,
              -0.061065673828125,
              -0.2802734375
            ],
            [
              -0.53466796875,
              0.435791015625,
              0.72412109375,
              -0.202392578125
            ]
          ]
        ]
      },
      {
        "psnr": 21.998701095581055,
        "distortion": 0.024366987869143486,
        "rotation_rmse": 0.009419477544724941,
        "translation_rmse_100": 0.013231690973043442,
        "t_final": [
          [
            [
              0.791015625,
              -0.0791015625,
              0.60693359375,
              -0.247802734375
            ],
            [
              0.356689453125,
              0.865234375,
              -0.35205078125,
              -0.06829833984375
            ],
            [
              -0.497314453125,
              0.494873046875,
              0.71240234375,
              -0.1976318359375
            ]
          ]
        ]
      },
      {
        "psnr": 10.820698738098145,
        "distortion": 0.046967003494501114,
        "rotation_rmse": 18.082630157470703,
        "translation_rmse_100": 17.18326187133789,
        "t_final": [
          [
            [
              0.95263671875,
              -0.042938232421875,
              0.301513671875,
              -0.0966796875
            ],
            [
              0.1043701171875,
              0.97607421875,
              -0.1905517578125,
              -0.2373046875
            ],
            [
              -0.2861328125,
              0.2130126953125,
              0.93408203125,
              -0.390380859375
            ]
          ]
        ]
      },
      {
        "psnr": 21.715618133544922,
        "distortion": 0.030399277806282043,
        "rotation_rmse": 0.018181966617703438,
        "translation_rmse_100": 0.00911677721887827,
        "t_final": [
          [
            [
              0.791015625,
              -0.07861328125,
              0.60693359375,
              -0.24755859375
            ],
            [
              0.3564453125,
              0.86572265625,
              -0.35205078125,
              -0.0682373046875
            ],
            [
              -0.49755859375,
              0.49462890625,
              0.71240234375,
              -0.1973876953125
            ]
          ]
        ]
      },
      {
        "psnr": 12.848408699035645,
        "distortion": 0.019242897629737854,
        "rotation_rmse": 2.04933762550354,
        "translation_rmse_100": 5.697983741760254,
        "t_final": [
          [
            [
              0.81494140625,
              -0.0257415771484375,
              0.57861328125,
              -0.339599609375
            ],
            [
              0.3095703125,
              0.86376953125,
              -0.3974609375,
              -0.10125732421875
            ],
            [
              -0.48974609375,
              0.5029296875,
              0.7119140625,
              -0.2117919921875
            ]
          ]
        ]
      },
      {
        "psnr": 12.178970336914062,
        "distortion": 0.04314739629626274,
        "rotation_rmse": 8.145777702331543,
        "translation_rmse_100": 13.75731372833252,
        "t_final": [
          [
            [
              0.87646484375,
              0.1217041015625,
              0.466064453125,
              -0.4853515625
            ],
            [
              0.166015625,
              0.83203125,
              -0.529296875,
              -0.051605224609375
            ],
            [
              -0.4521484375,
              0.541015625,
              0.708984375,
              -0.1942138671875
            ]
          ]
        ]
      },
      {
        "psnr": 20.439098358154297,
        "distortion": 0.03362436965107918,
        "rotation_rmse": 0.02726251445710659,
        "translation_rmse_100": 0.01808011531829834,
        "t_final": [
          [
            [
              0.79052734375,
              -0.07830810546875,
              0.607421875,
              -0.2479248046875
            ],
            [
              0.3564453125,
              0.865234375,
              -0.3525390625,
              -0.06829833984375
            ],
            [
              -0.497802734375,
              0.495361328125,
              0.7119140625,
              -0.1976318359375
            ]
          ]
        ]
      },
      {
        "psnr": 20.1414794921875,
        "distortion": 0.02258722484111786,
        "rotation_rmse": 0.034281764179468155,
        "translation_rmse_100": 0.06620487570762634,
        "t_final": [
          [
            [
              0.79052734375,
              -0.07861328125,
              0.60791015625,
              -0.24658203125
            ],
            [
              0.35693359375,
              0.865234375,
              -0.352294921875,
              -0.0679931640625
            ],
            [
              -0.498046875,
              0.4951171875,
              0.7119140625,
              -0.197509765625
            ]
          ]
        ]
      }
    ]
  },
  "trex_30_70_even_odd_0_01": {
    "best": {
      "psnr": 26.623844146728516,
      "distortion": 0.015304350294172764,
      "rotation_rmse": 0.014576634392142296,
      "translation_rmse_100": 0.006699740886688232,
      "t_final": [
        [
          [
            0.79052734375,
            -0.07916259765625,
            0.607421875,
            -0.2476806640625
          ],
          [
            0.356689453125,
            0.86572265625,
            -0.3515625,
            -0.06842041015625
          ],
          [
            -0.497802734375,
            0.49462890625,
            0.71240234375,
            -0.197509765625
          ]
        ]
      ]
    },
    "stats_list": [
      {
        "psnr": 26.500221252441406,
        "distortion": 0.0187454205006361,
        "rotation_rmse": 0.007777350954711437,
        "translation_rmse_100": 0.008127330802381039,
        "t_final": [
          [
            [
              0.791015625,
              -0.07879638671875,
              0.60693359375,
              -0.247802734375
            ],
            [
              0.3564453125,
              0.865234375,
              -0.352294921875,
              -0.068359375
            ],
            [
              -0.49755859375,
              0.494873046875,
              0.71240234375,
              -0.1973876953125
            ]
          ]
        ]
      },
      {
        "psnr": 9.051497459411621,
        "distortion": 0.04683159664273262,
        "rotation_rmse": 8.297673225402832,
        "translation_rmse_100": 23.056032180786133,
        "t_final": [
          [
            [
              0.76123046875,
              -0.08502197265625,
              0.64306640625,
              -0.485595703125
            ],
            [
              0.470458984375,
              0.7548828125,
              -0.456787109375,
              -0.296142578125
            ],
            [
              -0.44677734375,
              0.650390625,
              0.6142578125,
              0.0283203125
            ]
          ]
        ]
      },
      {
        "psnr": 25.46185302734375,
        "distortion": 0.01711180992424488,
        "rotation_rmse": 0.025090808048844337,
        "translation_rmse_100": 0.01998063176870346,
        "t_final": [
          [
            [
              0.79052734375,
              -0.0792236328125,
              0.60693359375,
              -0.2479248046875
            ],
            [
              0.35693359375,
              0.865234375,
              -0.352294921875,
              -0.06817626953125
            ],
            [
              -0.497314453125,
              0.495361328125,
              0.71240234375,
              -0.1976318359375
            ]
          ]
        ]
      },
      {
        "psnr": 11.409482955932617,
        "distortion": 0.046649593859910965,
        "rotation_rmse": 16.151308059692383,
        "translation_rmse_100": 19.18640899658203,
        "t_final": [
          [
            [
              0.802734375,
              -0.429443359375,
              0.4140625,
              -0.11700439453125
            ],
            [
              0.5908203125,
              0.66845703125,
              -0.45166015625,
              -0.3330078125
            ],
            [
              -0.08294677734375,
              0.60693359375,
              0.79052734375,
              -0.35009765625
            ]
          ]
        ]
      },
      {
        "psnr": 11.500131607055664,
        "distortion": 0.01762230694293976,
        "rotation_rmse": 12.834758758544922,
        "translation_rmse_100": 19.486976623535156,
        "t_final": [
          [
            [
              0.85986328125,
              -0.327880859375,
              0.391357421875,
              -0.1243896484375
            ],
            [
              0.3994140625,
              0.90966796875,
              -0.11578369140625,
              -0.34765625
            ],
            [
              -0.31787109375,
              0.255859375,
              0.9130859375,
              -0.34130859375
            ]
          ]
        ]
      },
      {
        "psnr": 11.07253646850586,
        "distortion": 0.04950809106230736,
        "rotation_rmse": 25.78921890258789,
        "translation_rmse_100": 14.879361152648926,
        "t_final": [
          [
            [
              0.91552734375,
              0.397705078125,
              0.055419921875,
              -0.1925048828125
            ],
            [
              -0.297119140625,
              0.76416015625,
              -0.572265625,
              0.1666259765625
            ],
            [
              -0.27001953125,
              0.5078125,
              0.81787109375,
              -0.287841796875
            ]
          ]
        ]
      },
      {
        "psnr": 12.268397331237793,
        "distortion": 0.017351793125271797,
        "rotation_rmse": 4.794229984283447,
        "translation_rmse_100": 3.914386034011841,
        "t_final": [
          [
            [
              0.79638671875,
              -0.07855224609375,
              0.60009765625,
              -0.2080078125
            ],
            [
              0.410400390625,
              0.798828125,
              -0.439697265625,
              -0.01496124267578125
            ],
            [
              -0.444580078125,
              0.59619140625,
              0.66845703125,
              -0.1842041015625
            ]
          ]
        ]
      },
      {
        "psnr": 26.623844146728516,
        "distortion": 0.015304350294172764,
        "rotation_rmse": 0.014576634392142296,
        "translation_rmse_100": 0.006699740886688232,
        "t_final": [
          [
            [
              0.79052734375,
              -0.07916259765625,
              0.607421875,
              -0.2476806640625
            ],
            [
              0.356689453125,
              0.86572265625,
              -0.3515625,
              -0.06842041015625
            ],
            [
              -0.497802734375,
              0.49462890625,
              0.71240234375,
              -0.197509765625
            ]
          ]
        ]
      },
      {
        "psnr": 21.58335304260254,
        "distortion": 0.017802972346544266,
        "rotation_rmse": 0.019172918051481247,
        "translation_rmse_100": 0.01699182391166687,
        "t_final": [
          [
            [
              0.79052734375,
              -0.07879638671875,
              0.60693359375,
              -0.2474365234375
            ],
            [
              0.35693359375,
              0.865234375,
              -0.352294921875,
              -0.0684814453125
            ],
            [
              -0.49755859375,
              0.495361328125,
              0.71240234375,
              -0.197509765625
            ]
          ]
        ]
      },
      {
        "psnr": 11.053430557250977,
        "distortion": 0.030492501333355904,
        "rotation_rmse": 13.451403617858887,
        "translation_rmse_100": 24.491714477539062,
        "t_final": [
          [
            [
              0.74365234375,
              -0.38623046875,
              0.5458984375,
              0.1734619140625
            ],
            [
              0.62744140625,
              0.68603515625,
              -0.368896484375,
              -0.111572265625
            ],
            [
              -0.231689453125,
              0.61669921875,
              0.75244140625,
              -0.224365234375
            ]
          ]
        ]
      }
    ]
  },
  "trex_30_70_even_odd_0_05": {
    "best": {
      "psnr": 26.56147575378418,
      "distortion": 0.013869436457753181,
      "rotation_rmse": 0.014675233513116837,
      "translation_rmse_100": 0.014524471946060658,
      "t_final": [
        [
          [
            0.791015625,
            -0.07891845703125,
            0.60693359375,
            -0.2474365234375
          ],
          [
            0.356689453125,
            0.86572265625,
            -0.351806640625,
            -0.06829833984375
          ],
          [
            -0.49755859375,
            0.49462890625,
            0.71240234375,
            -0.197509765625
          ]
        ]
      ]
    },
    "stats_list": [
      {
        "psnr": 10.881865501403809,
        "distortion": 0.0922403484582901,
        "rotation_rmse": 29.27971649169922,
        "translation_rmse_100": 36.74618911743164,
        "t_final": [
          [
            [
              0.9765625,
              -0.12115478515625,
              -0.1776123046875,
              0.171142578125
            ],
            [
              0.0751953125,
              0.96630859375,
              -0.245849609375,
              -0.381103515625
            ],
            [
              0.201416015625,
              0.226806640625,
              0.953125,
              -0.560546875
            ]
          ]
        ]
      },
      {
        "psnr": 9.27797794342041,
        "distortion": 0.09727614372968674,
        "rotation_rmse": 2.3249573707580566,
        "translation_rmse_100": 21.53451919555664,
        "t_final": [
          [
            [
              0.80517578125,
              -0.0224456787109375,
              0.59228515625,
              -0.39208984375
            ],
            [
              0.336669921875,
              0.83984375,
              -0.426025390625,
              -0.254638671875
            ],
            [
              -0.48779296875,
              0.54248046875,
              0.68359375,
