{
  "lion_30_70_even_odd": {
    "best": {
      "psnr": 30.261850357055664,
      "distortion": 0.0034649474546313286,
      "rotation_rmse": 0.038422249257564545,
      "translation_rmse_100": 0.015713371336460114,
      "t_final": [
        [
          [
            0.919921875,
            -0.2398681640625,
            0.309326171875,
            0.30427178740501404
          ],
          [
            0.30615234375,
            0.93359375,
            -0.18701171875,
            0.1832306981086731
          ],
          [
            -0.2440185546875,
            0.266845703125,
            0.93212890625,
            -0.11911625415086746
          ]
        ]
      ]
    },
    "stats_list": [
      {
        "psnr": 18.399662017822266,
        "distortion": 0.004003903362900019,
        "rotation_rmse": 13.88205623626709,
        "translation_rmse_100": 41.66794967651367,
        "t_final": [
          [
            [
              0.791015625,
              -0.227783203125,
              0.56787109375,
              -0.39837151765823364
            ],
            [
              0.468505859375,
              0.82275390625,
              -0.322265625,
              0.13980631530284882
            ],
            [
              -0.3935546875,
              0.52099609375,
              0.75732421875,
              0.03940587118268013
            ]
          ]
        ]
      },
      {
        "psnr": 17.44595718383789,
        "distortion": 0.004208382219076157,
        "rotation_rmse": 24.019243240356445,
        "translation_rmse_100": 19.085533142089844,
        "t_final": [
          [
            [
              0.9599609375,
              -0.14306640625,
              -0.2406005859375,
              0.3675859272480011
            ],
            [
              -0.0259552001953125,
              0.810546875,
              -0.58544921875,
              -0.13697630167007446
            ],
            [
              0.27880859375,
              0.568359375,
              0.7744140625,
              -0.06613846868276596
            ]
          ]
        ]
      },
      {
        "psnr": 28.96420669555664,
        "distortion": 0.0031558035407215357,
        "rotation_rmse": 0.03067072108387947,
        "translation_rmse_100": 0.009159908629953861,
        "t_final": [
          [
            [
              0.92041015625,
              -0.23974609375,
              0.30908203125,
              0.30453574657440186
            ],
            [
              0.305908203125,
              0.93359375,
              -0.18701171875,
              0.18329684436321259
            ],
            [
              -0.2435302734375,
              0.2666015625,
              0.9326171875,
              -0.11886344105005264
            ]
          ]
        ]
      },
      {
        "psnr": 19.881122589111328,
        "distortion": 0.005260180681943893,
        "rotation_rmse": 15.445137977600098,
        "translation_rmse_100": 19.783533096313477,
        "t_final": [
          [
            [
              0.798828125,
              -0.48583984375,
              0.3544921875,
              0.245538592338562
            ],
            [
              0.59912109375,
              0.69677734375,
              -0.39453125,
              0.17396582663059235
            ],
            [
              -0.055419921875,
              0.52734375,
              0.84765625,
              -0.45633307099342346
            ]
          ]
        ]
      },
      {
        "psnr": 19.956295013427734,
        "distortion": 0.004352900665253401,
        "rotation_rmse": 10.89082145690918,
        "translation_rmse_100": 17.677148818969727,
        "t_final": [
          [
            [
              0.9912109375,
              -0.1312255859375,
              0.0123291015625,
              0.22153978049755096
            ],
            [
              0.1307373046875,
              0.9658203125,
              -0.224609375,
              0.07564842700958252
            ],
            [
              0.0175628662109375,
              0.2242431640625,
              0.974609375,
              -0.3933223783969879
            ]
          ]
        ]
      },
      {
        "psnr": 30.261850357055664,
        "distortion": 0.0034649474546313286,
        "rotation_rmse": 0.038422249257564545,
        "translation_rmse_100": 0.015713371336460114,
        "t_final": [
          [
            [
              0.919921875,
              -0.2398681640625,
              0.309326171875,
              0.30427178740501404
            ],
            [
              0.30615234375,
              0.93359375,
              -0.18701171875,
              0.1832306981086731
            ],
            [
              -0.2440185546875,
              0.266845703125,
              0.93212890625,
              -0.11911625415086746
            ]
          ]
        ]
      },
      {
        "psnr": 17.863706588745117,
        "distortion": 0.06423404067754745,
        "rotation_rmse": 14.337554931640625,
        "translation_rmse_100": 126.12702941894531,
        "t_final": [
          [
            [
              0.79345703125,
              -0.281982421875,
              0.53955078125,
              0.7513306736946106
            ],
            [
              0.5126953125,
              0.78759765625,
              -0.34228515625,
              -0.41175687313079834
            ],
            [
              -0.328125,
              0.5478515625,
              0.76953125,
              1.9350576400756836
            ]
          ]
        ]
      },
      {
        "psnr": 17.7960262298584,
        "distortion": 0.02410486340522766,
        "rotation_rmse": 14.881627082824707,
        "translation_rmse_100": 42.14459991455078,
        "t_final": [
          [
            [
              0.6767578125,
              -0.468505859375,
              0.56787109375,
              0.5992025136947632
            ],
            [
              0.53125,
              0.8447265625,
              0.06378173828125,
              0.5439921617507935
            ],
            [
              -0.50927734375,
              0.258544921875,
              0.82080078125,
              0.4430440664291382
            ]
          ]
        ]
      },
      {
        "psnr": 17.418556213378906,
        "distortion": 0.00870825070887804,
        "rotation_rmse": 15.180256843566895,
        "translation_rmse_100": 27.158864974975586,
        "t_final": [
          [
            [
              0.98388671875,
              -0.129638671875,
              -0.12176513671875,
              0.7071582078933716
            ],
            [
              0.093017578125,
              0.95849609375,
              -0.268798828125,
              0.39997345209121704
            ],
            [
              0.151611328125,
              0.253173828125,
              0.95556640625,
              -0.008934734389185905
            ]
          ]
        ]
      },
      {
        "psnr": 18.449495315551758,
        "distortion": 0.014880398288369179,
        "rotation_rmse": 8.292624473571777,
        "translation_rmse_100": 30.844207763671875,
        "t_final": [
          [
            [
              0.84912109375,
              -0.27587890625,
              0.4501953125,
              -0.07726623117923737
            ],
            [
              0.427734375,
              0.859375,
              -0.280517578125,
              0.5559712648391724
            ],
            [
              -0.309326171875,
              0.4306640625,
              0.84765625,
              -0.09145773202180862
            ]
          ]
        ]
      }
    ]
  },
  "table_30_70_even_odd": {
    "best": {
      "psnr": 28.70829963684082,
      "distortion": 0.015585346147418022,
      "rotation_rmse": 0.03168155252933502,
      "translation_rmse_100": 0.01945502497255802,
      "t_final": [
        [
          [
            0.986328125,
            0.044647216796875,
            0.157470703125,
            -0.05676466226577759
          ],
          [
            0.01148223876953125,
            0.94091796875,
            -0.338623046875,
            0.15542107820510864
          ],
          [
            -0.1632080078125,
            0.3359375,
            0.927734375,
            -0.18758025765419006
          ]
        ]
      ]
    },
    "stats_list": [
      {
        "psnr": 28.70829963684082,
        "distortion": 0.015585346147418022,
        "rotation_rmse": 0.03168155252933502,
        "translation_rmse_100": 0.01945502497255802,
        "t_final": [
          [
            [
              0.986328125,
              0.044647216796875,
              0.157470703125,
              -0.05676466226577759
            ],
            [
              0.01148223876953125,
              0.94091796875,
              -0.338623046875,
              0.15542107820510864
            ],
            [
              -0.1632080078125,
              0.3359375,
              0.927734375,
              -0.18758025765419006
            ]
          ]
        ]
      },
      {
        "psnr": 12.31622314453125,
        "distortion": 0.02220083959400654,
        "rotation_rmse": 6.615615367889404,
        "translation_rmse_100": 4.0973591804504395,
        "t_final": [
          [
            [
              0.94140625,
              -0.0176544189453125,
              0.3369140625,
              -0.12468365579843521
            ],
            [
              0.131103515625,
              0.93896484375,
              -0.3173828125,
              0.1394057422876358
            ],
            [
              -0.310791015625,
              0.3427734375,
              0.88671875,
              -0.19906620681285858
            ]
          ]
        ]
      },
      {
        "psnr": 12.574370384216309,
        "distortion": 0.0180885698646307,
        "rotation_rmse": 4.893754959106445,
        "translation_rmse_100": 1.3334230184555054,
        "t_final": [
          [
            [
              0.97705078125,
              -0.09796142578125,
              0.1878662109375,
              -0.07947779446840286
            ],
            [
              0.1556396484375,
              0.93359375,
              -0.32275390625,
              0.15464690327644348
            ],
            [
              -0.1436767578125,
              0.3447265625,
              0.927734375,
              -0.18587395548820496
            ]
          ]
        ]
      },
      {
        "psnr": 11.878290176391602,
        "distortion": 0.017330141738057137,
        "rotation_rmse": 34.771217346191406,
        "translation_rmse_100": 26.6629581451416,
        "t_final": [
          [
            [
              0.5703125,
              -0.40185546875,
              0.71630859375,
              -0.4588637351989746
            ],
            [
              0.76416015625,
              0.57958984375,
              -0.283447265625,
              -0.003344442695379257
            ],
            [
              -0.301513671875,
              0.708984375,
              0.6376953125,
              -0.34947866201400757
            ]
          ]
        ]
      },
      {
        "psnr": 11.3092041015625,
        "distortion": 0.014746559783816338,
        "rotation_rmse": 31.967716217041016,
        "translation_rmse_100": 12.121453285217285,
        "t_final": [
          [
            [
              0.654296875,
              -0.318359375,
              0.68603515625,
              -0.03825325146317482
            ],
            [
              0.69580078125,
              0.60888671875,
              -0.381103515625,
              0.3551272451877594
            ],
            [
              -0.296142578125,
              0.7265625,
              0.6201171875,
              -0.24954679608345032
            ]
          ]
        ]
      },
      {
        "psnr": 11.23721694946289,
        "distortion": 0.015543465502560139,
        "rotation_rmse": 22.48886489868164,
        "translation_rmse_100": 8.3209228515625,
        "t_final": [
          [
            [
              0.72998046875,
              -0.188232421875,
              0.65673828125,
              -0.15547038614749908
            ],
            [
              0.419921875,
              0.8818359375,
              -0.2137451171875,
              0.12980219721794128
            ],
            [
              -0.5390625,
              0.431884765625,
              0.72314453125,
              -0.08612029254436493
            ]
          ]
        ]
      },
      {
        "psnr": 10.34582805633545,
        "distortion": 0.023157551884651184,
        "rotation_rmse": 11.868067741394043,
        "translation_rmse_100": 30.40645980834961,
        "t_final": [
          [
            [
              0.916015625,
              -0.2281494140625,
              0.330810546875,
              -0.43359261751174927
            ],
            [
              0.338623046875,
              0.88134765625,
              -0.330078125,
              -0.07731734216213226
            ],
            [
              -0.216064453125,
              0.4140625,
              0.88427734375,
              -0.4723345637321472
            ]
          ]
        ]
      },
      {
        "psnr": 11.329572677612305,
        "distortion": 0.019558778032660484,
        "rotation_rmse": 6.323416233062744,
        "translation_rmse_100": 13.381518363952637,
        "t_final": [
          [
            [
              0.984375,
              0.05609130859375,
              0.16552734375,
              -0.06627041846513748
            ],
            [
              0.035858154296875,
              0.8623046875,
              -0.50537109375,
              0.38664355874061584
            ],
            [
              -0.1710205078125,
              0.50341796875,
              0.8466796875,
              -0.17701838910579681
            ]
          ]
        ]
      },
      {
        "psnr": 27.16431427001953,
        "distortion": 0.025908850133419037,
        "rotation_rmse": 0.024032974615693092,
        "translation_rmse_100": 0.008716723881661892,
        "t_final": [
          [
            [
              0.986328125,
              0.04449462890625,
              0.1572265625,
              -0.056585486978292465
            ],
            [
              0.01152801513671875,
              0.94091796875,
              -0.33837890625,
              0.1552765965461731
            ],
            [
              -0.1630859375,
              0.335693359375,
              0.927734375,
              -0.18761973083019257
            ]
          ]
        ]
      },
      {
        "psnr": 11.483835220336914,
        "distortion": 0.014155865646898746,
        "rotation_rmse": 14.00755500793457,
        "translation_rmse_100": 22.315841674804688,
        "t_final": [
          [
            [
              0.8681640625,
              -0.11767578125,
              0.48193359375,
              -0.2941043972969055
            ],
            [
              0.299560546875,
              0.89892578125,
              -0.3203125,
              0.4509701430797577
            ],
            [
              -0.3955078125,
              0.42236328125,
              0.8154296875,
              -0.26198551058769226
            ]
          ]
        ]
      }
    ]
  }
}