{
  "lion_30_70_even_odd": {
    "best": {
      "psnr": 17.60256576538086,
      "distortion": 0.10686732828617096,
      "rotation_rmse": 17.363920211791992,
      "translation_rmse_100": 55.313838958740234,
      "t_final": [
        [
          [
            0.87939453125,
            -0.253662109375,
            0.402587890625,
            0.3863220810890198
          ],
          [
            0.23828125,
            0.96728515625,
            0.08880615234375,
            0.4378548264503479
          ],
          [
            -0.411865234375,
            0.017822265625,
            0.9111328125,
            0.4855765700340271
          ]
        ]
      ]
    },
    "stats_list": [
      {
        "psnr": 17.49213981628418,
        "distortion": 0.10580004006624222,
        "rotation_rmse": 17.349653244018555,
        "translation_rmse_100": 54.685420989990234,
        "t_final": [
          [
            [
              0.87890625,
              -0.25634765625,
              0.40234375,
              0.3834831118583679
            ],
            [
              0.239990234375,
              0.96630859375,
              0.09173583984375,
              0.43460094928741455
            ],
            [
              -0.412353515625,
              0.015899658203125,
              0.91064453125,
              0.47416776418685913
            ]
          ]
        ]
      },
      {
        "psnr": 17.52397346496582,
        "distortion": 0.10487895458936691,
        "rotation_rmse": 18.007978439331055,
        "translation_rmse_100": 54.72315979003906,
        "t_final": [
          [
            [
              0.88671875,
              -0.240966796875,
              0.39501953125,
              0.37997910380363464
            ],
            [
              0.2242431640625,
              0.970703125,
              0.0888671875,
              0.435224324464798
            ],
            [
              -0.40478515625,
              0.0097503662109375,
              0.91455078125,
              0.47633978724479675
            ]
          ]
        ]
      },
      {
        "psnr": 17.464200973510742,
        "distortion": 0.09323369711637497,
        "rotation_rmse": 19.890796661376953,
        "translation_rmse_100": 61.18226623535156,
        "t_final": [
          [
            [
              0.89501953125,
              -0.241943359375,
              0.374267578125,
              0.39893174171447754
            ],
            [
              0.202392578125,
              0.96875,
              0.1422119140625,
              0.5450502634048462
            ],
            [
              -0.39697265625,
              -0.051544189453125,
              0.91650390625,
              0.5255725383758545
            ]
          ]
        ]
      },
      {
        "psnr": 17.515716552734375,
        "distortion": 0.10467027127742767,
        "rotation_rmse": 16.971885681152344,
        "translation_rmse_100": 54.572425842285156,
        "t_final": [
          [
            [
              0.8759765625,
              -0.258544921875,
              0.40771484375,
              0.38600924611091614
            ],
            [
              0.2452392578125,
              0.9658203125,
              0.08544921875,
              0.4304056167602539
            ],
            [
              -0.415771484375,
              0.0251312255859375,
              0.9091796875,
              0.47391533851623535
            ]
          ]
        ]
      },
      {
        "psnr": 17.202716827392578,
        "distortion": 0.03836561366915703,
        "rotation_rmse": 27.294553756713867,
        "translation_rmse_100": 66.82306671142578,
        "t_final": [
          [
            [
              0.96044921875,
              -0.157958984375,
              0.2296142578125,
              0.4188953936100006
            ],
            [
              0.109130859375,
              0.97119140625,
              0.211669921875,
              0.7165833115577698
            ],
            [
              -0.25634765625,
              -0.17822265625,
              0.9501953125,
              0.4710010290145874
            ]
          ]
        ]
      },
      {
        "psnr": 17.60256576538086,
        "distortion": 0.10686732828617096,
        "rotation_rmse": 17.363920211791992,
        "translation_rmse_100": 55.313838958740234,
        "t_final": [
          [
            [
              0.87939453125,
              -0.253662109375,
              0.402587890625,
              0.3863220810890198
            ],
            [
              0.23828125,
              0.96728515625,
              0.08880615234375,
              0.4378548264503479
            ],
            [
              -0.411865234375,
              0.017822265625,
              0.9111328125,
              0.4855765700340271
            ]
          ]
        ]
      },
      {
        "psnr": 17.56543731689453,
        "distortion": 0.10679425299167633,
        "rotation_rmse": 16.163837432861328,
        "translation_rmse_100": 55.51230239868164,
        "t_final": [
          [
            [
              0.86474609375,
              -0.272216796875,
              0.42236328125,
              0.3858387768268585
            ],
            [
              0.2587890625,
              0.9619140625,
              0.08990478515625,
              0.4435867667198181
            ],
            [
              -0.4306640625,
              0.031524658203125,
              0.90185546875,
              0.4855005145072937
            ]
          ]
        ]
      },
      {
        "psnr": 17.482744216918945,
        "distortion": 0.11425065994262695,
        "rotation_rmse": 18.546737670898438,
        "translation_rmse_100": 93.47300720214844,
        "t_final": [
          [
            [
              0.869140625,
              -0.26123046875,
              0.420166015625,
              0.6433954238891602
            ],
            [
              0.212646484375,
              0.9638671875,
              0.1593017578125,
              0.9548483490943909
            ],
            [
              -0.44677734375,
              -0.049072265625,
              0.89306640625,
              0.827237069606781
            ]
          ]
        ]
      },
      {
        "psnr": 17.507038116455078,
        "distortion": 0.1063644289970398,
        "rotation_rmse": 17.855287551879883,
        "translation_rmse_100": 55.03990173339844,
        "t_final": [
          [
            [
              0.884765625,
              -0.2440185546875,
              0.397216796875,
              0.38338643312454224
            ],
            [
              0.227294921875,
              0.9697265625,
              0.08935546875,
              0.4352969229221344
            ],
            [
              -0.406982421875,
              0.0112457275390625,
              0.91357421875,
              0.4825388789176941
            ]
          ]
        ]
      },
      {
        "psnr": 17.521821975708008,
        "distortion": 0.10455214977264404,
        "rotation_rmse": 18.082111358642578,
        "translation_rmse_100": 54.62790298461914,
        "t_final": [
          [
            [
              0.88720703125,
              -0.2412109375,
              0.393310546875,
              0.3849528729915619
            ],
            [
              0.2237548828125,
              0.97021484375,
              0.09039306640625,
              0.4276466965675354
            ],
            [
              -0.403564453125,
              0.0078887939453125,
              0.9150390625,
              0.4784232974052429
            ]
          ]
        ]
      }
    ]
  },
  "table_30_70_even_odd": {
    "best": {
      "psnr": 11.32040786743164,
      "distortion": 0.04275808110833168,
      "rotation_rmse": 16.48855209350586,
      "translation_rmse_100": 8.785099983215332,
      "t_final": [
        [
          [
            0.857421875,
            -0.409912109375,
            0.311767578125,
            -0.0952005609869957
          ],
          [
            0.415771484375,
            0.908203125,
            0.05078125,
            -0.14633016288280487
          ],
          [
            -0.303955078125,
            0.0860595703125,
            0.94873046875,
            -0.21207846701145172
          ]
        ]
      ]
    },
    "stats_list": [
      {
        "psnr": 10.990840911865234,
        "distortion": 0.1629197597503662,
        "rotation_rmse": 44.58678436279297,
        "translation_rmse_100": 19.43622589111328,
        "t_final": [
          [
            [
              0.76904296875,
              0.59765625,
              0.22705078125,
              -0.09578821808099747
            ],
            [
              -0.580078125,
              0.8017578125,
              -0.1444091796875,
              -0.2055724859237671
            ],
            [
              -0.268310546875,
              -0.0205841064453125,
              0.962890625,
              0.12989668548107147
            ]
          ]
        ]
      },
      {
        "psnr": 11.091614723205566,
        "distortion": 0.1666262447834015,
        "rotation_rmse": 42.35880661010742,
        "translation_rmse_100": 20.441917419433594,
        "t_final": [
          [
            [
              0.80322265625,
              0.5517578125,
              0.22412109375,
              -0.08007543534040451
            ],
            [
              -0.5283203125,
              0.833984375,
              -0.157958984375,
              -0.20205006003379822
            ],
            [
              -0.274169921875,
              0.00843048095703125,
              0.96142578125,
              0.15619298815727234
            ]
          ]
        ]
      },
      {
        "psnr": 11.189701080322266,
        "distortion": 0.16318641602993011,
        "rotation_rmse": 39.45021438598633,
        "translation_rmse_100": 16.42069435119629,
        "t_final": [
          [
            [
              0.90576171875,
              0.394287109375,
              0.1552734375,
              -0.004743678029626608
            ],
            [
              -0.393798828125,
              0.91845703125,
              -0.03558349609375,
              -0.2009599357843399
            ],
            [
              -0.1566162109375,
              -0.0289459228515625,
              0.9873046875,
              0.10571771115064621
            ]
          ]
        ]
      },
      {
        "psnr": 11.208158493041992,
        "distortion": 0.24153625965118408,
        "rotation_rmse": 47.55712890625,
        "translation_rmse_100": 24.70578956604004,
        "t_final": [
          [
            [
              0.591796875,
              0.74462890625,
              0.309326171875,
              -0.04900813847780228
            ],
            [
              -0.6357421875,
              0.66650390625,
              -0.388916015625,
              -0.3261057138442993
            ],
            [
              -0.495849609375,
              0.03338623046875,
              0.8681640625,
              0.21489666402339935
            ]
          ]
        ]
      },
      {
        "psnr": 11.003528594970703,
        "distortion": 0.1679275631904602,
        "rotation_rmse": 43.683937072753906,
        "translation_rmse_100": 17.759428024291992,
        "t_final": [
          [
            [
              0.787109375,
              0.56982421875,
              0.236572265625,
              -0.06698282063007355
            ],
            [
              -0.55517578125,
              0.8212890625,
              -0.131103515625,
              -0.18993693590164185
            ],
            [
              -0.26904296875,
              -0.0281219482421875,
              0.962890625,
              0.1121954545378685
            ]
          ]
        ]
      },
      {
        "psnr": 11.114339828491211,
        "distortion": 0.20707212388515472,
        "rotation_rmse": 44.823951721191406,
        "translation_rmse_100": 21.589664459228516,
        "t_final": [
          [
            [
              0.77197265625,
              0.59814453125,
              0.2147216796875,
              -0.08465390652418137
            ],
            [
              -0.58349609375,
              0.80126953125,
              -0.133544921875,
              -0.19580364227294922
            ],
            [
              -0.251953125,
              -0.022125244140625,
              0.96728515625,
              0.17630109190940857
            ]
          ]
        ]
      },
      {
        "psnr": 11.118629455566406,
        "distortion": 0.17286628484725952,
        "rotation_rmse": 42.55839538574219,
        "translation_rmse_100": 20.423343658447266,
        "t_final": [
          [
            [
              0.80517578125,
              0.55078125,
              0.218994140625,
              -0.0834125503897667
            ],
            [
              -0.53076171875,
              0.83447265625,
              -0.147216796875,
              -0.20128773152828217
            ],
            [
              -0.263916015625,
              0.0023441314697265625,
              0.96484375,
              0.1545783430337906
            ]
          ]
        ]
      },
      {
        "psnr": 11.32040786743164,
        "distortion": 0.04275808110833168,
        "rotation_rmse": 16.48855209350586,
        "translation_rmse_100": 8.785099983215332,
        "t_final": [
          [
            [
              0.857421875,
              -0.409912109375,
              0.311767578125,
              -0.0952005609869957
            ],
            [
              0.415771484375,
              0.908203125,
              0.05078125,
              -0.14633016288280487
            ],
            [
              -0.303955078125,
              0.0860595703125,
              0.94873046875,
              -0.21207846701145172
            ]
          ]
        ]
      },
      {
        "psnr": 11.053903579711914,
        "distortion": 0.1676155924797058,
        "rotation_rmse": 42.931846618652344,
        "translation_rmse_100": 19.531267166137695,
        "t_final": [
          [
            [
              0.810546875,
              0.55126953125,
              0.1988525390625,
              -0.0604565404355526
            ],
            [
              -0.53515625,
              0.83447265625,
              -0.1318359375,
              -0.2016226202249527
            ],
            [
              -0.2386474609375,
              0.00040984153747558594,
              0.97119140625,
              0.14660385251045227
            ]
          ]
        ]
      },
      {
        "psnr": 10.980985641479492,
        "distortion": 0.020461430773139,
        "rotation_rmse": 29.39081573486328,
        "translation_rmse_100": 12.944600105285645,
        "t_final": [
          [
            [
              0.994140625,
              -0.0726318359375,
              0.0775146484375,
              -0.14805158972740173
            ],
            [
              0.07196044921875,
              0.99755859375,
              0.0113067626953125,
              -0.09987399727106094
            ],
            [
              -0.07818603515625,
              -0.005657196044921875,
              0.9970703125,
              -0.2501614987850189
            ]
          ]
        ]
      }
    ]
  }
}