{
  "fern_0_100_even_odd": {
    "best": {
      "psnr": 24.386329650878906,
      "distortion": 0.020016130059957504,
      "rotation_rmse": 0.0511590950191021,
      "translation_rmse_100": 0.06386902183294296,
      "t_final": [
        [
          [
            0.91357421875,
            0.18115234375,
            0.3642578125,
            -0.354248046875
          ],
          [
            0.1058349609375,
            0.7587890625,
            -0.64306640625,
            0.33154296875
          ],
          [
            -0.392578125,
            0.6259765625,
            0.673828125,
            0.07373046875
          ]
        ]
      ]
    },
    "stats_list": [
      {
        "psnr": 22.3646183013916,
        "distortion": 0.020023953169584274,
        "rotation_rmse": 0.057559214532375336,
        "translation_rmse_100": 0.05313439667224884,
        "t_final": [
          [
            [
              0.91357421875,
              0.1810302734375,
              0.364013671875,
              -0.353759765625
            ],
            [
              0.1058349609375,
              0.7587890625,
              -0.642578125,
              0.331298828125
            ],
            [
              -0.392578125,
              0.6259765625,
              0.673828125,
              0.07391357421875
            ]
          ]
        ]
      },
      {
        "psnr": 14.410280227661133,
        "distortion": 0.02125091664493084,
        "rotation_rmse": 5.495864391326904,
        "translation_rmse_100": 4.726107597351074,
        "t_final": [
          [
            [
              0.9091796875,
              0.01364898681640625,
              0.416015625,
              -0.400634765625
            ],
            [
              0.2490234375,
              0.783203125,
              -0.56982421875,
              0.269775390625
            ],
            [
              -0.33349609375,
              0.62158203125,
              0.70849609375,
              0.045379638671875
            ]
          ]
        ]
      },
      {
        "psnr": 9.403940200805664,
        "distortion": 0.16336862742900848,
        "rotation_rmse": 25.65699577331543,
        "translation_rmse_100": 57.13800048828125,
        "t_final": [
          [
            [
              0.6220703125,
              -0.55322265625,
              0.55419921875,
              0.54638671875
            ],
            [
              0.67724609375,
              0.7353515625,
              -0.02606201171875,
              0.306396484375
            ],
            [
              -0.39306640625,
              0.3916015625,
              0.83203125,
              -0.335205078125
            ]
          ]
        ]
      },
      {
        "psnr": 12.110928535461426,
        "distortion": 0.13133655488491058,
        "rotation_rmse": 24.272926330566406,
        "translation_rmse_100": 21.873266220092773,
        "t_final": [
          [
            [
              0.6240234375,
              -0.40576171875,
              0.66796875,
              -0.02972412109375
            ],
            [
              0.45556640625,
              0.88330078125,
              0.11077880859375,
              0.153564453125
            ],
            [
              -0.634765625,
              0.2353515625,
              0.73583984375,
              -0.008575439453125
            ]
          ]
        ]
      },
      {
        "psnr": 24.386329650878906,
        "distortion": 0.020016130059957504,
        "rotation_rmse": 0.0511590950191021,
        "translation_rmse_100": 0.06386902183294296,
        "t_final": [
          [
            [
              0.91357421875,
              0.18115234375,
              0.3642578125,
              -0.354248046875
            ],
            [
              0.1058349609375,
              0.7587890625,
              -0.64306640625,
              0.33154296875
            ],
            [
              -0.392578125,
              0.6259765625,
              0.673828125,
              0.07373046875
            ]
          ]
        ]
      },
      {
        "psnr": 11.839717864990234,
        "distortion": 0.030175546184182167,
        "rotation_rmse": 19.348121643066406,
        "translation_rmse_100": 15.92123031616211,
        "t_final": [
          [
            [
              0.79443359375,
              -0.2247314453125,
              0.564453125,
              -0.442626953125
            ],
            [
              0.5771484375,
              0.5693359375,
              -0.58544921875,
              0.0701904296875
            ],
            [
              -0.189697265625,
              0.791015625,
              0.58203125,
              0.09417724609375
            ]
          ]
        ]
      },
      {
        "psnr": 15.673048973083496,
        "distortion": 0.017312845215201378,
        "rotation_rmse": 6.174539089202881,
        "translation_rmse_100": 9.229804992675781,
        "t_final": [
          [
            [
              0.92919921875,
              -0.01314544677734375,
              0.369384765625,
              -0.468017578125
            ],
            [
              0.22509765625,
              0.81298828125,
              -0.537109375,
              0.270263671875
            ],
            [
              -0.293212890625,
              0.58251953125,
              0.75830078125,
              -0.0202789306640625
            ]
          ]
        ]
      },
      {
        "psnr": 13.483258247375488,
        "distortion": 0.033314816653728485,
        "rotation_rmse": 27.054508209228516,
        "translation_rmse_100": 33.59891128540039,
        "t_final": [
          [
            [
              0.495361328125,
              -0.3935546875,
              0.7744140625,
              -0.642578125
            ],
            [
              0.55810546875,
              0.8271484375,
              0.0633544921875,
              -0.1717529296875
            ],
            [
              -0.66552734375,
              0.40087890625,
              0.62939453125,
              0.130126953125
            ]
          ]
        ]
      },
      {
        "psnr": 11.744763374328613,
        "distortion": 0.023345939815044403,
        "rotation_rmse": 16.302047729492188,
        "translation_rmse_100": 14.941322326660156,
        "t_final": [
          [
            [
              0.9150390625,
              -0.175537109375,
              0.36328125,
              -0.46484375
            ],
            [
              0.25927734375,
              0.94580078125,
              -0.1959228515625,
              0.2384033203125
            ],
            [
              -0.309326171875,
              0.2734375,
              0.91064453125,
              -0.140625
            ]
          ]
        ]
      },
      {
        "psnr": 13.371886253356934,
        "distortion": 0.04503116011619568,
        "rotation_rmse": 36.20845031738281,
        "translation_rmse_100": 37.80698776245117,
        "t_final": [
          [
            [
              0.300537109375,
              -0.51318359375,
              0.80419921875,
              -0.5546875
            ],
            [
              0.73095703125,
              0.6650390625,
              0.1512451171875,
              -0.283935546875
            ],
            [
              -0.61279296875,
              0.54248046875,
              0.5751953125,
              0.1788330078125
            ]
          ]
        ]
      }
    ]
  },
  "fern_30_70_even_odd": {
    "best": {
      "psnr": 22.550308227539062,
      "distortion": 0.019300401210784912,
      "rotation_rmse": 0.06679784506559372,
      "translation_rmse_100": 0.07549382001161575,
      "t_final": [
        [
          [
            0.91357421875,
            0.1810302734375,
            0.36328125,
            -0.353515625
          ],
          [
            0.1055908203125,
            0.75830078125,
            -0.6435546875,
            0.33154296875
          ],
          [
            -0.391845703125,
            0.62646484375,
            0.673828125,
            0.07373046875
          ]
        ]
      ]
    },
    "stats_list": [
      {
        "psnr": 12.028374671936035,
        "distortion": 0.02416929043829441,
        "rotation_rmse": 12.486773490905762,
        "translation_rmse_100": 10.839242935180664,
        "t_final": [
          [
            [
              0.98388671875,
              -0.0709228515625,
              0.1640625,
              -0.45849609375
            ],
            [
              0.1417236328125,
              0.869140625,
              -0.473876953125,
              0.299560546875
            ],
            [
              -0.10894775390625,
              0.489501953125,
              0.865234375,
              -0.07861328125
            ]
          ]
        ]
      },
      {
        "psnr": 21.328231811523438,
        "distortion": 0.01865348033607006,
        "rotation_rmse": 0.11235999315977097,
        "translation_rmse_100": 0.11488287895917892,
        "t_final": [
          [
            [
              0.9140625,
              0.181396484375,
              0.36279296875,
              -0.353271484375
            ],
            [
              0.10443115234375,
              0.7587890625,
              -0.64306640625,
              0.33203125
            ],
            [
              -0.391845703125,
              0.62548828125,
              0.67431640625,
              0.07330322265625
            ]
          ]
        ]
      },
      {
        "psnr": 22.550308227539062,
        "distortion": 0.019300401210784912,
        "rotation_rmse": 0.06679784506559372,
        "translation_rmse_100": 0.07549382001161575,
        "t_final": [
          [
            [
              0.91357421875,
              0.1810302734375,
              0.36328125,
              -0.353515625
            ],
            [
              0.1055908203125,
              0.75830078125,
              -0.6435546875,
              0.33154296875
            ],
            [
              -0.391845703125,
              0.62646484375,
              0.673828125,
              0.07373046875
            ]
          ]
        ]
      },
      {
        "psnr": 13.252439498901367,
        "distortion": 0.02679142914712429,
        "rotation_rmse": 13.756902694702148,
        "translation_rmse_100": 16.5103816986084,
        "t_final": [
          [
            [
              0.79736328125,
              -0.1942138671875,
              0.57177734375,
              -0.560546875
            ],
            [
              0.4384765625,
              0.83740234375,
              -0.3271484375,
              0.15087890625
            ],
            [
              -0.4150390625,
              0.51123046875,
              0.75244140625,
              -0.0086212158203125
            ]
          ]
        ]
      },
      {
        "psnr": 11.613554000854492,
        "distortion": 0.030754413455724716,
        "rotation_rmse": 18.166183471679688,
        "translation_rmse_100": 18.237001419067383,
        "t_final": [
          [
            [
              0.92236328125,
              -0.2364501953125,
              0.304931640625,
              -0.50927734375
            ],
            [
              0.297607421875,
              0.93896484375,
              -0.1719970703125,
              0.1917724609375
            ],
            [
              -0.24560546875,
              0.2493896484375,
              0.9365234375,
              -0.1632080078125
            ]
          ]
        ]
      },
      {
        "psnr": 11.085006713867188,
        "distortion": 0.10031958669424057,
        "rotation_rmse": 10.222010612487793,
        "translation_rmse_100": 72.90050506591797,
        "t_final": [
          [
            [
              0.85107421875,
              -0.08172607421875,
              0.51904296875,
              0.0655517578125
            ],
            [
              0.383544921875,
              0.77197265625,
              -0.50732421875,
              -0.8037109375
            ],
            [
              -0.359130859375,
              0.63037109375,
              0.68798828125,
              -0.2880859375
            ]
          ]
        ]
      },
      {
        "psnr": 21.83365821838379,
        "distortion": 0.017193851992487907,
        "rotation_rmse": 0.06774868071079254,
        "translation_rmse_100": 0.06686554849147797,
        "t_final": [
          [
            [
              0.9140625,
              0.180419921875,
              0.363525390625,
              -0.353515625
            ],
            [
              0.10595703125,
              0.7587890625,
              -0.64306640625,
              0.3310546875
            ],
            [
              -0.391845703125,
              0.6259765625,
              0.67431640625,
              0.07354736328125
            ]
          ]
        ]
      },
      {
        "psnr": 21.67107391357422,
        "distortion": 0.01999511942267418,
        "rotation_rmse": 0.03792503476142883,
        "translation_rmse_100": 0.051264163106679916,
        "t_final": [
          [
            [
              0.91357421875,
              0.18017578125,
              0.364013671875,
              -0.353515625
            ],
            [
              0.10650634765625,
              0.75830078125,
              -0.64306640625,
              0.330810546875
            ],
            [
              -0.39208984375,
              0.62646484375,
              0.673828125,
              0.0738525390625
            ]
          ]
        ]
      },
      {
        "psnr": 16.262636184692383,
        "distortion": 0.019120603799819946,
        "rotation_rmse": 1.7306047677993774,
        "translation_rmse_100": 2.306290626525879,
        "t_final": [
          [
            [
              0.90283203125,
              0.1444091796875,
              0.40576171875,
              -0.3896484375
            ],
            [
              0.1512451171875,
              0.77587890625,
              -0.61279296875,
              0.312744140625
            ],
            [
              -0.403076171875,
              0.6142578125,
              0.67822265625,
              0.0699462890625
            ]
          ]
        ]
      },
      {
        "psnr": 12.617805480957031,
        "distortion": 0.040515173226594925,
        "rotation_rmse": 27.561233520507812,
        "translation_rmse_100": 17.56829833984375,
        "t_final": [
          [
            [
              0.448486328125,
              -0.11822509765625,
              0.8857421875,
              -0.50732421875
            ],
            [
              0.469970703125,
              0.8740234375,
              -0.121337890625,
              0.1546630859375
            ],
            [
              -0.76025390625,
              0.470458984375,
              0.44775390625,
              0.269775390625
            ]
          ]
        ]
      }
    ]
  },
  "fern_50_50": {
    "best": {
      "psnr": 22.80773162841797,
      "distortion": 0.02037813514471054,
      "rotation_rmse": 0.020549355074763298,
      "translation_rmse_100": 0.044531844556331635,
      "t_final": [
        [
          [
            0.91357421875,
            0.1802978515625,
            0.364990234375,
            -0.35498046875
          ],
          [
            0.10699462890625,
            0.7587890625,
            -0.642578125,
            0.33056640625
          ],
          [
            -0.392822265625,
            0.6259765625,
            0.67333984375,
            0.07440185546875
          ]
        ]
      ]
    },
    "stats_list": [
      {
        "psnr": 11.133417129516602,
        "distortion": 0.043680232018232346,
        "rotation_rmse": 17.693971633911133,
        "translation_rmse_100": 55.70820617675781,
        "t_final": [
          [
            [
              0.86279296875,
              -0.273193359375,
              0.42578125,
              0.25830078125
            ],
            [
              0.35986328125,
              0.9228515625,
              -0.1368408203125,
              -0.414794921875
            ],
            [
              -0.355712890625,
              0.271240234375,
              0.89453125,
              0.0872802734375
            ]
          ]
        ]
      },
      {
        "psnr": 19.980194091796875,
        "distortion": 0.016853196546435356,
        "rotation_rmse": 0.04644530639052391,
        "translation_rmse_100": 0.0429137758910656,
        "t_final": [
          [
            [
              0.9130859375,
              0.181396484375,
              0.364501953125,
              -0.3544921875
            ],
            [
              0.1058349609375,
              0.7587890625,
              -0.64306640625,
              0.331298828125
            ],
            [
              -0.39306640625,
              0.6259765625,
              0.673828125,
              0.07415771484375
            ]
          ]
        ]
      },
      {
        "psnr": 21.972549438476562,
        "distortion": 0.01858171634376049,
        "rotation_rmse": 0.03079235926270485,
        "translation_rmse_100": 0.05049756169319153,
        "t_final": [
          [
            [
              0.9130859375,
              0.1807861328125,
              0.36474609375,
              -0.35498046875
            ],
            [
              0.1064453125,
              0.7587890625,
              -0.642578125,
              0.3310546875
            ],
            [
              -0.39306640625,
              0.6259765625,
              0.673828125,
              0.07427978515625
            ]
          ]
        ]
      },
      {
        "psnr": 22.80773162841797,
        "distortion": 0.02037813514471054,
        "rotation_rmse": 0.020549355074763298,
        "translation_rmse_100": 0.044531844556331635,
        "t_final": [
          [
            [
              0.91357421875,
              0.1802978515625,
              0.364990234375,
              -0.35498046875
            ],
            [
              0.10699462890625,
              0.7587890625,
              -0.642578125,
              0.33056640625
            ],
            [
              -0.392822265625,
              0.6259765625,
              0.67333984375,
              0.07440185546875
            ]
          ]
        ]
      },
      {
        "psnr": 11.333719253540039,
        "distortion": 0.04165036231279373,
        "rotation_rmse": 20.19243049621582,
        "translation_rmse_100": 58.15612030029297,
        "t_final": [
          [
            [
              0.91015625,
              -0.1917724609375,
              0.3671875,
              0.271240234375
            ],
            [
              0.2314453125,
              0.970703125,
              -0.06671142578125,
              -0.379638671875
            ],
            [
              -0.343505859375,
              0.145751953125,
              0.927734375,
              -0.2705078125
            ]
          ]
        ]
      },
      {
        "psnr": 21.104656219482422,
        "distortion": 0.017212172970175743,
        "rotation_rmse": 0.03218719735741615,
        "translation_rmse_100": 0.041245490312576294,
        "t_final": [
          [
            [
              0.91357421875,
              0.1806640625,
              0.3642578125,
              -0.354248046875
            ],
            [
              0.10650634765625,
              0.75830078125,
              -0.64306640625,
              0.3310546875
            ],
            [
              -0.392578125,
              0.6259765625,
              0.673828125,
              0.07379150390625
            ]
          ]
        ]
      },
      {
        "psnr": 20.89800262451172,
        "distortion": 0.016934175044298172,
        "rotation_rmse": 0.0444888211786747,
        "translation_rmse_100": 0.02318243309855461,
        "t_final": [
          [
            [
              0.91357421875,
              0.1806640625,
              0.364501953125,
              -0.354248046875
            ],
            [
              0.107177734375,
              0.7578125,
              -0.64404296875,
              0.33056640625
            ],
            [
              -0.392578125,
              0.62744140625,
              0.6728515625,
              0.07476806640625
            ]
          ]
        ]
      },
      {
        "psnr": 12.904510498046875,
        "distortion": 0.06216452270746231,
        "rotation_rmse": 26.300966262817383,
        "translation_rmse_100": 24.380727767944336,
        "t_final": [
          [
            [
              0.517578125,
              -0.3935546875,
              0.759765625,
              -0.541015625
            ],
            [
              0.58740234375,
              0.80908203125,
              0.0189971923828125,
              -0.0462646484375
            ],
            [
              -0.6220703125,
              0.436279296875,
              0.64990234375,
              0.11138916015625
            ]
          ]
        ]
      },
      {
        "psnr": 20.476360321044922,
        "distortion": 0.017701152712106705,
        "rotation_rmse": 0.04342992976307869,
        "translation_rmse_100": 0.04388945549726486,
        "t_final": [
          [
            [
              0.9130859375,
              0.181640625,
              0.365234375,
              -0.3544921875
            ],
            [
              0.10614013671875,
              0.7587890625,
              -0.64306640625,
              0.331298828125
            ],
            [
              -0.393798828125,
              0.6259765625,
              0.67333984375,
              0.07464599609375
            ]
          ]
        ]
      },
      {
        "psnr": 12.89244556427002,
        "distortion": 0.034460656344890594,
        "rotation_rmse": 19.534595489501953,
        "translation_rmse_100": 26.866918563842773,
        "t_final": [
          [
            [
              0.66455078125,
              -0.2452392578125,
              0.7060546875,
              -0.52587890625
            ],
            [
              0.54736328125,
              0.80322265625,
              -0.2362060546875,
              -0.1014404296875
            ],
            [
              -0.5087890625,
              0.54345703125,
              0.66796875,
              0.09393310546875
            ]
          ]
        ]
      }
    ]
  },
  "horns_0_100_even_odd": {
    "best": {
      "psnr": 25.84450912475586,
      "distortion": 0.022346995770931244,
      "rotation_rmse": 0.009684601798653603,
      "translation_rmse_100": 0.029612058773636818,
      "t_final": [
        [
          [
            0.85595703125,
            0.1357421875,
            0.4990234375,
            -0.04437255859375
          ],
          [
            0.0343017578125,
            0.94775390625,
            -0.31689453125,
            0.1287841796875
          ],
          [
            -0.51611328125,
            0.288330078125,
            0.806640625,
            -0.237548828125
          ]
        ]
      ]
    },
    "stats_list": [
      {
        "psnr": 11.235148429870605,
        "distortion": 0.1183767169713974,
        "rotation_rmse": 28.573259353637695,
        "translation_rmse_100": 27.53569221496582,
        "t_final": [
          [
            [
              0.923828125,
              -0.38232421875,
              0.0242767333984375,
              0.1544189453125
            ],
            [
              0.315185546875,
              0.72265625,
              -0.615234375,
              -0.26025390625
            ],
            [
              0.2177734375,
              0.576171875,
              0.7880859375,
              -0.42919921875
            ]
          ]
        ]
      },
      {
        "psnr": 11.398674011230469,
        "distortion": 0.1634761095046997,
        "rotation_rmse": 25.19391441345215,
        "translation_rmse_100": 34.320743560791016,
        "t_final": [
          [
            [
              0.92431640625,
              -0.10980224609375,
              0.3662109375,
              0.2230224609375
            ],
            [
              0.3525390625,
              0.61572265625,
              -0.705078125,
              -0.277099609375
            ],
            [
              -0.14794921875,
              0.7802734375,
              0.607421875,
              -0.580078125
            ]
          ]
        ]
      },
      {
        "psnr": 12.05856990814209,
        "distortion": 0.052104510366916656,
        "rotation_rmse": 17.624372482299805,
        "translation_rmse_100": 20.89225959777832,
        "t_final": [
          [
            [
              0.86181640625,
              -0.282958984375,
              0.421142578125,
              -0.096923828125
            ],
            [
              0.4345703125,
              0.83984375,
              -0.3251953125,
              -0.2138671875
            ],
            [
              -0.26171875,
              0.463134765625,
              0.8466796875,
              -0.3408203125
            ]
          ]
        ]
      },
      {
        "psnr": 24.24945068359375,
        "distortion": 0.027161668986082077,
        "rotation_rmse": 0.0216965414583683,
        "translation_rmse_100": 0.0045552123337984085,
        "t_final": [
          [
            [
              0.85595703125,
              0.1356201171875,
              0.498779296875,
              -0.043853759765625
            ],
            [
              0.034210205078125,
              0.94775390625,
              -0.316650390625,
              0.1287841796875
            ],
            [
              -0.515625,
              0.2880859375,
              0.806640625,
              -0.237548828125
            ]
          ]
        ]
      },
      {
        "psnr": 23.374515533447266,
        "distortion": 0.024934876710176468,
        "rotation_rmse": 0.009302124381065369,
        "translation_rmse_100": 0.2066938877105713,
        "t_final": [
          [
            [
              0.85595703125,
              0.1361083984375,
              0.498779296875,
              -0.040374755859375
            ],
            [
              0.034149169921875,
              0.94775390625,
              -0.317138671875,
              0.129638671875
            ],
            [
              -0.51611328125,
              0.28857421875,
              0.806640625,
              -0.2376708984375
            ]
          ]
        ]
      },
      {
        "psnr": 22.96579360961914,
        "distortion": 0.026731770485639572,
        "rotation_rmse": 0.021043382585048676,
        "translation_rmse_100": 0.0193522609770298,
        "t_final": [
          [
            [
              0.85546875,
              0.1363525390625,
              0.4990234375,
              -0.043548583984375
            ],
            [
              0.03424072265625,
              0.94775390625,
              -0.317626953125,
              0.12890625
            ],
            [
              -0.51611328125,
              0.2890625,
              0.80615234375,
              -0.2374267578125
            ]
          ]
        ]
      },
      {
        "psnr": 24.124561309814453,
        "distortion": 0.03175206109881401,
        "rotation_rmse": 0.011582078412175179,
        "translation_rmse_100": 0.02581966109573841,
        "t_final": [
          [
            [
              0.85595703125,
              0.1358642578125,
              0.499267578125,
              -0.044219970703125
            ],
            [
              0.034393310546875,
              0.94775390625,
              -0.31689453125,
              0.12890625
            ],
            [
              -0.51611328125,
              0.288330078125,
              0.806640625,
              -0.23779296875
            ]
          ]
        ]
      },
      {
        "psnr": 23.85481071472168,
        "distortion": 0.04047873616218567,
        "rotation_rmse": 0.009224358014762402,
        "translation_rmse_100": 0.017253903672099113,
        "t_final": [
          [
            [
              0.85595703125,
              0.1357421875,
              0.4990234375,
              -0.043609619140625
            ],
            [
              0.03448486328125,
              0.94775390625,
              -0.317138671875,
              0.12890625
            ],
            [
              -0.51611328125,
              0.288818359375,
              0.806640625,
              -0.2376708984375
            ]
          ]
        ]
      },
      {
        "psnr": 10.782893180847168,
        "distortion": 0.0984911099076271,
        "rotation_rmse": 21.65898323059082,
        "translation_rmse_100": 30.32550811767578,
        "t_final": [
          [
            [
              0.97802734375,
              -0.1705322265625,
              0.12139892578125,
              0.4072265625
            ],
            [
              0.209228515625,
              0.7744140625,
              -0.59716796875,
              0.0308685302734375
            ],
            [
              0.0078887939453125,
              0.609375,
              0.79296875,
              0.01308441162109375
            ]
          ]
        ]
      },
      {
        "psnr": 25.84450912475586,
        "distortion": 0.022346995770931244,
        "rotation_rmse": 0.009684601798653603,
        "translation_rmse_100": 0.029612058773636818,
        "t_final": [
          [
            [
              0.85595703125,
              0.1357421875,
              0.4990234375,
              -0.04437255859375
            ],
            [
              0.0343017578125,
              0.94775390625,
              -0.31689453125,
              0.1287841796875
            ],
            [
              -0.51611328125,
              0.288330078125,
              0.806640625,
              -0.237548828125
            ]
          ]
        ]
      }
    ]
  },
  "horns_30_70_even_odd": {
    "best": {
      "psnr": 28.192325592041016,
      "distortion": 0.011136652901768684,
      "rotation_rmse": 0.018992848694324493,
      "translation_rmse_100": 0.01167844794690609,
      "t_final": [
        [
          [
            0.85595703125,
            0.1358642578125,
            0.49853515625,
            -0.043670654296875
          ],
          [
            0.0341796875,
            0.94775390625,
            -0.31689453125,
            0.12890625
          ],
          [
            -0.515625,
            0.288330078125,
            0.806640625,
            -0.237548828125
          ]
        ]
      ]
    },
    "stats_list": [
      {
        "psnr": 8.77897834777832,
        "distortion": 0.055306993424892426,
        "rotation_rmse": 20.67013931274414,
        "translation_rmse_100": 21.38933753967285,
        "t_final": [
          [
            [
              0.96484375,
              -0.2159423828125,
              0.1492919921875,
              -0.058258056640625
            ],
            [
              0.262451171875,
              0.81005859375,
              -0.52392578125,
              -0.055419921875
            ],
            [
              -0.00786590576171875,
              0.544921875,
              0.83837890625,
              -0.55859375
            ]
          ]
        ]
      },
      {
        "psnr": 11.137821197509766,
        "distortion": 0.14951518177986145,
        "rotation_rmse": 24.105730056762695,
        "translation_rmse_100": 47.61297607421875,
        "t_final": [
          [
            [
              0.86865234375,
              -0.1337890625,
              0.477294921875,
              0.435302734375
            ],
            [
              0.434814453125,
              0.66796875,
              -0.60400390625,
              -0.25927734375
            ],
            [
              -0.238037109375,
              0.73193359375,
              0.63818359375,
              0.31005859375
            ]
          ]
        ]
      },
      {
        "psnr": 11.887693405151367,
        "distortion": 0.035994693636894226,
        "rotation_rmse": 23.373538970947266,
        "translation_rmse_100": 23.524751663208008,
        "t_final": [
          [
            [
              0.9580078125,
              -0.282470703125,
              -0.04736328125,
              -0.112548828125
            ],
            [
              0.259033203125,
              0.9248046875,
              -0.27783203125,
              -0.178466796875
            ],
            [
              0.122314453125,
              0.25390625,
              0.95947265625,
              -0.49609375
            ]
          ]
        ]
      },
      {
        "psnr": 11.075336456298828,
        "distortion": 0.09420978277921677,
        "rotation_rmse": 19.423892974853516,
        "translation_rmse_100": 12.611616134643555,
        "t_final": [
          [
            [
              0.86279296875,
              0.195556640625,
              0.4658203125,
              0.09417724609375
            ],
            [
              0.212890625,
              0.69580078125,
              -0.68603515625,
              0.1123046875
            ],
            [
              -0.458251953125,
              0.69140625,
              0.55859375,
              -0.406005859375
            ]
          ]
        ]
      },
      {
        "psnr": 28.192325592041016,
        "distortion": 0.011136652901768684,
        "rotation_rmse": 0.018992848694324493,
        "translation_rmse_100": 0.01167844794690609,
        "t_final": [
          [
            [
              0.85595703125,
              0.1358642578125,
              0.49853515625,
              -0.043670654296875
            ],
            [
              0.0341796875,
              0.94775390625,
              -0.31689453125,
              0.12890625
            ],
            [
              -0.515625,
              0.288330078125,
              0.806640625,
              -0.237548828125
            ]
          ]
        ]
      },
      {
        "psnr": 11.313959121704102,
        "distortion": 0.07152359187602997,
        "rotation_rmse": 9.835539817810059,
        "translation_rmse_100": 57.78077697753906,
        "t_final": [
          [
            [
              0.837890625,
              0.34130859375,
              0.42578125,
              -0.7333984375
            ],
            [
              -0.2012939453125,
              0.9189453125,
              -0.340087890625,
              -0.326416015625
            ],
            [
              -0.50732421875,
              0.19921875,
              0.83837890625,
              0.3271484375
            ]
          ]
        ]
      },
      {
        "psnr": 10.962422370910645,
        "distortion": 0.11352524161338806,
        "rotation_rmse": 17.02762222290039,
        "translation_rmse_100": 29.343557357788086,
        "t_final": [
          [
            [
              0.8701171875,
              0.01342010498046875,
              0.492919921875,
              0.455078125
            ],
            [
              0.29833984375,
              0.78125,
              -0.5478515625,
              0.2144775390625
            ],
            [
              -0.392333984375,
              0.6240234375,
              0.67578125,
              -0.1923828125
            ]
          ]
        ]
      },
      {
        "psnr": 11.689955711364746,
        "distortion": 0.0988241657614708,
        "rotation_rmse": 12.676551818847656,
        "translation_rmse_100": 36.51765441894531,
        "t_final": [
          [
            [
              0.92529296875,
              0.1806640625,
              0.332763671875,
              0.56884765625
            ],
            [
              0.06732177734375,
              0.78662109375,
              -0.6142578125,
              0.1591796875
            ],
            [
              -0.372802734375,
              0.5908203125,
              0.7158203125,
              -0.08349609375
            ]
          ]
        ]
      },
      {
        "psnr": 11.229412078857422,
        "distortion": 0.06575828045606613,
        "rotation_rmse": 14.670222282409668,
        "translation_rmse_100": 19.30058479309082,
        "t_final": [
          [
            [
              0.81982421875,
              0.53125,
              0.2132568359375,
              -0.360107421875
            ],
            [
              -0.318603515625,
              0.73291015625,
              -0.60107421875,
              0.03948974609375
            ],
            [
              -0.4755859375,
              0.425048828125,
              0.77001953125,
              -0.298828125
            ]
          ]
        ]
      },
      {
        "psnr": 12.132133483886719,
        "distortion": 0.04231584444642067,
        "rotation_rmse": 26.54120445251465,
        "translation_rmse_100": 44.23046112060547,
        "t_final": [
          [
            [
              0.9111328125,
              -0.1937255859375,
              0.36376953125,
              -0.4423828125
            ],
            [
              0.40283203125,
              0.60498046875,
              -0.6865234375,
              -0.448974609375
            ],
            [
              -0.087158203125,
              0.7724609375,
              0.62939453125,
              -0.54443359375
            ]
          ]
        ]
      }
    ]
  },
  "horns_50_50": {
    "best": {
      "psnr": 27.959814071655273,
      "distortion": 0.008479705080389977,
      "rotation_rmse": 0.011981116607785225,
      "translation_rmse_100": 0.01306573860347271,
      "t_final": [
        [
          [
            0.85595703125,
            0.1356201171875,
            0.498779296875,
            -0.043975830078125
          ],
          [
            0.0345458984375,
            0.94775390625,
            -0.31689453125,
            0.128662109375
          ],
          [
            -0.515625,
            0.28857421875,
            0.806640625,
            -0.237548828125
          ]
        ]
      ]
    },
    "stats_list": [
      {
        "psnr": 27.959814071655273,
        "distortion": 0.008479705080389977,
        "rotation_rmse": 0.011981116607785225,
        "translation_rmse_100": 0.01306573860347271,
        "t_final": [
          [
            [
              0.85595703125,
              0.1356201171875,
              0.498779296875,
              -0.043975830078125
            ],
            [
              0.0345458984375,
              0.94775390625,
              -0.31689453125,
              0.128662109375
            ],
            [
              -0.515625,
              0.28857421875,
              0.806640625,
              -0.237548828125
            ]
          ]
        ]
      },
      {
        "psnr": 12.442091941833496,
        "distortion": 0.015591316856443882,
        "rotation_rmse": 23.479772567749023,
        "translation_rmse_100": 6.301629543304443,
        "t_final": [
          [
            [
              0.90869140625,
              -0.2364501953125,
              0.343505859375,
              -0.1309814453125
            ],
            [
              0.405029296875,
              0.69677734375,
              -0.59228515625,
              0.08251953125
            ],
            [
              -0.0992431640625,
              0.67724609375,
              0.72900390625,
              -0.2841796875
            ]
          ]
        ]
      },
      {
        "psnr": 23.7507381439209,
        "distortion": 0.012664619833230972,
        "rotation_rmse": 0.012039853259921074,
        "translation_rmse_100": 0.031354643404483795,
        "t_final": [
          [
