{
  "F_15_C_Jungle_Camo16c6": {
    "best": {
      "psnr": 3.070673704147339,
      "distortion": 0.0006356014055199921,
      "rotation_rmse": 138.55474926684036,
      "translation_rmse_100": 6.5187482833862305,
      "t_final": [
        [
          [
            -0.5,
            0.8662109375,
            0.0,
            0.0
          ],
          [
            -0.8662109375,
            -0.5,
            0.0,
            0.0
          ],
          [
            0.0,
            0.0,
            1.0,
            0.0
          ]
        ]
      ]
    },
    "stats_list": [
      {
        "psnr": 3.070673704147339,
        "distortion": 0.0006356014055199921,
        "rotation_rmse": 138.55474926684036,
        "translation_rmse_100": 6.5187482833862305,
        "t_final": [
          [
            [
              -0.5,
              0.8662109375,
              0.0,
              0.0
            ],
            [
              -0.8662109375,
              -0.5,
              0.0,
              0.0
            ],
            [
              0.0,
              0.0,
              1.0,
              0.0
            ]
          ]
        ]
      }
    ]
  },
  "Hl_Maximilian09f0": {
    "best": {
      "psnr": 10.481451034545898,
      "distortion": 0.0006797969108447433,
      "rotation_rmse": 172.10810001727975,
      "translation_rmse_100": 5.415501594543457,
      "t_final": [
        [
          [
            0.931640625,
            -0.3388671875,
            0.13134765625,
            -0.016753651201725006
          ],
          [
            0.329345703125,
            0.93994140625,
            0.08892822265625,
            0.1622191071510315
          ],
          [
            -0.153564453125,
            -0.03955078125,
            0.9873046875,
            0.3245837092399597
          ]
        ]
      ]
    },
    "stats_list": [
      {
        "psnr": 10.481451034545898,
        "distortion": 0.0006797969108447433,
        "rotation_rmse": 172.10810001727975,
        "translation_rmse_100": 5.415501594543457,
        "t_final": [
          [
            [
              0.931640625,
              -0.3388671875,
              0.13134765625,
              -0.016753651201725006
            ],
            [
              0.329345703125,
              0.93994140625,
              0.08892822265625,
              0.1622191071510315
            ],
            [
              -0.153564453125,
              -0.03955078125,
              0.9873046875,
              0.3245837092399597
            ]
          ]
        ]
      }
    ]
  },
  "MiG_23_Desert_Camo089f": {
    "best": {
      "psnr": 8.679274559020996,
      "distortion": 0.0017205437179654837,
      "rotation_rmse": 174.09984772701617,
      "translation_rmse_100": 50.695526123046875,
      "t_final": [
        [
          [
            0.403564453125,
            0.371826171875,
            0.83544921875,
            0.25899797677993774
          ],
          [
            0.91259765625,
            -0.215576171875,
            -0.34619140625,
            0.3031148314476013
          ],
          [
            0.05108642578125,
            0.90283203125,
            -0.4267578125,
            -0.3362140655517578
          ]
        ]
      ]
    },
    "stats_list": [
      {
        "psnr": 8.679274559020996,
        "distortion": 0.0017205437179654837,
        "rotation_rmse": 174.09984772701617,
        "translation_rmse_100": 50.695526123046875,
        "t_final": [
          [
            [
              0.403564453125,
              0.371826171875,
              0.83544921875,
              0.25899797677993774
            ],
            [
              0.91259765625,
              -0.215576171875,
              -0.34619140625,
              0.3031148314476013
            ],
            [
              0.05108642578125,
              0.90283203125,
              -0.4267578125,
              -0.3362140655517578
            ]
          ]
        ]
      }
    ]
  },
  "Tolix_Industrial_Chairs3f2d": {
    "best": {
      "psnr": 8.570688247680664,
      "distortion": 0.0031312694773077965,
      "rotation_rmse": 82.41513847931603,
      "translation_rmse_100": 0.24245232343673706,
      "t_final": [
        [
          [
            -0.7724609375,
            -0.51220703125,
            0.37548828125,
            0.10186251997947693
          ],
          [
            0.5087890625,
            -0.1455078125,
            0.8486328125,
            0.05010489001870155
          ],
          [
            -0.3798828125,
            0.84619140625,
            0.373046875,
            0.11821325123310089
          ]
        ]
      ]
    },
    "stats_list": [
      {
        "psnr": 8.570688247680664,
        "distortion": 0.0031312694773077965,
        "rotation_rmse": 82.41513847931603,
        "translation_rmse_100": 0.24245232343673706,
        "t_final": [
          [
            [
              -0.7724609375,
              -0.51220703125,
              0.37548828125,
              0.10186251997947693
            ],
            [
              0.5087890625,
              -0.1455078125,
              0.8486328125,
              0.05010489001870155
            ],
            [
              -0.3798828125,
              0.84619140625,
              0.373046875,
              0.11821325123310089
            ]
          ]
        ]
      }
    ]
  },
  "Procedural_Bananas3a07": {
    "best": {
      "psnr": 9.794456481933594,
      "distortion": 0.0011408489663153887,
      "rotation_rmse": 165.39647592031983,
      "translation_rmse_100": 14.888053894042969,
      "t_final": [
        [
          [
            0.990234375,
            0.139892578125,
            0.01312255859375,
            -0.021180151030421257
          ],
          [
            -0.1402587890625,
            0.97998046875,
            0.139892578125,
            -0.0007561856182292104
          ],
          [
            0.006694793701171875,
            -0.1402587890625,
            0.990234375,
            -0.020273158326745033
          ]
        ]
      ]
    },
    "stats_list": [
      {
        "psnr": 9.794456481933594,
        "distortion": 0.0011408489663153887,
        "rotation_rmse": 165.39647592031983,
        "translation_rmse_100": 14.888053894042969,
        "t_final": [
          [
            [
              0.990234375,
              0.139892578125,
              0.01312255859375,
              -0.021180151030421257
            ],
            [
              -0.1402587890625,
              0.97998046875,
              0.139892578125,
              -0.0007561856182292104
            ],
            [
              0.006694793701171875,
              -0.1402587890625,
              0.990234375,
              -0.020273158326745033
            ]
          ]
        ]
      }
    ]
  },
  "Banana_for_scale0a07": {
    "best": {
      "psnr": 17.533540725708008,
      "distortion": 0.0003143219801131636,
      "rotation_rmse": 172.8906125765945,
      "translation_rmse_100": 18.603750228881836,
      "t_final": [
        [
          [
            -0.97607421875,
            0.11822509765625,
            0.1815185546875,
            0.33750617504119873
          ],
          [
            0.1700439453125,
            -0.0999755859375,
            0.98046875,
            -0.2797788679599762
          ],
          [
            0.134033203125,
            0.98779296875,
            0.0767822265625,
            0.022548675537109375
          ]
        ]
      ]
    },
    "stats_list": [
      {
        "psnr": 17.533540725708008,
        "distortion": 0.0003143219801131636,
        "rotation_rmse": 172.8906125765945,
        "translation_rmse_100": 18.603750228881836,
        "t_final": [
          [
            [
              -0.97607421875,
              0.11822509765625,
              0.1815185546875,
              0.33750617504119873
            ],
            [
              0.1700439453125,
              -0.0999755859375,
              0.98046875,
              -0.2797788679599762
            ],
            [
              0.134033203125,
              0.98779296875,
              0.0767822265625,
              0.022548675537109375
            ]
          ]
        ]
      }
    ]
  },
  "PB170_Sneaker_Sm18c3": {
    "best": {
      "psnr": 21.271953582763672,
      "distortion": 0.0011680021416395903,
      "rotation_rmse": 2.650742838247089,
      "translation_rmse_100": 1.4889016151428223,
      "t_final": [
        [
          [
            0.62890625,
            -0.71630859375,
            0.302490234375,
            0.15383273363113403
          ],
          [
            0.71337890625,
            0.6865234375,
            0.14208984375,
            0.005126789212226868
          ],
          [
            -0.309326171875,
            0.12646484375,
            0.9423828125,
            0.3297743499279022
          ]
        ]
      ]
    },
    "stats_list": [
      {
        "psnr": 21.271953582763672,
        "distortion": 0.0011680021416395903,
        "rotation_rmse": 2.650742838247089,
        "translation_rmse_100": 1.4889016151428223,
        "t_final": [
          [
            [
              0.62890625,
              -0.71630859375,
              0.302490234375,
              0.15383273363113403
            ],
            [
              0.71337890625,
              0.6865234375,
              0.14208984375,
              0.005126789212226868
            ],
            [
              -0.309326171875,
              0.12646484375,
              0.9423828125,
              0.3297743499279022
            ]
          ]
        ]
      }
    ]
  },
  "Acoustic_Guitar0aa0": {
    "best": {
      "psnr": 12.137435913085938,
      "distortion": 0.0006367886089719832,
      "rotation_rmse": 35.064283301671104,
      "translation_rmse_100": 20.919185638427734,
      "t_final": [
        [
          [
            0.5546875,
            -0.65380859375,
            -0.5146484375,
            -0.12102815508842468
          ],
          [
            0.63330078125,
            0.73291015625,
            -0.2486572265625,
            0.18342138826847076
          ],
          [
            0.5400390625,
            -0.18798828125,
            0.8203125,
            0.03136615455150604
          ]
        ]
      ]
    },
    "stats_list": [
      {
        "psnr": 12.137435913085938,
        "distortion": 0.0006367886089719832,
        "rotation_rmse": 35.064283301671104,
        "translation_rmse_100": 20.919185638427734,
        "t_final": [
          [
            [
              0.5546875,
              -0.65380859375,
              -0.5146484375,
              -0.12102815508842468
            ],
            [
              0.63330078125,
              0.73291015625,
              -0.2486572265625,
              0.18342138826847076
            ],
            [
              0.5400390625,
              -0.18798828125,
              0.8203125,
              0.03136615455150604
            ]
          ]
        ]
      }
    ]
  },
  "Banana_3D_Scan2373": {
    "best": {
      "psnr": 12.249835968017578,
      "distortion": 0.0005384805845096707,
      "rotation_rmse": 179.9743765482302,
      "translation_rmse_100": 32.822696685791016,
      "t_final": [
        [
          [
            0.089599609375,
            -0.79248046875,
            0.603515625,
            -0.41938871145248413
          ],
          [
            0.953125,
            -0.10772705078125,
            -0.282958984375,
            0.29288387298583984
          ],
          [
            0.2890625,
            0.6005859375,
            0.74560546875,
            0.18169444799423218
          ]
        ]
      ]
    },
    "stats_list": [
      {
        "psnr": 12.249835968017578,
        "distortion": 0.0005384805845096707,
        "rotation_rmse": 179.9743765482302,
        "translation_rmse_100": 32.822696685791016,
        "t_final": [
          [
            [
              0.089599609375,
              -0.79248046875,
              0.603515625,
              -0.41938871145248413
            ],
            [
              0.953125,
              -0.10772705078125,
              -0.282958984375,
              0.29288387298583984
            ],
            [
              0.2890625,
              0.6005859375,
              0.74560546875,
              0.18169444799423218
            ]
          ]
        ]
      }
    ]
  },
  "Test_Model15b4": {
    "best": {
      "psnr": 8.93752670288086,
      "distortion": 0.004496488254517317,
      "rotation_rmse": 176.57512790416388,
      "translation_rmse_100": 18.817398071289062,
      "t_final": [
        [
          [
            -0.0992431640625,
            0.3388671875,
            0.935546875,
            0.13665050268173218
          ],
          [
            0.869140625,
            -0.428466796875,
            0.2471923828125,
            0.18781214952468872
          ],
          [
            0.484375,
            0.83740234375,
            -0.251953125,
            0.07757372409105301
          ]
        ]
      ]
    },
    "stats_list": [
      {
        "psnr": 8.93752670288086,
        "distortion": 0.004496488254517317,
        "rotation_rmse": 176.57512790416388,
        "translation_rmse_100": 18.817398071289062,
        "t_final": [
          [
            [
              -0.0992431640625,
              0.3388671875,
              0.935546875,
              0.13665050268173218
            ],
            [
              0.869140625,
              -0.428466796875,
              0.2471923828125,
              0.18781214952468872
            ],
            [
              0.484375,
              0.83740234375,
              -0.251953125,
              0.07757372409105301
            ]
          ]
        ]
      }
    ]
  },
  "Hunter_Boy_With_Rabbit_Figurine0a5b": {
    "best": {
      "psnr": 7.163519382476807,
      "distortion": 0.012246085330843925,
      "rotation_rmse": 112.21618397220399,
      "translation_rmse_100": 134.79632568359375,
      "t_final": [
        [
          [
            -0.72607421875,
            -0.60498046875,
            -0.326904296875,
            -1.047153353691101
          ],
          [
            0.58837890625,
            -0.79248046875,
            0.1612548828125,
            -0.1784675270318985
          ],
          [
            -0.35693359375,
            -0.0753173828125,
            0.93115234375,
            0.24393638968467712
          ]
        ]
      ]
    },
    "stats_list": [
      {
        "psnr": 7.163519382476807,
        "distortion": 0.012246085330843925,
        "rotation_rmse": 112.21618397220399,
        "translation_rmse_100": 134.79632568359375,
        "t_final": [
          [
            [
              -0.72607421875,
              -0.60498046875,
              -0.326904296875,
              -1.047153353691101
            ],
            [
              0.58837890625,
              -0.79248046875,
              0.1612548828125,
              -0.1784675270318985
            ],
            [
              -0.35693359375,
              -0.0753173828125,
              0.93115234375,
              0.24393638968467712
            ]
          ]
        ]
      }
    ]
  },
  "Elephant1608": {
    "best": {
      "psnr": 8.81206226348877,
      "distortion": 0.0009577451855875552,
      "rotation_rmse": 167.32632998963496,
      "translation_rmse_100": 55.85395050048828,
      "t_final": [
        [
          [
            -0.160400390625,
            -0.853515625,
            0.495361328125,
            0.1866583526134491
          ],
          [
            0.0870361328125,
            -0.51220703125,
            -0.8544921875,
            0.2720465064048767
          ],
          [
            0.98291015625,
            -0.0938720703125,
            0.156494140625,
            -0.22349795699119568
          ]
        ]
      ]
    },
    "stats_list": [
      {
        "psnr": 8.81206226348877,
        "distortion": 0.0009577451855875552,
        "rotation_rmse": 167.32632998963496,
        "translation_rmse_100": 55.85395050048828,
        "t_final": [
          [
            [
              -0.160400390625,
              -0.853515625,
              0.495361328125,
              0.1866583526134491
            ],
            [
              0.0870361328125,
              -0.51220703125,
              -0.8544921875,
              0.2720465064048767
            ],
            [
              0.98291015625,
              -0.0938720703125,
              0.156494140625,
              -0.22349795699119568
            ]
          ]
        ]
      }
    ]
  },
  "Ornate_Medieval_Shield22a7": {
    "best": {
      "psnr": 11.855104446411133,
      "distortion": 0.0018484562169760466,
      "rotation_rmse": 164.97632446053086,
      "translation_rmse_100": 14.282756805419922,
      "t_final": [
        [
          [
            -0.050384521484375,
            -0.2015380859375,
            0.978515625,
            -0.10271619260311127
          ],
          [
            0.99853515625,
            -0.0223236083984375,
            0.047027587890625,
            0.3631123900413513
          ],
          [
            0.01233673095703125,
            0.97900390625,
            0.2025146484375,
            0.4538366496562958
          ]
        ]
      ]
    },
    "stats_list": [
      {
        "psnr": 11.855104446411133,
        "distortion": 0.0018484562169760466,
        "rotation_rmse": 164.97632446053086,
        "translation_rmse_100": 14.282756805419922,
        "t_final": [
          [
            [
              -0.050384521484375,
              -0.2015380859375,
              0.978515625,
              -0.10271619260311127
            ],
            [
              0.99853515625,
              -0.0223236083984375,
              0.047027587890625,
              0.3631123900413513
            ],
            [
              0.01233673095703125,
              0.97900390625,
              0.2025146484375,
              0.4538366496562958
            ]
          ]
        ]
      }
    ]
  },
  "Vikings_shield_and_axe1973": {
    "best": {
      "psnr": 13.79460620880127,
      "distortion": 0.0005637723952531815,
      "rotation_rmse": 175.22029015679936,
      "translation_rmse_100": 45.456031799316406,
      "t_final": [
        [
          [
            -0.14306640625,
            0.87451171875,
            -0.4638671875,
            -0.05606427043676376
          ],
          [
            -0.8486328125,
            0.133056640625,
            0.51220703125,
            0.14167985320091248
          ],
          [
            0.50927734375,
            0.466796875,
            0.72314453125,
            0.027158595621585846
          ]
        ]
      ]
    },
    "stats_list": [
      {
        "psnr": 13.79460620880127,
        "distortion": 0.0005637723952531815,
        "rotation_rmse": 175.22029015679936,
        "translation_rmse_100": 45.456031799316406,
        "t_final": [
          [
            [
              -0.14306640625,
              0.87451171875,
              -0.4638671875,
              -0.05606427043676376
            ],
            [
              -0.8486328125,
              0.133056640625,
              0.51220703125,
              0.14167985320091248
            ],
            [
              0.50927734375,
              0.466796875,
              0.72314453125,
              0.027158595621585846
            ]
          ]
        ]
      }
    ]
  },
  "Xbox_360_Controller0866": {
    "best": {
      "psnr": 8.48458480834961,
      "distortion": 0.011573960073292255,
      "rotation_rmse": 159.49325993528586,
      "translation_rmse_100": 6.586204528808594,
      "t_final": [
        [
          [
            -0.7216796875,
            0.658203125,
            0.2154541015625,
            -0.01809961348772049
          ],
          [
            -0.6923828125,
            -0.68505859375,
            -0.2265625,
            0.33220088481903076
          ],
          [
            -0.00153350830078125,
            -0.3125,
            0.94921875,
            -1.2152434587478638
          ]
        ]
      ]
    },
    "stats_list": [
      {
        "psnr": 8.48458480834961,
        "distortion": 0.011573960073292255,
        "rotation_rmse": 159.49325993528586,
        "translation_rmse_100": 6.586204528808594,
        "t_final": [
          [
            [
              -0.7216796875,
              0.658203125,
              0.2154541015625,
              -0.01809961348772049
            ],
            [
              -0.6923828125,
              -0.68505859375,
              -0.2265625,
              0.33220088481903076
            ],
            [
              -0.00153350830078125,
              -0.3125,
              0.94921875,
              -1.2152434587478638
            ]
          ]
        ]
      }
    ]
  },
  "Petroleum_lamp0230": {
    "best": {
      "psnr": 7.120802879333496,
      "distortion": 0.0016721421852707863,
      "rotation_rmse": 47.96886920730685,
      "translation_rmse_100": 38.7080078125,
      "t_final": [
        [
          [
            -0.5,
            0.0,
            0.8662109375,
            0.0
          ],
          [
            0.0,
            1.0,
            0.0,
            0.0
          ],
          [
            -0.8662109375,
            0.0,
            -0.5,
            0.0
          ]
        ]
      ]
    },
    "stats_list": [
      {
        "psnr": 7.120802879333496,
        "distortion": 0.0016721421852707863,
        "rotation_rmse": 47.96886920730685,
        "translation_rmse_100": 38.7080078125,
        "t_final": [
          [
            [
              -0.5,
              0.0,
              0.8662109375,
              0.0
            ],
            [
              0.0,
              1.0,
              0.0,
              0.0
            ],
            [
              -0.8662109375,
              0.0,
              -0.5,
              0.0
            ]
          ]
        ]
      }
    ]
  },
  "26851W_Odeon_Lightab66": {
    "best": {
      "psnr": 16.384428024291992,
      "distortion": 0.0015193808358162642,
      "rotation_rmse": 0.8979385566853152,
      "translation_rmse_100": 0.08988082408905029,
      "t_final": [
        [
          [
            -0.83740234375,
            -0.205322265625,
            -0.5068359375,
            0.06498983502388
          ],
          [
            -0.41796875,
            -0.356689453125,
            0.8349609375,
            0.30837514996528625
          ],
          [
            -0.35205078125,
            0.91162109375,
            0.2125244140625,
            -0.28348833322525024
          ]
        ]
      ]
    },
    "stats_list": [
      {
        "psnr": 16.384428024291992,
        "distortion": 0.0015193808358162642,
        "rotation_rmse": 0.8979385566853152,
        "translation_rmse_100": 0.08988082408905029,
        "t_final": [
          [
            [
              -0.83740234375,
              -0.205322265625,
              -0.5068359375,
              0.06498983502388
            ],
            [
              -0.41796875,
              -0.356689453125,
              0.8349609375,
              0.30837514996528625
            ],
            [
              -0.35205078125,
              0.91162109375,
              0.2125244140625,
              -0.28348833322525024
            ]
          ]
        ]
      }
    ]
  },
  "Teddy1b47": {
    "best": {
      "psnr": 10.059301376342773,
      "distortion": 0.0014318376779556274,
      "rotation_rmse": 166.6870023544633,
      "translation_rmse_100": 12.966522216796875,
      "t_final": [
        [
          [
            -0.69921875,
            -0.5107421875,
            0.50048828125,
            -0.022616084665060043
          ],
          [
            0.4833984375,
            0.1776123046875,
            0.8564453125,
            -0.15222163498401642
          ],
          [
            -0.52685546875,
            0.84130859375,
            0.1224365234375,
            0.0395791120827198
          ]
        ]
      ]
    },
    "stats_list": [
      {
        "psnr": 10.059301376342773,
        "distortion": 0.0014318376779556274,
        "rotation_rmse": 166.6870023544633,
        "translation_rmse_100": 12.966522216796875,
        "t_final": [
          [
            [
              -0.69921875,
              -0.5107421875,
              0.50048828125,
              -0.022616084665060043
            ],
            [
              0.4833984375,
              0.1776123046875,
              0.8564453125,
              -0.15222163498401642
            ],
            [
              -0.52685546875,
              0.84130859375,
              0.1224365234375,
              0.0395791120827198
            ]
          ]
        ]
      }
    ]
  },
  "Figura_San_Juan260d": {
    "best": {
      "psnr": 11.124063491821289,
      "distortion": 0.0004995239432901144,
      "rotation_rmse": 89.72080202752663,
      "translation_rmse_100": 1.627609133720398,
      "t_final": [
        [
          [
            0.79931640625,
            0.3623046875,
            0.47900390625,
            -0.1364232450723648
          ],
          [
            -0.5224609375,
            0.0255889892578125,
            0.85205078125,
            0.24096697568893433
          ],
          [
            0.29638671875,
            -0.931640625,
            0.2095947265625,
            0.011853039264678955
          ]
        ]
      ]
    },
    "stats_list": [
      {
        "psnr": 11.124063491821289,
        "distortion": 0.0004995239432901144,
        "rotation_rmse": 89.72080202752663,
        "translation_rmse_100": 1.627609133720398,
        "t_final": [
          [
            [
              0.79931640625,
              0.3623046875,
              0.47900390625,
              -0.1364232450723648
            ],
            [
              -0.5224609375,
              0.0255889892578125,
              0.85205078125,
              0.24096697568893433
            ],
            [
              0.29638671875,
              -0.931640625,
              0.2095947265625,
              0.011853039264678955
            ]
          ]
        ]
      }
    ]
  },
  "Stylized_Skateboard10c7": {
    "best": {
      "psnr": 8.208861351013184,
      "distortion": 0.0019813235849142075,
      "rotation_rmse": 124.7288759590439,
      "translation_rmse_100": 132.22869873046875,
      "t_final": [
        [
          [
            -0.6796875,
            0.421875,
            -0.60009765625,
            0.9960689544677734
          ],
          [
            -0.501953125,
            -0.86376953125,
            -0.038726806640625,
            -1.8708888292312622
          ],
          [
            -0.53466796875,
            0.27490234375,
            0.79931640625,
            0.4116411805152893
          ]
        ]
      ]
    },
    "stats_list": [
      {
        "psnr": 8.208861351013184,
        "distortion": 0.0019813235849142075,
        "rotation_rmse": 124.7288759590439,
        "translation_rmse_100": 132.22869873046875,
        "t_final": [
          [
            [
              -0.6796875,
              0.421875,
              -0.60009765625,
              0.9960689544677734
            ],
            [
              -0.501953125,
              -0.86376953125,
              -0.038726806640625,
              -1.8708888292312622
            ],
            [
              -0.53466796875,
              0.27490234375,
              0.79931640625,
              0.4116411805152893
            ]
          ]
        ]
      }
    ]
  },
  "Lantern0231": {
    "best": {
      "psnr": 20.03290557861328,
      "distortion": 0.0009639027412049472,
      "rotation_rmse": 179.63657118057142,
      "translation_rmse_100": 35.14689254760742,
      "t_final": [
        [
          [
            0.01312255859375,
            -0.52685546875,
            0.849609375,
            -0.030258532613515854
          ],
          [
            0.99853515625,
            -0.03936767578125,
            -0.039764404296875,
            -0.04664541780948639
          ],
          [
            0.05450439453125,
            0.84912109375,
            0.525390625,
            -0.17563731968402863
          ]
        ]
      ]
    },
    "stats_list": [
      {
        "psnr": 20.03290557861328,
        "distortion": 0.0009639027412049472,
        "rotation_rmse": 179.63657118057142,
        "translation_rmse_100": 35.14689254760742,
        "t_final": [
          [
            [
              0.01312255859375,
              -0.52685546875,
              0.849609375,
              -0.030258532613515854
            ],
            [
              0.99853515625,
              -0.03936767578125,
              -0.039764404296875,
              -0.04664541780948639
            ],
            [
              0.05450439453125,
              0.84912109375,
              0.525390625,
              -0.17563731968402863
            ]
          ]
        ]
      }
    ]
  },
  "model_New_Qlone183a": {
    "best": {
      "psnr": 8.950029373168945,
      "distortion": 0.0006206595571711659,
      "rotation_rmse": 151.5055798507397,
      "translation_rmse_100": 5.5292558670043945,
      "t_final": [
        [
          [
            0.0662841796875,
            -0.974609375,
            -0.2138671875,
            0.05634834244847298
          ],
          [
            0.99365234375,
            0.0450439453125,
            0.1025390625,
            0.05205680429935455
          ],
          [
            -0.09027099609375,
            -0.21923828125,
            0.9716796875,
            -0.08935779333114624
          ]
        ]
      ]
    },
    "stats_list": [
      {
        "psnr": 8.950029373168945,
        "distortion": 0.0006206595571711659,
        "rotation_rmse": 151.5055798507397,
        "translation_rmse_100": 5.5292558670043945,
        "t_final": [
          [
            [
              0.0662841796875,
              -0.974609375,
              -0.2138671875,
              0.05634834244847298
            ],
            [
              0.99365234375,
              0.0450439453125,
              0.1025390625,
              0.05205680429935455
            ],
            [
              -0.09027099609375,
              -0.21923828125,
              0.9716796875,
              -0.08935779333114624
            ]
          ]
        ]
      }
    ]
  },
  "FireHydrant_Fortnite_Style_0152": {
    "best": {
      "psnr": 15.390776634216309,
      "distortion": 0.0010771510424092412,
      "rotation_rmse": 16.8698879562923,
      "translation_rmse_100": 3.613502264022827,
      "t_final": [
        [
          [
            0.9833984375,
            -0.1788330078125,
            -0.0299835205078125,
            -0.020053591579198837
          ],
          [
            0.1475830078125,
            0.88525390625,
            -0.440673828125,
            0.2463340014219284
          ],
          [
            0.1053466796875,
            0.428955078125,
            0.89697265625,
            -0.019424719735980034
          ]
        ]
      ]
    },
    "stats_list": [
      {
        "psnr": 15.390776634216309,
        "distortion": 0.0010771510424092412,
        "rotation_rmse": 16.8698879562923,
        "translation_rmse_100": 3.613502264022827,
        "t_final": [
          [
            [
              0.9833984375,
              -0.1788330078125,
              -0.0299835205078125,
              -0.020053591579198837
            ],
            [
              0.1475830078125,
              0.88525390625,
              -0.440673828125,
              0.2463340014219284
            ],
            [
              0.1053466796875,
              0.428955078125,
              0.89697265625,
              -0.019424719735980034
            ]
          ]
        ]
      }
    ]
  },
  "chair_teacher4659": {
    "best": {
      "psnr": 18.74967384338379,
      "distortion": 0.0011080129770562053,
      "rotation_rmse": 0.8675358650024045,
      "translation_rmse_100": 0.03150738775730133,
      "t_final": [
        [
          [
            0.93017578125,
            0.218994140625,
            -0.2939453125,
            0.060104936361312866
          ],
          [
            0.3359375,
            -0.189208984375,
            0.9228515625,
            0.2077585905790329
          ],
          [
            0.1463623046875,
            -0.95703125,
            -0.2496337890625,
            0.08385875076055527
          ]
        ]
      ]
    },
    "stats_list": [
      {
        "psnr": 18.74967384338379,
        "distortion": 0.0011080129770562053,
        "rotation_rmse": 0.8675358650024045,
        "translation_rmse_100": 0.03150738775730133,
        "t_final": [
          [
            [
              0.93017578125,
              0.218994140625,
              -0.2939453125,
              0.060104936361312866
            ],
            [
              0.3359375,
              -0.189208984375,
              0.9228515625,
              0.2077585905790329
            ],
            [
              0.1463623046875,
              -0.95703125,
              -0.2496337890625,
              0.08385875076055527
            ]
          ]
        ]
      }
    ]
  },
  "Traffic_Cone37b5": {
    "best": {
      "psnr": 23.37040138244629,
      "distortion": 0.002590788993984461,
      "rotation_rmse": 4.558616998529803,
      "translation_rmse_100": 2.3194546699523926,
      "t_final": [
        [
          [
            0.289306640625,
            -0.94189453125,
            0.1705322265625,
            -0.08206914365291595
          ],
          [
            0.70361328125,
            0.329833984375,
            0.62939453125,
            0.08946842700242996
          ],
          [
            -0.6494140625,
            -0.0621337890625,
            0.7578125,
            0.30182331800460815
          ]
        ]
      ]
    },
    "stats_list": [
      {
        "psnr": 23.37040138244629,
        "distortion": 0.002590788993984461,
        "rotation_rmse": 4.558616998529803,
        "translation_rmse_100": 2.3194546699523926,
        "t_final": [
          [
            [
              0.289306640625,
              -0.94189453125,
              0.1705322265625,
              -0.08206914365291595
            ],
            [
              0.70361328125,
              0.329833984375,
              0.62939453125,
              0.08946842700242996
            ],
            [
              -0.6494140625,
              -0.0621337890625,
              0.7578125,
              0.30182331800460815
            ]
          ]
        ]
      }
    ]
  },
  "shield14a6": {
    "best": {
      "psnr": 15.525802612304688,
      "distortion": 0.0007918889750726521,
      "rotation_rmse": 151.28742589085937,
      "translation_rmse_100": 28.95648193359375,
      "t_final": [
        [
          [
            0.8759765625,
            0.18994140625,
            -0.44287109375,
            -0.22524866461753845
          ],
          [
            0.48095703125,
            -0.29345703125,
            0.826171875,
            0.3957677185535431
          ],
          [
            0.027008056640625,
            -0.93701171875,
            -0.3486328125,
            0.14130240678787231
          ]
        ]
      ]
    },
    "stats_list": [
      {
        "psnr": 15.525802612304688,
        "distortion": 0.0007918889750726521,
        "rotation_rmse": 151.28742589085937,
        "translation_rmse_100": 28.95648193359375,
        "t_final": [
          [
            [
              0.8759765625,
              0.18994140625,
              -0.44287109375,
              -0.22524866461753845
            ],
            [
              0.48095703125,
              -0.29345703125,
              0.826171875,
              0.3957677185535431
            ],
            [
              0.027008056640625,
              -0.93701171875,
              -0.3486328125,
              0.14130240678787231
            ]
          ]
        ]
      }
    ]
  },
  "Phone_retro1a8c": {
    "best": {
      "psnr": 9.401947021484375,
      "distortion": 0.01584477536380291,
      "rotation_rmse": 149.90308116970166,
      "translation_rmse_100": 25.729080200195312,
      "t_final": [
        [
          [
            0.76611328125,
            -0.49560546875,
            0.4091796875,
            0.24741414189338684
          ],
          [
            0.55419921875,
            0.83203125,
            -0.03009033203125,
            0.06619290262460709
          ],
          [
            -0.325439453125,
            0.249755859375,
            0.912109375,
            -0.04027393087744713
          ]
        ]
      ]
    },
    "stats_list": [
      {
        "psnr": 9.401947021484375,
        "distortion": 0.01584477536380291,
        "rotation_rmse": 149.90308116970166,
        "translation_rmse_100": 25.729080200195312,
        "t_final": [
          [
            [
              0.76611328125,
              -0.49560546875,
              0.4091796875,
              0.24741414189338684
            ],
            [
              0.55419921875,
              0.83203125,
              -0.03009033203125,
              0.06619290262460709
            ],
            [
              -0.325439453125,
              0.249755859375,
              0.912109375,
              -0.04027393087744713
            ]
          ]
        ]
      }
    ]
  },
  "Shield00ad": {
    "best": {
      "psnr": 10.43419075012207,
      "distortion": 0.005945765879005194,
      "rotation_rmse": 66.12025222819375,
      "translation_rmse_100": 216.8730010986328,
      "t_final": [
        [
          [
            0.93310546875,
            0.350830078125,
            0.07861328125,
            -2.437506675720215
          ],
          [
            -0.317138671875,
            0.7001953125,
            0.6396484375,
            0.056387171149253845
          ],
          [
            0.16943359375,
            -0.62158203125,
            0.7646484375,
            -1.1214349269866943
          ]
        ]
      ]
    },
    "stats_list": [
      {
        "psnr": 10.43419075012207,
        "distortion": 0.005945765879005194,
        "rotation_rmse": 66.12025222819375,
        "translation_rmse_100": 216.8730010986328,
        "t_final": [
          [
            [
              0.93310546875,
              0.350830078125,
              0.07861328125,
              -2.437506675720215
            ],
            [
              -0.317138671875,
              0.7001953125,
              0.6396484375,
              0.056387171149253845
            ],
            [
              0.16943359375,
              -0.62158203125,
              0.7646484375,
              -1.1214349269866943
            ]
          ]
        ]
      }
    ]
  },
  "Park_Bench0b05": {
    "best": {
      "psnr": 9.965283393859863,
      "distortion": 0.002091006375849247,
      "rotation_rmse": 160.04948441496938,
      "translation_rmse_100": 6.277999401092529,
      "t_final": [
        [
          [
            -0.3837890625,
            0.13671875,
            0.9130859375,
            -0.2234782576560974
          ],
          [
            0.13232421875,
            0.98681640625,
            -0.0921630859375,
            0.2715502977371216
          ],
          [
            -0.9140625,
            0.08551025390625,
            -0.396728515625,
            0.1530674695968628
          ]
        ]
      ]
    },
    "stats_list": [
      {
        "psnr": 9.965283393859863,
        "distortion": 0.002091006375849247,
        "rotation_rmse": 160.04948441496938,
        "translation_rmse_100": 6.277999401092529,
