{
  "F_15_C_Jungle_Camo16c6": {
    "best": {
      "psnr": 7.940458297729492,
      "distortion": 0.001777814351953566,
      "rotation_rmse": 178.3026896267906,
      "translation_rmse_100": 43.85335922241211,
      "t_final": [
        [
          [
            -0.8671875,
            0.498291015625,
            0.0132598876953125,
            0.37334612011909485
          ],
          [
            -0.35546875,
            -0.63623046875,
            0.6845703125,
            -0.01743408292531967
          ],
          [
            0.349609375,
            0.5888671875,
            0.728515625,
            -0.5738980770111084
          ]
        ]
      ]
    },
    "stats_list": [
      {
        "psnr": 7.940458297729492,
        "distortion": 0.001777814351953566,
        "rotation_rmse": 178.3026896267906,
        "translation_rmse_100": 43.85335922241211,
        "t_final": [
          [
            [
              -0.8671875,
              0.498291015625,
              0.0132598876953125,
              0.37334612011909485
            ],
            [
              -0.35546875,
              -0.63623046875,
              0.6845703125,
              -0.01743408292531967
            ],
            [
              0.349609375,
              0.5888671875,
              0.728515625,
              -0.5738980770111084
            ]
          ]
        ]
      }
    ]
  },
  "Hl_Maximilian09f0": {
    "best": {
      "psnr": 10.40261173248291,
      "distortion": 0.0005449304590001702,
      "rotation_rmse": 174.09597605396033,
      "translation_rmse_100": 11.896044731140137,
      "t_final": [
        [
          [
            0.98779296875,
            -0.11383056640625,
            -0.10687255859375,
            0.048051781952381134
          ],
          [
            0.1314697265625,
            0.9755859375,
            0.176025390625,
            0.1788698434829712
          ],
          [
            0.084228515625,
            -0.1878662109375,
            0.978515625,
            0.3797798752784729
          ]
        ]
      ]
    },
    "stats_list": [
      {
        "psnr": 10.40261173248291,
        "distortion": 0.0005449304590001702,
        "rotation_rmse": 174.09597605396033,
        "translation_rmse_100": 11.896044731140137,
        "t_final": [
          [
            [
              0.98779296875,
              -0.11383056640625,
              -0.10687255859375,
              0.048051781952381134
            ],
            [
              0.1314697265625,
              0.9755859375,
              0.176025390625,
              0.1788698434829712
            ],
            [
              0.084228515625,
              -0.1878662109375,
              0.978515625,
              0.3797798752784729
            ]
          ]
        ]
      }
    ]
  },
  "MiG_23_Desert_Camo089f": {
    "best": {
      "psnr": 19.639015197753906,
      "distortion": 0.0011071651242673397,
      "rotation_rmse": 0.02562345176980362,
      "translation_rmse_100": 0.03068596124649048,
      "t_final": [
        [
          [
            -0.83984375,
            -0.3310546875,
            -0.430419921875,
            -0.2482641488313675
          ],
          [
            0.51318359375,
            -0.2237548828125,
            -0.8291015625,
            0.09844423830509186
          ],
          [
            0.1783447265625,
            -0.91650390625,
            0.35791015625,
            -0.45230886340141296
          ]
        ]
      ]
    },
    "stats_list": [
      {
        "psnr": 19.639015197753906,
        "distortion": 0.0011071651242673397,
        "rotation_rmse": 0.02562345176980362,
        "translation_rmse_100": 0.03068596124649048,
        "t_final": [
          [
            [
              -0.83984375,
              -0.3310546875,
              -0.430419921875,
              -0.2482641488313675
            ],
            [
              0.51318359375,
              -0.2237548828125,
              -0.8291015625,
              0.09844423830509186
            ],
            [
              0.1783447265625,
              -0.91650390625,
              0.35791015625,
              -0.45230886340141296
            ]
          ]
        ]
      }
    ]
  },
  "Tolix_Industrial_Chairs3f2d": {
    "best": {
      "psnr": 7.6891045570373535,
      "distortion": 0.00474925572052598,
      "rotation_rmse": 129.27671687448805,
      "translation_rmse_100": 16.366369247436523,
      "t_final": [
        [
          [
            0.92919921875,
            0.11163330078125,
            -0.3515625,
            0.2631016969680786
          ],
          [
            0.33544921875,
            -0.65234375,
            0.6796875,
            0.07700297981500626
          ],
          [
            -0.153564453125,
            -0.74951171875,
            -0.64404296875,
            -0.023546259850263596
          ]
        ]
      ]
    },
    "stats_list": [
      {
        "psnr": 7.6891045570373535,
        "distortion": 0.00474925572052598,
        "rotation_rmse": 129.27671687448805,
        "translation_rmse_100": 16.366369247436523,
        "t_final": [
          [
            [
              0.92919921875,
              0.11163330078125,
              -0.3515625,
              0.2631016969680786
            ],
            [
              0.33544921875,
              -0.65234375,
              0.6796875,
              0.07700297981500626
            ],
            [
              -0.153564453125,
              -0.74951171875,
              -0.64404296875,
              -0.023546259850263596
            ]
          ]
        ]
      }
    ]
  },
  "Procedural_Bananas3a07": {
    "best": {
      "psnr": 9.150895118713379,
      "distortion": 0.0037480811588466167,
      "rotation_rmse": 174.55399651575888,
      "translation_rmse_100": 35.78017807006836,
      "t_final": [
        [
          [
            -0.9130859375,
            0.0684814453125,
            -0.40234375,
            0.4855021834373474
          ],
          [
            0.271240234375,
            0.8388671875,
            -0.471923828125,
            -0.7125065922737122
          ],
          [
            0.305908203125,
            -0.5400390625,
            -0.78369140625,
            0.3543967008590698
          ]
        ]
      ]
    },
    "stats_list": [
      {
        "psnr": 9.150895118713379,
        "distortion": 0.0037480811588466167,
        "rotation_rmse": 174.55399651575888,
        "translation_rmse_100": 35.78017807006836,
        "t_final": [
          [
            [
              -0.9130859375,
              0.0684814453125,
              -0.40234375,
              0.4855021834373474
            ],
            [
              0.271240234375,
              0.8388671875,
              -0.471923828125,
              -0.7125065922737122
            ],
            [
              0.305908203125,
              -0.5400390625,
              -0.78369140625,
              0.3543967008590698
            ]
          ]
        ]
      }
    ]
  },
  "Banana_for_scale0a07": {
    "best": {
      "psnr": 18.6879825592041,
      "distortion": 0.0005480890977196395,
      "rotation_rmse": 2.6370033086890174,
      "translation_rmse_100": 0.07984787225723267,
      "t_final": [
        [
          [
            0.78857421875,
            -0.591796875,
            0.1658935546875,
            0.15067020058631897
          ],
          [
            -0.60693359375,
            -0.79248046875,
            0.057373046875,
            -0.11785672605037689
          ],
          [
            0.097412109375,
            -0.1458740234375,
            -0.98486328125,
            0.01590229570865631
          ]
        ]
      ]
    },
    "stats_list": [
      {
        "psnr": 18.6879825592041,
        "distortion": 0.0005480890977196395,
        "rotation_rmse": 2.6370033086890174,
        "translation_rmse_100": 0.07984787225723267,
        "t_final": [
          [
            [
              0.78857421875,
              -0.591796875,
              0.1658935546875,
              0.15067020058631897
            ],
            [
              -0.60693359375,
              -0.79248046875,
              0.057373046875,
              -0.11785672605037689
            ],
            [
              0.097412109375,
              -0.1458740234375,
              -0.98486328125,
              0.01590229570865631
            ]
          ]
        ]
      }
    ]
  },
  "PB170_Sneaker_Sm18c3": {
    "best": {
      "psnr": 24.385536193847656,
      "distortion": 0.0011031379690393806,
      "rotation_rmse": 1.0664154569477988,
      "translation_rmse_100": 0.15658587217330933,
      "t_final": [
        [
          [
            0.6259765625,
            -0.734375,
            0.262451171875,
            0.14050957560539246
          ],
          [
            0.72802734375,
            0.67041015625,
            0.1407470703125,
            0.013412781059741974
          ],
          [
            -0.279541015625,
            0.10308837890625,
            0.95458984375,
            0.3303437829017639
          ]
        ]
      ]
    },
    "stats_list": [
      {
        "psnr": 24.385536193847656,
        "distortion": 0.0011031379690393806,
        "rotation_rmse": 1.0664154569477988,
        "translation_rmse_100": 0.15658587217330933,
        "t_final": [
          [
            [
              0.6259765625,
              -0.734375,
              0.262451171875,
              0.14050957560539246
            ],
            [
              0.72802734375,
              0.67041015625,
              0.1407470703125,
              0.013412781059741974
            ],
            [
              -0.279541015625,
              0.10308837890625,
              0.95458984375,
              0.3303437829017639
            ]
          ]
        ]
      }
    ]
  },
  "Acoustic_Guitar0aa0": {
    "best": {
      "psnr": 7.51332950592041,
      "distortion": 0.0010811499087139964,
      "rotation_rmse": 173.73090023332716,
      "translation_rmse_100": 108.56300354003906,
      "t_final": [
        [
          [
            -0.76220703125,
            -0.2430419921875,
            0.60009765625,
            -0.9974663853645325
          ],
          [
            0.465576171875,
            0.438232421875,
            0.76904296875,
            -0.514491081237793
          ],
          [
            -0.44970703125,
            0.865234375,
            -0.220947265625,
            0.517981767654419
          ]
        ]
      ]
    },
    "stats_list": [
      {
        "psnr": 7.51332950592041,
        "distortion": 0.0010811499087139964,
        "rotation_rmse": 173.73090023332716,
        "translation_rmse_100": 108.56300354003906,
        "t_final": [
          [
            [
              -0.76220703125,
              -0.2430419921875,
              0.60009765625,
              -0.9974663853645325
            ],
            [
              0.465576171875,
              0.438232421875,
              0.76904296875,
              -0.514491081237793
            ],
            [
              -0.44970703125,
              0.865234375,
              -0.220947265625,
              0.517981767654419
            ]
          ]
        ]
      }
    ]
  },
  "Banana_3D_Scan2373": {
    "best": {
      "psnr": 12.056538581848145,
      "distortion": 0.0005493419012054801,
      "rotation_rmse": 176.22531350549727,
      "translation_rmse_100": 24.91858673095703,
      "t_final": [
        [
          [
            -0.01476287841796875,
            -0.7705078125,
            0.63720703125,
            -0.3403475880622864
          ],
          [
            0.974609375,
            -0.1534423828125,
            -0.163330078125,
            0.31487977504730225
          ],
          [
            0.2236328125,
            0.61865234375,
            0.75341796875,
            0.21787351369857788
          ]
        ]
      ]
    },
    "stats_list": [
      {
        "psnr": 12.056538581848145,
        "distortion": 0.0005493419012054801,
        "rotation_rmse": 176.22531350549727,
        "translation_rmse_100": 24.91858673095703,
        "t_final": [
          [
            [
              -0.01476287841796875,
              -0.7705078125,
              0.63720703125,
              -0.3403475880622864
            ],
            [
              0.974609375,
              -0.1534423828125,
              -0.163330078125,
              0.31487977504730225
            ],
            [
              0.2236328125,
              0.61865234375,
              0.75341796875,
              0.21787351369857788
            ]
          ]
        ]
      }
    ]
  },
  "Test_Model15b4": {
    "best": {
      "psnr": 15.516622543334961,
      "distortion": 0.0007558506913483143,
      "rotation_rmse": 0.02562345176980362,
      "translation_rmse_100": 0.05255937576293945,
      "t_final": [
        [
          [
            0.93798828125,
            0.174560546875,
            -0.298828125,
            0.3242988884449005
          ],
          [
            -0.087158203125,
            0.955078125,
            0.2841796875,
            -0.38636624813079834
          ],
          [
            0.3349609375,
            -0.2406005859375,
            0.9111328125,
            0.4253193140029907
          ]
        ]
      ]
    },
    "stats_list": [
      {
        "psnr": 15.516622543334961,
        "distortion": 0.0007558506913483143,
        "rotation_rmse": 0.02562345176980362,
        "translation_rmse_100": 0.05255937576293945,
        "t_final": [
          [
            [
              0.93798828125,
              0.174560546875,
              -0.298828125,
              0.3242988884449005
            ],
            [
              -0.087158203125,
              0.955078125,
              0.2841796875,
              -0.38636624813079834
            ],
            [
              0.3349609375,
              -0.2406005859375,
              0.9111328125,
              0.4253193140029907
            ]
          ]
        ]
      }
    ]
  },
  "Hunter_Boy_With_Rabbit_Figurine0a5b": {
    "best": {
      "psnr": 19.518468856811523,
      "distortion": 0.0009914797265082598,
      "rotation_rmse": 0.02562345176980362,
      "translation_rmse_100": 0.03584921360015869,
      "t_final": [
        [
          [
            0.8310546875,
            -0.4853515625,
            -0.27294921875,
            0.3004513680934906
          ],
          [
            0.0596923828125,
            -0.40966796875,
            0.91015625,
            -0.03906203806400299
          ],
          [
            -0.5537109375,
            -0.7724609375,
            -0.311279296875,
            0.03203771263360977
          ]
        ]
      ]
    },
    "stats_list": [
      {
        "psnr": 19.518468856811523,
        "distortion": 0.0009914797265082598,
        "rotation_rmse": 0.02562345176980362,
        "translation_rmse_100": 0.03584921360015869,
        "t_final": [
          [
            [
              0.8310546875,
              -0.4853515625,
              -0.27294921875,
              0.3004513680934906
            ],
            [
              0.0596923828125,
              -0.40966796875,
              0.91015625,
              -0.03906203806400299
            ],
            [
              -0.5537109375,
              -0.7724609375,
              -0.311279296875,
              0.03203771263360977
            ]
          ]
        ]
      }
    ]
  },
  "Elephant1608": {
    "best": {
      "psnr": 8.613539695739746,
      "distortion": 0.0027315046172589064,
      "rotation_rmse": 116.81891888490034,
      "translation_rmse_100": 41.17279815673828,
      "t_final": [
        [
          [
            0.80322265625,
            -0.5703125,
            0.171142578125,
            0.03984685242176056
          ],
          [
            0.2376708984375,
            0.043731689453125,
            -0.97021484375,
            0.10792258381843567
          ],
          [
            0.5458984375,
            0.8203125,
            0.1708984375,
            -0.8840100765228271
          ]
        ]
      ]
    },
    "stats_list": [
      {
        "psnr": 8.613539695739746,
        "distortion": 0.0027315046172589064,
        "rotation_rmse": 116.81891888490034,
        "translation_rmse_100": 41.17279815673828,
        "t_final": [
          [
            [
              0.80322265625,
              -0.5703125,
              0.171142578125,
              0.03984685242176056
            ],
            [
              0.2376708984375,
              0.043731689453125,
              -0.97021484375,
              0.10792258381843567
            ],
            [
              0.5458984375,
              0.8203125,
              0.1708984375,
              -0.8840100765228271
            ]
          ]
        ]
      }
    ]
  },
  "Ornate_Medieval_Shield22a7": {
    "best": {
      "psnr": 8.5204439163208,
      "distortion": 0.0038128183223307133,
      "rotation_rmse": 12.432194760464574,
      "translation_rmse_100": 10.382331848144531,
      "t_final": [
        [
          [
            0.9267578125,
            0.369384765625,
            -0.071044921875,
            -0.06371193379163742
          ],
          [
            0.1322021484375,
            -0.14306640625,
            0.98095703125,
            0.41945287585258484
          ],
          [
            0.35205078125,
            -0.91845703125,
            -0.1815185546875,
            0.30385878682136536
          ]
        ]
      ]
    },
    "stats_list": [
      {
        "psnr": 8.5204439163208,
        "distortion": 0.0038128183223307133,
        "rotation_rmse": 12.432194760464574,
        "translation_rmse_100": 10.382331848144531,
        "t_final": [
          [
            [
              0.9267578125,
              0.369384765625,
              -0.071044921875,
              -0.06371193379163742
            ],
            [
              0.1322021484375,
              -0.14306640625,
              0.98095703125,
              0.41945287585258484
            ],
            [
              0.35205078125,
              -0.91845703125,
              -0.1815185546875,
              0.30385878682136536
            ]
          ]
        ]
      }
    ]
  },
  "Vikings_shield_and_axe1973": {
    "best": {
      "psnr": 12.470719337463379,
      "distortion": 0.0010554317850619555,
      "rotation_rmse": 43.20352163467414,
      "translation_rmse_100": 1.6567438840866089,
      "t_final": [
        [
          [
            -0.52783203125,
            -0.8203125,
            -0.220458984375,
            0.4150634706020355
          ],
          [
            0.01041412353515625,
            0.25341796875,
            -0.96728515625,
            0.4607153832912445
          ],
          [
            0.849609375,
            -0.51220703125,
            -0.1251220703125,
            0.5640050768852234
          ]
        ]
      ]
    },
    "stats_list": [
      {
        "psnr": 12.470719337463379,
        "distortion": 0.0010554317850619555,
        "rotation_rmse": 43.20352163467414,
        "translation_rmse_100": 1.6567438840866089,
        "t_final": [
          [
            [
              -0.52783203125,
              -0.8203125,
              -0.220458984375,
              0.4150634706020355
            ],
            [
              0.01041412353515625,
              0.25341796875,
              -0.96728515625,
              0.4607153832912445
            ],
            [
              0.849609375,
              -0.51220703125,
              -0.1251220703125,
              0.5640050768852234
            ]
          ]
        ]
      }
    ]
  },
  "Xbox_360_Controller0866": {
    "best": {
      "psnr": 10.294303894042969,
      "distortion": 0.0026695537380874157,
      "rotation_rmse": 136.16230986805832,
      "translation_rmse_100": 17.82941436767578,
      "t_final": [
        [
          [
            0.80712890625,
            -0.44873046875,
            0.384033203125,
            0.22605657577514648
          ],
          [
            0.450439453125,
            0.88818359375,
            0.09136962890625,
            -0.25010013580322266
          ],
          [
            -0.3818359375,
            0.09918212890625,
            0.9189453125,
            -0.3271932005882263
          ]
        ]
      ]
    },
    "stats_list": [
      {
        "psnr": 10.294303894042969,
        "distortion": 0.0026695537380874157,
        "rotation_rmse": 136.16230986805832,
        "translation_rmse_100": 17.82941436767578,
        "t_final": [
          [
            [
              0.80712890625,
              -0.44873046875,
              0.384033203125,
              0.22605657577514648
            ],
            [
              0.450439453125,
              0.88818359375,
              0.09136962890625,
              -0.25010013580322266
            ],
            [
              -0.3818359375,
              0.09918212890625,
              0.9189453125,
              -0.3271932005882263
            ]
          ]
        ]
      }
    ]
  },
  "Petroleum_lamp0230": {
    "best": {
      "psnr": 9.115766525268555,
      "distortion": 0.0022052768617868423,
      "rotation_rmse": 167.5256086324261,
      "translation_rmse_100": 58.03542709350586,
      "t_final": [
        [
          [
            0.77734375,
            -0.5927734375,
            -0.2113037109375,
            -0.19327421486377716
          ],
          [
            0.26171875,
            0.6103515625,
            -0.748046875,
            -0.5806348323822021
          ],
          [
            0.572265625,
            0.5263671875,
            0.62890625,
            -0.4978609085083008
          ]
        ]
      ]
    },
    "stats_list": [
      {
        "psnr": 9.115766525268555,
        "distortion": 0.0022052768617868423,
        "rotation_rmse": 167.5256086324261,
        "translation_rmse_100": 58.03542709350586,
        "t_final": [
          [
            [
              0.77734375,
              -0.5927734375,
              -0.2113037109375,
              -0.19327421486377716
            ],
            [
              0.26171875,
              0.6103515625,
              -0.748046875,
              -0.5806348323822021
            ],
            [
              0.572265625,
              0.5263671875,
              0.62890625,
              -0.4978609085083008
            ]
          ]
        ]
      }
    ]
  },
  "26851W_Odeon_Lightab66": {
    "best": {
      "psnr": 11.393516540527344,
      "distortion": 0.0011057782685384154,
      "rotation_rmse": 126.14847309611301,
      "translation_rmse_100": 32.36040496826172,
      "t_final": [
        [
          [
            0.7900390625,
            0.49072265625,
            -0.36669921875,
            -0.2577154040336609
          ],
          [
            -0.3623046875,
            -0.1080322265625,
            -0.92578125,
            0.2726499140262604
          ],
          [
            -0.493896484375,
            0.8642578125,
            0.09246826171875,
            -0.5570128560066223
          ]
        ]
      ]
    },
    "stats_list": [
      {
        "psnr": 11.393516540527344,
        "distortion": 0.0011057782685384154,
        "rotation_rmse": 126.14847309611301,
        "translation_rmse_100": 32.36040496826172,
        "t_final": [
          [
            [
              0.7900390625,
              0.49072265625,
              -0.36669921875,
              -0.2577154040336609
            ],
            [
              -0.3623046875,
              -0.1080322265625,
              -0.92578125,
              0.2726499140262604
            ],
            [
              -0.493896484375,
              0.8642578125,
              0.09246826171875,
              -0.5570128560066223
            ]
          ]
        ]
      }
    ]
  },
  "Teddy1b47": {
    "best": {
      "psnr": 17.27692985534668,
      "distortion": 0.0012734002666547894,
      "rotation_rmse": 7.66244390203472,
      "translation_rmse_100": 6.629338264465332,
      "t_final": [
        [
          [
            0.2239990234375,
            -0.040771484375,
            0.9736328125,
            0.04075576364994049
          ],
          [
            -0.69384765625,
            -0.70751953125,
            0.1297607421875,
            -0.16416803002357483
          ],
          [
            0.68359375,
            -0.705078125,
            -0.1866455078125,
            -0.25256896018981934
          ]
        ]
      ]
    },
    "stats_list": [
      {
        "psnr": 17.27692985534668,
        "distortion": 0.0012734002666547894,
        "rotation_rmse": 7.66244390203472,
        "translation_rmse_100": 6.629338264465332,
        "t_final": [
          [
            [
              0.2239990234375,
              -0.040771484375,
              0.9736328125,
              0.04075576364994049
            ],
            [
              -0.69384765625,
              -0.70751953125,
              0.1297607421875,
              -0.16416803002357483
            ],
            [
              0.68359375,
              -0.705078125,
              -0.1866455078125,
              -0.25256896018981934
            ]
          ]
        ]
      }
    ]
  },
  "Figura_San_Juan260d": {
    "best": {
      "psnr": 10.364462852478027,
      "distortion": 0.00046722221304662526,
      "rotation_rmse": 90.27520352013374,
      "translation_rmse_100": 1.5956745147705078,
      "t_final": [
        [
          [
            0.79052734375,
            0.36962890625,
            0.48779296875,
            -0.13674259185791016
          ],
          [
            -0.5322265625,
            0.021514892578125,
            0.84619140625,
            0.24523106217384338
          ],
          [
            0.30224609375,
            -0.92919921875,
            0.2137451171875,
            0.009852109476923943
          ]
        ]
      ]
    },
    "stats_list": [
      {
        "psnr": 10.364462852478027,
        "distortion": 0.00046722221304662526,
        "rotation_rmse": 90.27520352013374,
        "translation_rmse_100": 1.5956745147705078,
        "t_final": [
          [
            [
              0.79052734375,
              0.36962890625,
              0.48779296875,
              -0.13674259185791016
            ],
            [
              -0.5322265625,
              0.021514892578125,
              0.84619140625,
              0.24523106217384338
            ],
            [
              0.30224609375,
              -0.92919921875,
              0.2137451171875,
              0.009852109476923943
            ]
          ]
        ]
      }
    ]
  },
  "Stylized_Skateboard10c7": {
    "best": {
      "psnr": 11.907357215881348,
      "distortion": 0.0008610484073869884,
      "rotation_rmse": 146.54099762360565,
      "translation_rmse_100": 28.82297706604004,
      "t_final": [
        [
          [
            -0.673828125,
            -0.07745361328125,
            -0.734375,
            -0.03798823058605194
          ],
          [
            -0.2705078125,
            -0.8994140625,
            0.3427734375,
            -0.5115708112716675
          ],
          [
            -0.68798828125,
            0.429443359375,
            0.58544921875,
            -0.18671631813049316
          ]
        ]
      ]
    },
    "stats_list": [
      {
        "psnr": 11.907357215881348,
        "distortion": 0.0008610484073869884,
        "rotation_rmse": 146.54099762360565,
        "translation_rmse_100": 28.82297706604004,
        "t_final": [
          [
            [
              -0.673828125,
              -0.07745361328125,
              -0.734375,
              -0.03798823058605194
            ],
            [
              -0.2705078125,
              -0.8994140625,
              0.3427734375,
              -0.5115708112716675
            ],
            [
              -0.68798828125,
              0.429443359375,
              0.58544921875,
              -0.18671631813049316
            ]
          ]
        ]
      }
    ]
  },
  "Lantern0231": {
    "best": {
      "psnr": 18.273387908935547,
      "distortion": 0.0009570968104526401,
      "rotation_rmse": 179.9743765482302,
      "translation_rmse_100": 35.12177276611328,
      "t_final": [
        [
          [
            0.01401519775390625,
            -0.52734375,
            0.849609375,
            -0.030007340013980865
          ],
          [
            0.998046875,
            -0.039398193359375,
            -0.040924072265625,
            -0.04692208766937256
          ],
          [
            0.05511474609375,
            0.84912109375,
            0.52587890625,
            -0.17444120347499847
          ]
        ]
      ]
    },
    "stats_list": [
      {
        "psnr": 18.273387908935547,
        "distortion": 0.0009570968104526401,
        "rotation_rmse": 179.9743765482302,
        "translation_rmse_100": 35.12177276611328,
        "t_final": [
          [
            [
              0.01401519775390625,
              -0.52734375,
              0.849609375,
              -0.030007340013980865
            ],
            [
              0.998046875,
              -0.039398193359375,
              -0.040924072265625,
              -0.04692208766937256
            ],
            [
              0.05511474609375,
              0.84912109375,
              0.52587890625,
              -0.17444120347499847
            ]
          ]
        ]
      }
    ]
  },
  "model_New_Qlone183a": {
    "best": {
      "psnr": 17.23601531982422,
      "distortion": 0.0010891271522268653,
      "rotation_rmse": 0.8664292475378876,
      "translation_rmse_100": 1.9620429277420044,
      "t_final": [
        [
          [
            0.6865234375,
            -0.491943359375,
            0.53564453125,
            0.02067621611058712
          ],
          [
            -0.280029296875,
            -0.85888671875,
            -0.42919921875,
            -0.013001385144889355
          ],
          [
            0.67138671875,
            0.14453125,
            -0.72705078125,
            -0.076912060379982
          ]
        ]
      ]
    },
    "stats_list": [
      {
        "psnr": 17.23601531982422,
        "distortion": 0.0010891271522268653,
        "rotation_rmse": 0.8664292475378876,
        "translation_rmse_100": 1.9620429277420044,
        "t_final": [
          [
            [
              0.6865234375,
              -0.491943359375,
              0.53564453125,
              0.02067621611058712
            ],
            [
              -0.280029296875,
              -0.85888671875,
              -0.42919921875,
              -0.013001385144889355
            ],
            [
              0.67138671875,
              0.14453125,
              -0.72705078125,
              -0.076912060379982
            ]
          ]
        ]
      }
    ]
  },
  "FireHydrant_Fortnite_Style_0152": {
    "best": {
      "psnr": 17.48882293701172,
      "distortion": 0.00106608506757766,
      "rotation_rmse": 4.088953260903227,
      "translation_rmse_100": 1.1411144733428955,
      "t_final": [
        [
          [
            0.93212890625,
            -0.357177734375,
            0.0614013671875,
            -0.04477746784687042
          ],
          [
            0.35400390625,
            0.86181640625,
            -0.36328125,
            0.2628474831581116
          ],
          [
            0.07672119140625,
            0.3603515625,
            0.9296875,
            -0.04793664067983627
          ]
        ]
      ]
    },
    "stats_list": [
      {
        "psnr": 17.48882293701172,
        "distortion": 0.00106608506757766,
        "rotation_rmse": 4.088953260903227,
        "translation_rmse_100": 1.1411144733428955,
        "t_final": [
          [
            [
              0.93212890625,
              -0.357177734375,
              0.0614013671875,
              -0.04477746784687042
            ],
            [
              0.35400390625,
              0.86181640625,
              -0.36328125,
              0.2628474831581116
            ],
            [
              0.07672119140625,
              0.3603515625,
              0.9296875,
              -0.04793664067983627
            ]
          ]
        ]
      }
    ]
  },
  "chair_teacher4659": {
    "best": {
      "psnr": 18.74967384338379,
      "distortion": 0.0011080129770562053,
      "rotation_rmse": 0.8675358650024045,
      "translation_rmse_100": 0.03150738775730133,
      "t_final": [
        [
          [
            0.93017578125,
            0.218994140625,
            -0.2939453125,
            0.060104936361312866
          ],
          [
            0.3359375,
            -0.189208984375,
            0.9228515625,
            0.2077585905790329
          ],
          [
            0.1463623046875,
            -0.95703125,
            -0.2496337890625,
            0.08385875076055527
          ]
        ]
      ]
    },
    "stats_list": [
      {
        "psnr": 18.74967384338379,
        "distortion": 0.0011080129770562053,
        "rotation_rmse": 0.8675358650024045,
        "translation_rmse_100": 0.03150738775730133,
        "t_final": [
          [
            [
              0.93017578125,
              0.218994140625,
              -0.2939453125,
              0.060104936361312866
            ],
            [
              0.3359375,
              -0.189208984375,
              0.9228515625,
              0.2077585905790329
            ],
            [
              0.1463623046875,
              -0.95703125,
              -0.2496337890625,
              0.08385875076055527
            ]
          ]
        ]
      }
    ]
  },
  "Traffic_Cone37b5": {
    "best": {
      "psnr": 24.444026947021484,
      "distortion": 0.0018511894159018993,
      "rotation_rmse": 46.34924861613921,
      "translation_rmse_100": 22.614097595214844,
      "t_final": [
        [
          [
            0.7685546875,
            -0.408203125,
            0.49267578125,
            0.167266383767128
          ],
          [
            0.0204620361328125,
            0.78515625,
            0.619140625,
            0.05660674348473549
          ],
          [
            -0.63916015625,
            -0.46533203125,
            0.6123046875,
            0.19904382526874542
          ]
        ]
      ]
    },
    "stats_list": [
      {
        "psnr": 24.444026947021484,
        "distortion": 0.0018511894159018993,
        "rotation_rmse": 46.34924861613921,
        "translation_rmse_100": 22.614097595214844,
        "t_final": [
          [
            [
              0.7685546875,
              -0.408203125,
              0.49267578125,
              0.167266383767128
            ],
            [
              0.0204620361328125,
              0.78515625,
              0.619140625,
              0.05660674348473549
            ],
            [
              -0.63916015625,
              -0.46533203125,
              0.6123046875,
              0.19904382526874542
            ]
          ]
        ]
      }
    ]
  },
  "shield14a6": {
    "best": {
      "psnr": 19.960065841674805,
      "distortion": 0.0007329834043048322,
      "rotation_rmse": 93.31499485351048,
      "translation_rmse_100": 34.92557907104492,
      "t_final": [
        [
          [
            0.2293701171875,
            -0.13232421875,
            -0.9638671875,
            -0.28493964672088623
          ],
          [
            0.96630859375,
            0.1512451171875,
            0.2091064453125,
            0.14348919689655304
          ],
          [
            0.1181640625,
            -0.9794921875,
            0.16259765625,
            0.2748204469680786
          ]
        ]
      ]
    },
    "stats_list": [
      {
        "psnr": 19.960065841674805,
        "distortion": 0.0007329834043048322,
        "rotation_rmse": 93.31499485351048,
        "translation_rmse_100": 34.92557907104492,
        "t_final": [
          [
            [
              0.2293701171875,
              -0.13232421875,
              -0.9638671875,
              -0.28493964672088623
            ],
            [
              0.96630859375,
              0.1512451171875,
              0.2091064453125,
              0.14348919689655304
            ],
            [
              0.1181640625,
              -0.9794921875,
              0.16259765625,
              0.2748204469680786
            ]
          ]
        ]
      }
    ]
  },
  "Phone_retro1a8c": {
    "best": {
      "psnr": 12.109054565429688,
      "distortion": 0.011523539200425148,
      "rotation_rmse": 172.62144784276995,
      "translation_rmse_100": 25.95124626159668,
      "t_final": [
        [
          [
            -0.61572265625,
            0.4033203125,
            -0.67724609375,
            -0.2693891227245331
          ],
          [
            -0.63720703125,
            0.25048828125,
            0.72900390625,
            -0.2587912380695343
          ],
          [
            0.463623046875,
            0.8798828125,
            0.10284423828125,
            0.3179975152015686
          ]
        ]
      ]
    },
    "stats_list": [
      {
        "psnr": 12.109054565429688,
        "distortion": 0.011523539200425148,
        "rotation_rmse": 172.62144784276995,
        "translation_rmse_100": 25.95124626159668,
        "t_final": [
          [
            [
              -0.61572265625,
              0.4033203125,
              -0.67724609375,
              -0.2693891227245331
            ],
            [
              -0.63720703125,
              0.25048828125,
              0.72900390625,
              -0.2587912380695343
            ],
            [
              0.463623046875,
              0.8798828125,
              0.10284423828125,
              0.3179975152015686
            ]
          ]
        ]
      }
    ]
  },
  "Shield00ad": {
    "best": {
      "psnr": 15.383851051330566,
      "distortion": 0.0013281863648444414,
      "rotation_rmse": 1.9933418847974949,
      "translation_rmse_100": 2.713860511779785,
      "t_final": [
        [
          [
            0.962890625,
            0.09027099609375,
            -0.25439453125,
            -0.24163804948329926
          ],
          [
            -0.1829833984375,
            0.9111328125,
            -0.369140625,
            -0.18082241714000702
          ],
          [
            0.1986083984375,
            0.40185546875,
            0.89404296875,
            -0.0022621890529990196
          ]
        ]
      ]
    },
    "stats_list": [
      {
        "psnr": 15.383851051330566,
        "distortion": 0.0013281863648444414,
        "rotation_rmse": 1.9933418847974949,
        "translation_rmse_100": 2.713860511779785,
        "t_final": [
          [
            [
              0.962890625,
              0.09027099609375,
              -0.25439453125,
              -0.24163804948329926
            ],
            [
              -0.1829833984375,
              0.9111328125,
              -0.369140625,
              -0.18082241714000702
            ],
            [
              0.1986083984375,
              0.40185546875,
              0.89404296875,
              -0.0022621890529990196
            ]
          ]
        ]
      }
    ]
  },
  "Park_Bench0b05": {
    "best": {
      "psnr": 9.965283393859863,
      "distortion": 0.002091006375849247,
      "rotation_rmse": 160.04948441496938,
      "translation_rmse_100": 6.277999401092529,
      "t_final": [
        [
          [
            -0.3837890625,
            0.13671875,
            0.9130859375,
            -0.2234782576560974
          ],
          [
            0.13232421875,
