{
  "01_Portugal_Fire_Hydrant0063": {
    "best": {
      "psnr": 27.254119873046875,
      "distortion": 0.0013805507915094495,
      "rotation_rmse": 0.02562345176980362,
      "translation_rmse_100": 0.1512758433818817,
      "t_final": [
        [
          [
            0.01007080078125,
            -0.89794921875,
            -0.440673828125,
            -0.11573454737663269
          ],
          [
            -0.01438140869140625,
            0.440185546875,
            -0.89794921875,
            -0.1242687851190567
          ],
          [
            1.0,
            0.015380859375,
            -0.00847625732421875,
            0.22429977357387543
          ]
        ]
      ],
      "t0_rotation_rmse": 1.8552730890999873,
      "t0_translation_rmse_100": 2.377105474472046
    },
    "stats_list": [
      {
        "psnr": 27.254119873046875,
        "distortion": 0.0013805507915094495,
        "rotation_rmse": 0.02562345176980362,
        "translation_rmse_100": 0.1512758433818817,
        "t_final": [
          [
            [
              0.01007080078125,
              -0.89794921875,
              -0.440673828125,
              -0.11573454737663269
            ],
            [
              -0.01438140869140625,
              0.440185546875,
              -0.89794921875,
              -0.1242687851190567
            ],
            [
              1.0,
              0.015380859375,
              -0.00847625732421875,
              0.22429977357387543
            ]
          ]
        ],
        "t0_rotation_rmse": 1.8552730890999873,
        "t0_translation_rmse_100": 2.377105474472046
      }
    ]
  },
  "1983_Chevrolet_C101431": {
    "best": {
      "psnr": 20.055511474609375,
      "distortion": 0.0057721855118870735,
      "rotation_rmse": 1.4624524371963665,
      "translation_rmse_100": 0.21266937255859375,
      "t_final": [
        [
          [
            0.1602783203125,
            -0.060211181640625,
            0.98486328125,
            -0.22501987218856812
          ],
          [
            -0.96142578125,
            -0.236572265625,
            0.141845703125,
            0.31215405464172363
          ],
          [
            0.224609375,
            -0.96923828125,
            -0.0958251953125,
            -0.19297204911708832
          ]
        ]
      ],
      "t0_rotation_rmse": 3.0961239932964797,
      "t0_translation_rmse_100": 3.9987564086914062
    },
    "stats_list": [
      {
        "psnr": 20.055511474609375,
        "distortion": 0.0057721855118870735,
        "rotation_rmse": 1.4624524371963665,
        "translation_rmse_100": 0.21266937255859375,
        "t_final": [
          [
            [
              0.1602783203125,
              -0.060211181640625,
              0.98486328125,
              -0.22501987218856812
            ],
            [
              -0.96142578125,
              -0.236572265625,
              0.141845703125,
              0.31215405464172363
            ],
            [
              0.224609375,
              -0.96923828125,
              -0.0958251953125,
              -0.19297204911708832
            ]
          ]
        ],
        "t0_rotation_rmse": 3.0961239932964797,
        "t0_translation_rmse_100": 3.9987564086914062
      }
    ]
  },
  "26851W_Odeon_Lightab66": {
    "best": {
      "psnr": 13.83560848236084,
      "distortion": 0.0005882083205506206,
      "rotation_rmse": 172.21143504784519,
      "translation_rmse_100": 90.80876922607422,
      "t_final": [
        [
          [
            0.61279296875,
            -0.74658203125,
            -0.257568359375,
            0.9739763140678406
          ],
          [
            0.60302734375,
            0.65234375,
            -0.458251953125,
            -0.15229234099388123
          ],
          [
            0.51025390625,
            0.125732421875,
            0.8505859375,
            0.6254796385765076
          ]
        ]
      ],
      "t0_rotation_rmse": 177.29317229168814,
      "t0_translation_rmse_100": 88.91820526123047
    },
    "stats_list": [
      {
        "psnr": 13.83560848236084,
        "distortion": 0.0005882083205506206,
        "rotation_rmse": 172.21143504784519,
        "translation_rmse_100": 90.80876922607422,
        "t_final": [
          [
            [
              0.61279296875,
              -0.74658203125,
              -0.257568359375,
              0.9739763140678406
            ],
            [
              0.60302734375,
              0.65234375,
              -0.458251953125,
              -0.15229234099388123
            ],
            [
              0.51025390625,
              0.125732421875,
              0.8505859375,
              0.6254796385765076
            ]
          ]
        ],
        "t0_rotation_rmse": 177.29317229168814,
        "t0_translation_rmse_100": 88.91820526123047
      }
    ]
  },
  "4b05": {
    "best": {
      "psnr": 16.848777770996094,
      "distortion": 0.0016067300457507372,
      "rotation_rmse": 0.02562345176980362,
      "translation_rmse_100": 2.8655149936676025,
      "t_final": [
        [
          [
            -0.286865234375,
            -0.50244140625,
            0.81591796875,
            -0.05542762205004692
          ],
          [
            0.71240234375,
            -0.68115234375,
            -0.1689453125,
            0.0790814533829689
          ],
          [
            0.64111328125,
            0.533203125,
            0.55322265625,
            0.06322364509105682
          ]
        ]
      ],
      "t0_rotation_rmse": 8.726686219648588,
      "t0_translation_rmse_100": 1.377020239830017
    },
    "stats_list": [
      {
        "psnr": 16.848777770996094,
        "distortion": 0.0016067300457507372,
        "rotation_rmse": 0.02562345176980362,
        "translation_rmse_100": 2.8655149936676025,
        "t_final": [
          [
            [
              -0.286865234375,
              -0.50244140625,
              0.81591796875,
              -0.05542762205004692
            ],
            [
              0.71240234375,
              -0.68115234375,
              -0.1689453125,
              0.0790814533829689
            ],
            [
              0.64111328125,
              0.533203125,
              0.55322265625,
              0.06322364509105682
            ]
          ]
        ],
        "t0_rotation_rmse": 8.726686219648588,
        "t0_translation_rmse_100": 1.377020239830017
      }
    ]
  },
  "Acoustic_Guitar0aa0": {
    "best": {
      "psnr": 22.38861846923828,
      "distortion": 0.0005589231150224805,
      "rotation_rmse": 0.5814723104201456,
      "translation_rmse_100": 0.3504939377307892,
      "t_final": [
        [
          [
            0.6865234375,
            -0.1873779296875,
            -0.7021484375,
            0.09166865050792694
          ],
          [
            0.117431640625,
            0.982421875,
            -0.1470947265625,
            -0.01054212637245655
          ],
          [
            0.71728515625,
            0.0186004638671875,
            0.69677734375,
            0.1909608095884323
          ]
        ]
      ],
      "t0_rotation_rmse": 2.9591665343108793,
      "t0_translation_rmse_100": 2.608794689178467
    },
    "stats_list": [
      {
        "psnr": 22.38861846923828,
        "distortion": 0.0005589231150224805,
        "rotation_rmse": 0.5814723104201456,
        "translation_rmse_100": 0.3504939377307892,
        "t_final": [
          [
            [
              0.6865234375,
              -0.1873779296875,
              -0.7021484375,
              0.09166865050792694
            ],
            [
              0.117431640625,
              0.982421875,
              -0.1470947265625,
              -0.01054212637245655
            ],
            [
              0.71728515625,
              0.0186004638671875,
              0.69677734375,
              0.1909608095884323
            ]
          ]
        ],
        "t0_rotation_rmse": 2.9591665343108793,
        "t0_translation_rmse_100": 2.608794689178467
      }
    ]
  },
  "Acoustic_Guitar0ceb": {
    "best": {
      "psnr": 18.55594825744629,
      "distortion": 0.0007658436661586165,
      "rotation_rmse": 1.8798222960714446,
      "translation_rmse_100": 0.849951982498169,
      "t_final": [
        [
          [
            0.91796875,
            -0.3916015625,
            0.061004638671875,
            0.02856285683810711
          ],
          [
            -0.1898193359375,
            -0.5693359375,
            -0.79931640625,
            -0.11962796747684479
          ],
          [
            0.347900390625,
            0.72216796875,
            -0.59716796875,
            -0.16473567485809326
          ]
        ]
      ],
      "t0_rotation_rmse": 10.273882745485105,
      "t0_translation_rmse_100": 2.181281328201294
    },
    "stats_list": [
      {
        "psnr": 18.55594825744629,
        "distortion": 0.0007658436661586165,
        "rotation_rmse": 1.8798222960714446,
        "translation_rmse_100": 0.849951982498169,
        "t_final": [
          [
            [
              0.91796875,
              -0.3916015625,
              0.061004638671875,
              0.02856285683810711
            ],
            [
              -0.1898193359375,
              -0.5693359375,
              -0.79931640625,
              -0.11962796747684479
            ],
            [
              0.347900390625,
              0.72216796875,
              -0.59716796875,
              -0.16473567485809326
            ]
          ]
        ],
        "t0_rotation_rmse": 10.273882745485105,
        "t0_translation_rmse_100": 2.181281328201294
      }
    ]
  },
  "Antique_World_War_II_German_Telephone0354": {
    "best": {
      "psnr": 19.88326072692871,
      "distortion": 0.0017648001667112112,
      "rotation_rmse": 0.9412288039491714,
      "translation_rmse_100": 0.3514334559440613,
      "t_final": [
        [
          [
            0.80322265625,
            0.5087890625,
            -0.309326171875,
            0.16997943818569183
          ],
          [
            -0.2274169921875,
            0.7421875,
            0.63037109375,
            -0.2422553300857544
          ],
          [
            0.55029296875,
            -0.436279296875,
            0.7119140625,
            0.4104698896408081
          ]
        ]
      ],
      "t0_rotation_rmse": 0.6933620491709016,
      "t0_translation_rmse_100": 1.417060136795044
    },
    "stats_list": [
      {
        "psnr": 19.88326072692871,
        "distortion": 0.0017648001667112112,
        "rotation_rmse": 0.9412288039491714,
        "translation_rmse_100": 0.3514334559440613,
        "t_final": [
          [
            [
              0.80322265625,
              0.5087890625,
              -0.309326171875,
              0.16997943818569183
            ],
            [
              -0.2274169921875,
              0.7421875,
              0.63037109375,
              -0.2422553300857544
            ],
            [
              0.55029296875,
              -0.436279296875,
              0.7119140625,
              0.4104698896408081
            ]
          ]
        ],
        "t0_rotation_rmse": 0.6933620491709016,
        "t0_translation_rmse_100": 1.417060136795044
      }
    ]
  },
  "Arnt_Shoes_-_Koston_11627": {
    "best": {
      "psnr": 19.156339645385742,
      "distortion": 0.0008077329257503152,
      "rotation_rmse": 0.6172733970853607,
      "translation_rmse_100": 0.21937042474746704,
      "t_final": [
        [
          [
            0.397705078125,
            0.364013671875,
            0.84228515625,
            0.2454555481672287
          ],
          [
            0.8203125,
            -0.5517578125,
            -0.149169921875,
            -0.2541412115097046
          ],
          [
            0.410400390625,
            0.75048828125,
            -0.51806640625,
            -0.15997253358364105
          ]
        ]
      ],
      "t0_rotation_rmse": 16.603659960611882,
      "t0_translation_rmse_100": 7.989858150482178
    },
    "stats_list": [
      {
        "psnr": 19.156339645385742,
        "distortion": 0.0008077329257503152,
        "rotation_rmse": 0.6172733970853607,
        "translation_rmse_100": 0.21937042474746704,
        "t_final": [
          [
            [
              0.397705078125,
              0.364013671875,
              0.84228515625,
              0.2454555481672287
            ],
            [
              0.8203125,
              -0.5517578125,
              -0.149169921875,
              -0.2541412115097046
            ],
            [
              0.410400390625,
              0.75048828125,
              -0.51806640625,
              -0.15997253358364105
            ]
          ]
        ],
        "t0_rotation_rmse": 16.603659960611882,
        "t0_translation_rmse_100": 7.989858150482178
      }
    ]
  },
  "Banana_3D_Scan2373": {
    "best": {
      "psnr": 21.238338470458984,
      "distortion": 0.0007929621497169137,
      "rotation_rmse": 3.915275573101102,
      "translation_rmse_100": 0.11224746704101562,
      "t_final": [
        [
          [
            -0.740234375,
            0.58447265625,
            -0.331787109375,
            -0.09003923833370209
          ],
          [
            0.671875,
            0.63427734375,
            -0.382568359375,
            0.5019829273223877
          ],
          [
            -0.01317596435546875,
            -0.50634765625,
            -0.8623046875,
            0.15076513588428497
          ]
        ]
      ],
      "t0_rotation_rmse": 4.130339925939891,
      "t0_translation_rmse_100": 5.789852142333984
    },
    "stats_list": [
      {
        "psnr": 21.238338470458984,
        "distortion": 0.0007929621497169137,
        "rotation_rmse": 3.915275573101102,
        "translation_rmse_100": 0.11224746704101562,
        "t_final": [
          [
            [
              -0.740234375,
              0.58447265625,
              -0.331787109375,
              -0.09003923833370209
            ],
            [
              0.671875,
              0.63427734375,
              -0.382568359375,
              0.5019829273223877
            ],
            [
              -0.01317596435546875,
              -0.50634765625,
              -0.8623046875,
              0.15076513588428497
            ]
          ]
        ],
        "t0_rotation_rmse": 4.130339925939891,
        "t0_translation_rmse_100": 5.789852142333984
      }
    ]
  },
  "Banana_for_scale0a07": {
    "best": {
      "psnr": 22.05308723449707,
      "distortion": 0.0003182347281835973,
      "rotation_rmse": 2.886696179451958,
      "translation_rmse_100": 0.268729031085968,
      "t_final": [
        [
          [
            0.82666015625,
            -0.5419921875,
            0.1531982421875,
            0.14878138899803162
          ],
          [
            -0.560546875,
            -0.81591796875,
            0.1414794921875,
            -0.06544185429811478
          ],
          [
            0.04840087890625,
            -0.202880859375,
            -0.97802734375,
            0.06824739277362823
          ]
        ]
      ],
      "t0_rotation_rmse": 1.8250116225674005,
      "t0_translation_rmse_100": 0.29301196336746216
    },
    "stats_list": [
      {
        "psnr": 22.05308723449707,
        "distortion": 0.0003182347281835973,
        "rotation_rmse": 2.886696179451958,
        "translation_rmse_100": 0.268729031085968,
        "t_final": [
          [
            [
              0.82666015625,
              -0.5419921875,
              0.1531982421875,
              0.14878138899803162
            ],
            [
              -0.560546875,
              -0.81591796875,
              0.1414794921875,
              -0.06544185429811478
            ],
            [
              0.04840087890625,
              -0.202880859375,
              -0.97802734375,
              0.06824739277362823
            ]
          ]
        ],
        "t0_rotation_rmse": 1.8250116225674005,
        "t0_translation_rmse_100": 0.29301196336746216
      }
    ]
  },
  "Elephant1608": {
    "best": {
      "psnr": 16.008092880249023,
      "distortion": 0.0012892326340079308,
      "rotation_rmse": 2.660602738793042,
      "translation_rmse_100": 1.43088698387146,
      "t_final": [
        [
          [
            -0.045867919921875,
            0.55322265625,
            0.83154296875,
            -0.3861899971961975
          ],
          [
            0.45703125,
            0.751953125,
            -0.47509765625,
            -0.2552095055580139
          ],
          [
            -0.88818359375,
            0.358154296875,
            -0.287353515625,
            -0.3691328465938568
          ]
        ]
      ],
      "t0_rotation_rmse": 9.78731084425997,
      "t0_translation_rmse_100": 3.90053391456604
    },
    "stats_list": [
      {
        "psnr": 16.008092880249023,
        "distortion": 0.0012892326340079308,
        "rotation_rmse": 2.660602738793042,
        "translation_rmse_100": 1.43088698387146,
        "t_final": [
          [
            [
              -0.045867919921875,
              0.55322265625,
              0.83154296875,
              -0.3861899971961975
            ],
            [
              0.45703125,
              0.751953125,
              -0.47509765625,
              -0.2552095055580139
            ],
            [
              -0.88818359375,
              0.358154296875,
              -0.287353515625,
              -0.3691328465938568
            ]
          ]
        ],
        "t0_rotation_rmse": 9.78731084425997,
        "t0_translation_rmse_100": 3.90053391456604
      }
    ]
  },
  "F1110000": {
    "best": {
      "psnr": 16.34856605529785,
      "distortion": 0.0016696867533028126,
      "rotation_rmse": 0.8054220523626767,
      "translation_rmse_100": 0.34460723400115967,
      "t_final": [
        [
          [
            -0.334228515625,
            -0.026458740234375,
            0.9423828125,
            -0.11613073199987411
          ],
          [
            -0.9345703125,
            0.1396484375,
            -0.32763671875,
            0.2053893655538559
          ],
          [
            -0.12286376953125,
            -0.98974609375,
            -0.07147216796875,
            0.0867709368467331
          ]
        ]
      ],
      "t0_rotation_rmse": 5.362247433067061,
      "t0_translation_rmse_100": 2.228024482727051
    },
    "stats_list": [
      {
        "psnr": 16.34856605529785,
        "distortion": 0.0016696867533028126,
        "rotation_rmse": 0.8054220523626767,
        "translation_rmse_100": 0.34460723400115967,
        "t_final": [
          [
            [
              -0.334228515625,
              -0.026458740234375,
              0.9423828125,
              -0.11613073199987411
            ],
            [
              -0.9345703125,
              0.1396484375,
              -0.32763671875,
              0.2053893655538559
            ],
            [
              -0.12286376953125,
              -0.98974609375,
              -0.07147216796875,
              0.0867709368467331
            ]
          ]
        ],
        "t0_rotation_rmse": 5.362247433067061,
        "t0_translation_rmse_100": 2.228024482727051
      }
    ]
  },
  "F_15_C_Jungle_Camo16c6": {
    "best": {
      "psnr": 23.14784812927246,
      "distortion": 0.0007525997934862971,
      "rotation_rmse": 0.02562345176980362,
      "translation_rmse_100": 0.017211586236953735,
      "t_final": [
        [
          [
            0.11285400390625,
            -0.52685546875,
            0.8427734375,
            -0.06535959988832474
          ],
          [
            -0.689453125,
            0.56884765625,
            0.447998046875,
            -0.02348303236067295
          ],
          [
            -0.7158203125,
            -0.63134765625,
            -0.299072265625,
            0.10096040368080139
          ]
        ]
      ],
      "t0_rotation_rmse": 5.391452999559226,
      "t0_translation_rmse_100": 4.985473155975342
    },
    "stats_list": [
      {
        "psnr": 23.14784812927246,
        "distortion": 0.0007525997934862971,
        "rotation_rmse": 0.02562345176980362,
        "translation_rmse_100": 0.017211586236953735,
        "t_final": [
          [
            [
              0.11285400390625,
              -0.52685546875,
              0.8427734375,
              -0.06535959988832474
            ],
            [
              -0.689453125,
              0.56884765625,
              0.447998046875,
              -0.02348303236067295
            ],
            [
              -0.7158203125,
              -0.63134765625,
              -0.299072265625,
              0.10096040368080139
            ]
          ]
        ],
        "t0_rotation_rmse": 5.391452999559226,
        "t0_translation_rmse_100": 4.985473155975342
      }
    ]
  },
  "Figura_San_Juan260d": {
    "best": {
      "psnr": 19.138256072998047,
      "distortion": 0.0008055886719375849,
      "rotation_rmse": 0.02562345176980362,
      "translation_rmse_100": 0.15760809183120728,
      "t_final": [
        [
          [
            0.6904296875,
            0.51220703125,
            -0.5107421875,
            -0.15427541732788086
          ],
          [
            0.7236328125,
            -0.4970703125,
            0.479248046875,
            -0.000333176925778389
          ],
          [
            -0.0084228515625,
            -0.70068359375,
            -0.71337890625,
            0.020525824278593063
          ]
        ]
      ],
      "t0_rotation_rmse": 3.0427913300901754,
      "t0_translation_rmse_100": 2.7446136474609375
    },
    "stats_list": [
      {
        "psnr": 19.138256072998047,
        "distortion": 0.0008055886719375849,
        "rotation_rmse": 0.02562345176980362,
        "translation_rmse_100": 0.15760809183120728,
        "t_final": [
          [
            [
              0.6904296875,
              0.51220703125,
              -0.5107421875,
              -0.15427541732788086
            ],
            [
              0.7236328125,
              -0.4970703125,
              0.479248046875,
              -0.000333176925778389
            ],
            [
              -0.0084228515625,
              -0.70068359375,
              -0.71337890625,
              0.020525824278593063
            ]
          ]
        ],
        "t0_rotation_rmse": 3.0427913300901754,
        "t0_translation_rmse_100": 2.7446136474609375
      }
    ]
  },
  "FireHydrant_Fortnite_Style_0152": {
    "best": {
      "psnr": 19.168258666992188,
      "distortion": 0.0009513454861007631,
      "rotation_rmse": 1.3979254679056234,
      "translation_rmse_100": 1.727643609046936,
      "t_final": [
        [
          [
            0.9052734375,
            -0.416259765625,
            0.08416748046875,
            -0.07346504926681519
          ],
          [
            0.42041015625,
            0.849609375,
            -0.318603515625,
            0.2743583917617798
          ],
          [
            0.0611572265625,
            0.32373046875,
            0.94384765625,
            -0.047978948801755905
          ]
        ]
      ],
      "t0_rotation_rmse": 3.56833819280024,
      "t0_translation_rmse_100": 1.5599876642227173
    },
    "stats_list": [
      {
        "psnr": 19.168258666992188,
        "distortion": 0.0009513454861007631,
        "rotation_rmse": 1.3979254679056234,
        "translation_rmse_100": 1.727643609046936,
        "t_final": [
          [
            [
              0.9052734375,
              -0.416259765625,
              0.08416748046875,
              -0.07346504926681519
            ],
            [
              0.42041015625,
              0.849609375,
              -0.318603515625,
              0.2743583917617798
            ],
            [
              0.0611572265625,
              0.32373046875,
              0.94384765625,
              -0.047978948801755905
            ]
          ]
        ],
        "t0_rotation_rmse": 3.56833819280024,
        "t0_translation_rmse_100": 1.5599876642227173
      }
    ]
  },
  "Fire_Hydrant_Low_Poly_06d5": {
    "best": {
      "psnr": 24.806047439575195,
      "distortion": 0.0008966341847553849,
      "rotation_rmse": 179.9743765482302,
      "translation_rmse_100": 43.376739501953125,
      "t_final": [
        [
          [
            -0.90966796875,
            -0.11865234375,
            -0.397705078125,
            -0.22979672253131866
          ],
          [
            -0.3076171875,
            0.8359375,
            0.454833984375,
            0.538364052772522
          ],
          [
            0.2783203125,
            0.5361328125,
            -0.796875,
            0.10248920321464539
          ]
        ]
      ],
      "t0_rotation_rmse": 179.85238822272666,
      "t0_translation_rmse_100": 42.75532531738281
    },
    "stats_list": [
      {
        "psnr": 24.806047439575195,
        "distortion": 0.0008966341847553849,
        "rotation_rmse": 179.9743765482302,
        "translation_rmse_100": 43.376739501953125,
        "t_final": [
          [
            [
              -0.90966796875,
              -0.11865234375,
              -0.397705078125,
              -0.22979672253131866
            ],
            [
              -0.3076171875,
              0.8359375,
              0.454833984375,
              0.538364052772522
            ],
            [
              0.2783203125,
              0.5361328125,
              -0.796875,
              0.10248920321464539
            ]
          ]
        ],
        "t0_rotation_rmse": 179.85238822272666,
        "t0_translation_rmse_100": 42.75532531738281
      }
    ]
  },
  "Haunted_Mansion_-_Piano0e0d": {
    "best": {
      "psnr": 12.450535774230957,
      "distortion": 0.00633025448769331,
      "rotation_rmse": 6.50043679894944,
      "translation_rmse_100": 18.257421493530273,
      "t_final": [
        [
          [
            0.9697265625,
            0.2032470703125,
            -0.1378173828125,
            -0.12425139546394348
          ],
          [
            -0.08026123046875,
            0.79296875,
            0.60400390625,
            0.43595731258392334
          ],
          [
            0.2320556640625,
            -0.57470703125,
            0.78515625,
            -0.22295090556144714
          ]
        ]
      ],
      "t0_rotation_rmse": 4.182735308395986,
      "t0_translation_rmse_100": 8.510107040405273
    },
    "stats_list": [
      {
        "psnr": 12.450535774230957,
        "distortion": 0.00633025448769331,
        "rotation_rmse": 6.50043679894944,
        "translation_rmse_100": 18.257421493530273,
        "t_final": [
          [
            [
              0.9697265625,
              0.2032470703125,
              -0.1378173828125,
              -0.12425139546394348
            ],
            [
              -0.08026123046875,
              0.79296875,
              0.60400390625,
              0.43595731258392334
            ],
            [
              0.2320556640625,
              -0.57470703125,
              0.78515625,
              -0.22295090556144714
            ]
          ]
        ],
        "t0_rotation_rmse": 4.182735308395986,
        "t0_translation_rmse_100": 8.510107040405273
      }
    ]
  },
  "Hl_Maximilian09f0": {
    "best": {
      "psnr": 12.925941467285156,
      "distortion": 0.0003460913721937686,
      "rotation_rmse": 172.10948424996522,
      "translation_rmse_100": 2.1215758323669434,
      "t_final": [
        [
          [
            -0.1871337890625,
            -0.72509765625,
            0.6630859375,
            -0.09212442487478256
          ],
          [
            -0.7900390625,
            -0.289794921875,
            -0.5400390625,
            -0.2743324637413025
          ],
          [
            0.58349609375,
            -0.625,
            -0.5185546875,
            0.21985693275928497
          ]
        ]
      ],
      "t0_rotation_rmse": 152.64306913290696,
      "t0_translation_rmse_100": 0.6216369867324829
    },
    "stats_list": [
      {
        "psnr": 12.925941467285156,
        "distortion": 0.0003460913721937686,
        "rotation_rmse": 172.10948424996522,
        "translation_rmse_100": 2.1215758323669434,
        "t_final": [
          [
            [
              -0.1871337890625,
              -0.72509765625,
              0.6630859375,
              -0.09212442487478256
            ],
            [
              -0.7900390625,
              -0.289794921875,
              -0.5400390625,
              -0.2743324637413025
            ],
            [
              0.58349609375,
              -0.625,
              -0.5185546875,
              0.21985693275928497
            ]
          ]
        ],
        "t0_rotation_rmse": 152.64306913290696,
        "t0_translation_rmse_100": 0.6216369867324829
      }
    ]
  },
  "Hunter_Boy_With_Rabbit_Figurine0a5b": {
    "best": {
      "psnr": 20.378177642822266,
      "distortion": 0.0010195805225521326,
      "rotation_rmse": 0.02562345176980362,
      "translation_rmse_100": 0.5094826221466064,
      "t_final": [
        [
          [
            0.83203125,
            -0.48486328125,
            -0.27001953125,
            0.30590468645095825
          ],
          [
            0.061798095703125,
            -0.40283203125,
            0.91357421875,
            -0.03470400720834732
          ],
          [
            -0.55126953125,
            -0.77685546875,
            -0.30517578125,
            0.03187748044729233
          ]
        ]
      ],
      "t0_rotation_rmse": 1.6628255174321234,
      "t0_translation_rmse_100": 4.525595664978027
    },
    "stats_list": [
      {
        "psnr": 20.378177642822266,
        "distortion": 0.0010195805225521326,
        "rotation_rmse": 0.02562345176980362,
        "translation_rmse_100": 0.5094826221466064,
        "t_final": [
          [
            [
              0.83203125,
              -0.48486328125,
              -0.27001953125,
              0.30590468645095825
            ],
            [
              0.061798095703125,
              -0.40283203125,
              0.91357421875,
              -0.03470400720834732
            ],
            [
              -0.55126953125,
              -0.77685546875,
              -0.30517578125,
              0.03187748044729233
            ]
          ]
        ],
        "t0_rotation_rmse": 1.6628255174321234,
        "t0_translation_rmse_100": 4.525595664978027
      }
    ]
  },
  "Lantern0231": {
    "best": {
      "psnr": 19.841537475585938,
      "distortion": 0.0009606202365830541,
      "rotation_rmse": 179.9743765482302,
      "translation_rmse_100": 35.224979400634766,
      "t_final": [
        [
          [
            0.01152801513671875,
            -0.529296875,
            0.8486328125,
            -0.03103942610323429
          ],
          [
            0.99853515625,
            -0.0364990234375,
            -0.03631591796875,
            -0.045081354677677155
          ],
          [
            0.0501708984375,
            0.84765625,
            0.5283203125,
            -0.17633259296417236
          ]
        ]
      ],
      "t0_rotation_rmse": 177.10608197519912,
      "t0_translation_rmse_100": 34.190433502197266
    },
    "stats_list": [
      {
        "psnr": 19.841537475585938,
        "distortion": 0.0009606202365830541,
        "rotation_rmse": 179.9743765482302,
        "translation_rmse_100": 35.224979400634766,
        "t_final": [
          [
            [
              0.01152801513671875,
              -0.529296875,
              0.8486328125,
              -0.03103942610323429
            ],
            [
              0.99853515625,
              -0.0364990234375,
              -0.03631591796875,
              -0.045081354677677155
            ],
            [
              0.0501708984375,
              0.84765625,
              0.5283203125,
              -0.17633259296417236
            ]
          ]
        ],
        "t0_rotation_rmse": 177.10608197519912,
        "t0_translation_rmse_100": 34.190433502197266
      }
    ]
  },
  "MiG_23_Desert_Camo089f": {
    "best": {
      "psnr": 20.146982192993164,
      "distortion": 0.0011556564131751657,
      "rotation_rmse": 1.569162721440628,
      "translation_rmse_100": 0.0921294093132019,
      "t_final": [
        [
          [
            -0.84130859375,
            -0.33056640625,
            -0.4267578125,
            -0.24703599512577057
          ],
          [
            0.509765625,
            -0.225830078125,
            -0.830078125,
            0.09652900695800781
          ],
          [
            0.1781005859375,
            -0.916015625,
            0.358642578125,
            -0.4535708427429199
          ]
        ]
      ],
      "t0_rotation_rmse": 6.017989168158802,
      "t0_translation_rmse_100": 2.8310821056365967
    },
    "stats_list": [
      {
        "psnr": 20.146982192993164,
        "distortion": 0.0011556564131751657,
        "rotation_rmse": 1.569162721440628,
        "translation_rmse_100": 0.0921294093132019,
        "t_final": [
          [
            [
              -0.84130859375,
              -0.33056640625,
              -0.4267578125,
              -0.24703599512577057
            ],
            [
              0.509765625,
              -0.225830078125,
              -0.830078125,
              0.09652900695800781
            ],
            [
              0.1781005859375,
              -0.916015625,
              0.358642578125,
              -0.4535708427429199
            ]
          ]
        ],
        "t0_rotation_rmse": 6.017989168158802,
        "t0_translation_rmse_100": 2.8310821056365967
      }
    ]
  },
  "Ornate_Medieval_Shield22a7": {
    "best": {
      "psnr": 9.570612907409668,
      "distortion": 0.0017668136861175299,
      "rotation_rmse": 10.756582125965956,
      "translation_rmse_100": 5.815762996673584,
      "t_final": [
        [
          [
            0.95703125,
            0.28466796875,
            -0.05657958984375,
            -0.018046244978904724
          ],
          [
            0.12158203125,
            -0.216064453125,
            0.96826171875,
            0.42612627148628235
          ],
          [
            0.263671875,
            -0.93359375,
            -0.241455078125,
            0.2662498354911804
          ]
        ]
      ],
      "t0_rotation_rmse": 4.027586882323893,
      "t0_translation_rmse_100": 8.527498245239258
    },
    "stats_list": [
      {
        "psnr": 9.570612907409668,
        "distortion": 0.0017668136861175299,
        "rotation_rmse": 10.756582125965956,
        "translation_rmse_100": 5.815762996673584,
        "t_final": [
          [
            [
              0.95703125,
              0.28466796875,
              -0.05657958984375,
              -0.018046244978904724
            ],
            [
              0.12158203125,
              -0.216064453125,
              0.96826171875,
              0.42612627148628235
            ],
            [
              0.263671875,
              -0.93359375,
              -0.241455078125,
              0.2662498354911804
            ]
          ]
        ],
        "t0_rotation_rmse": 4.027586882323893,
        "t0_translation_rmse_100": 8.527498245239258
      }
    ]
  },
  "PB170_Sneaker_Sm18c3": {
    "best": {
      "psnr": 24.59971809387207,
      "distortion": 0.0011308937100693583,
      "rotation_rmse": 0.9620493379772926,
      "translation_rmse_100": 0.09412020444869995,
      "t_final": [
        [
          [
            0.63037109375,
            -0.73193359375,
            0.258544921875,
            0.13800251483917236
          ],
          [
            0.7255859375,
            0.673828125,
            0.1383056640625,
            0.012138262391090393
          ],
          [
            -0.275390625,
            0.10015869140625,
            0.9560546875,
            0.3321637213230133
          ]
        ]
      ],
      "t0_rotation_rmse": 3.0222410838486167,
      "t0_translation_rmse_100": 0.12227743864059448
    },
    "stats_list": [
      {
        "psnr": 24.59971809387207,
        "distortion": 0.0011308937100693583,
        "rotation_rmse": 0.9620493379772926,
        "translation_rmse_100": 0.09412020444869995,
        "t_final": [
          [
            [
              0.63037109375,
              -0.73193359375,
              0.258544921875,
              0.13800251483917236
            ],
            [
              0.7255859375,
              0.673828125,
              0.1383056640625,
              0.012138262391090393
            ],
            [
              -0.275390625,
              0.10015869140625,
              0.9560546875,
              0.3321637213230133
            ]
          ]
        ],
        "t0_rotation_rmse": 3.0222410838486167,
        "t0_translation_rmse_100": 0.12227743864059448
      }
    ]
  },
  "PBR_Stylized_Tennis0bf9": {
    "best": {
      "psnr": 13.265692710876465,
      "distortion": 0.0022759733255952597,
      "rotation_rmse": 99.48389621591107,
      "translation_rmse_100": 19.999948501586914,
      "t_final": [
        [
          [
            0.94775390625,
            -0.30126953125,
            -0.10687255859375,
            0.2538911998271942
          ],
          [
            0.3125,
            0.94287109375,
            0.1138916015625,
            0.8624142408370972
          ],
          [
            0.06646728515625,
            -0.141357421875,
            0.98779296875,
            -0.23838786780834198
          ]
        ]
      ],
      "t0_rotation_rmse": 90.7553335661398,
      "t0_translation_rmse_100": 3.5962436199188232
    },
    "stats_list": [
      {
        "psnr": 13.265692710876465,
        "distortion": 0.0022759733255952597,
        "rotation_rmse": 99.48389621591107,
        "translation_rmse_100": 19.999948501586914,
        "t_final": [
          [
            [
              0.94775390625,
              -0.30126953125,
              -0.10687255859375,
              0.2538911998271942
            ],
            [
              0.3125,
              0.94287109375,
              0.1138916015625,
              0.8624142408370972
            ],
            [
              0.06646728515625,
              -0.141357421875,
              0.98779296875,
              -0.23838786780834198
            ]
          ]
        ],
        "t0_rotation_rmse": 90.7553335661398,
        "t0_translation_rmse_100": 3.5962436199188232
      }
    ]
  },
  "Park_Bench0b05": {
    "best": {
      "psnr": 11.052034378051758,
      "distortion": 0.0018507660133764148,
      "rotation_rmse": 179.9743765482302,
      "translation_rmse_100": 11.539199829101562,
      "t_final": [
        [
          [
            0.055267333984375,
            -0.10333251953125,
            0.9931640625,
            -0.27609026432037354
          ],
          [
            -0.20166015625,
            0.97314453125,
            0.1124267578125,
            0.4010961055755615
          ],
          [
            -0.97802734375,
            -0.2064208984375,
            0.032928466796875,
            0.18232190608978271
          ]
        ]
      ],
      "t0_rotation_rmse": 177.76625402064855,
      "t0_translation_rmse_100": 8.461503982543945
    },
    "stats_list": [
      {
        "psnr": 11.052034378051758,
        "distortion": 0.0018507660133764148,
        "rotation_rmse": 179.9743765482302,
        "translation_rmse_100": 11.539199829101562,
        "t_final": [
          [
            [
              0.055267333984375,
              -0.10333251953125,
