{
  "horns_50_50": {
    "best": {
      "psnr": 24.878673553466797,
      "distortion": 0.013312545605003834,
      "rotation_rmse": 0.01701364666223526,
      "translation_rmse_100": 0.008699188008904457,
      "t_final": [
        [
          [
            0.85595703125,
            0.1361083984375,
            0.499267578125,
            -0.04400634765625
          ],
          [
            0.0341796875,
            0.94775390625,
            -0.31689453125,
            0.12890625
          ],
          [
            -0.51611328125,
            0.288330078125,
            0.806640625,
            -0.237548828125
          ]
        ]
      ]
    },
    "stats_list": [
      {
        "psnr": 20.570144653320312,
        "distortion": 0.018879566341638565,
        "rotation_rmse": 0.01713567040860653,
        "translation_rmse_100": 0.07604525238275528,
        "t_final": [
          [
            [
              0.85595703125,
              0.1356201171875,
              0.4990234375,
              -0.045135498046875
            ],
            [
              0.0347900390625,
              0.94775390625,
              -0.317138671875,
              0.1287841796875
            ],
            [
              -0.51611328125,
              0.288818359375,
              0.806640625,
              -0.2371826171875
            ]
          ]
        ]
      },
      {
        "psnr": 10.578679084777832,
        "distortion": 0.21510165929794312,
        "rotation_rmse": 13.627594947814941,
        "translation_rmse_100": 114.24889373779297,
        "t_final": [
          [
            [
              0.93896484375,
              0.31201171875,
              0.14404296875,
              1.0693359375
            ],
            [
              -0.2392578125,
              0.89453125,
              -0.377685546875,
              -0.537109375
            ],
            [
              -0.2467041015625,
              0.320068359375,
              0.91455078125,
              1.2568359375
            ]
          ]
        ]
      },
      {
        "psnr": 23.62687873840332,
        "distortion": 0.013811029493808746,
        "rotation_rmse": 0.019245833158493042,
        "translation_rmse_100": 0.012157440185546875,
        "t_final": [
          [
            [
              0.85595703125,
              0.1356201171875,
              0.498779296875,
              -0.044036865234375
            ],
            [
              0.034637451171875,
              0.94775390625,
              -0.3173828125,
              0.1287841796875
            ],
            [
              -0.515625,
              0.288818359375,
              0.806640625,
              -0.2374267578125
            ]
          ]
        ]
      },
      {
        "psnr": 10.289252281188965,
        "distortion": 0.045630890876054764,
        "rotation_rmse": 23.923419952392578,
        "translation_rmse_100": 11.782979965209961,
        "t_final": [
          [
            [
              0.86279296875,
              -0.2298583984375,
              0.450439453125,
              0.0024967193603515625
            ],
            [
              0.470947265625,
              0.68994140625,
              -0.5498046875,
              0.0167083740234375
            ],
            [
              -0.18408203125,
              0.6865234375,
              0.703125,
              -0.401611328125
            ]
          ]
        ]
      },
      {
        "psnr": 24.878673553466797,
        "distortion": 0.013312545605003834,
        "rotation_rmse": 0.01701364666223526,
        "translation_rmse_100": 0.008699188008904457,
        "t_final": [
          [
            [
              0.85595703125,
              0.1361083984375,
              0.499267578125,
              -0.04400634765625
            ],
            [
              0.0341796875,
              0.94775390625,
              -0.31689453125,
              0.12890625
            ],
            [
              -0.51611328125,
              0.288330078125,
              0.806640625,
              -0.237548828125
            ]
          ]
        ]
      },
      {
        "psnr": 10.759998321533203,
        "distortion": 0.21523194015026093,
        "rotation_rmse": 24.538433074951172,
        "translation_rmse_100": 113.06050109863281,
        "t_final": [
          [
            [
              0.875,
              0.442626953125,
              0.1961669921875,
              1.1064453125
            ],
            [
              -0.44580078125,
              0.89453125,
              -0.030181884765625,
              -0.252197265625
            ],
            [
              -0.1888427734375,
              -0.061126708984375,
              0.97998046875,
              1.30078125
            ]
          ]
        ]
      },
      {
        "psnr": 19.453330993652344,
        "distortion": 0.020327627658843994,
        "rotation_rmse": 0.01926739141345024,
        "translation_rmse_100": 0.03681067377328873,
        "t_final": [
          [
            [
              0.85595703125,
              0.1356201171875,
              0.4990234375,
              -0.04437255859375
            ],
            [
              0.03436279296875,
              0.9482421875,
              -0.316650390625,
              0.1285400390625
            ],
            [
              -0.51611328125,
              0.2880859375,
              0.806640625,
              -0.2373046875
            ]
          ]
        ]
      },
      {
        "psnr": 13.81181526184082,
        "distortion": 0.011705749668180943,
        "rotation_rmse": 28.361806869506836,
        "translation_rmse_100": 45.50606155395508,
        "t_final": [
          [
            [
              0.806640625,
              -0.469482421875,
              0.35888671875,
              -0.4609375
            ],
            [
              0.5908203125,
              0.6435546875,
              -0.486572265625,
              -0.51025390625
            ],
            [
              -0.0025482177734375,
              0.6044921875,
              0.79638671875,
              -0.4345703125
            ]
          ]
        ]
      },
      {
        "psnr": 14.10273265838623,
        "distortion": 0.021331777796149254,
        "rotation_rmse": 14.74644660949707,
        "translation_rmse_100": 43.84174346923828,
        "t_final": [
          [
            [
              0.98291015625,
              0.1290283203125,
              0.1319580078125,
              -0.397216796875
            ],
            [
              -0.1024169921875,
              0.97607421875,
              -0.191650390625,
              -0.4658203125
            ],
            [
              -0.153564453125,
              0.1749267578125,
              0.97265625,
              -0.55078125
            ]
          ]
        ]
      },
      {
        "psnr": 11.223563194274902,
        "distortion": 0.040342096239328384,
        "rotation_rmse": 17.914648056030273,
        "translation_rmse_100": 40.53006362915039,
        "t_final": [
          [
            [
              0.9912109375,
              -0.12152099609375,
              0.048736572265625,
              -0.343994140625
            ],
            [
              0.130615234375,
              0.9443359375,
              -0.302490234375,
              -0.45556640625
            ],
            [
              -0.00922393798828125,
              0.30615234375,
              0.9521484375,
              -0.48486328125
            ]
          ]
        ]
      }
    ]
  }
}