{
  "fern_0_100_even_odd": {
    "best": {
      "psnr": 11.227861404418945,
      "distortion": 0.06229666247963905,
      "rotation_rmse": 9.858057022094727,
      "translation_rmse_100": 43.68451690673828,
      "t_final": [
        [
          [
            0.73291015625,
            -0.366455078125,
            0.57275390625,
            -0.35837072134017944
          ],
          [
            0.50341796875,
            0.85888671875,
            -0.09442138671875,
            -0.25534573197364807
          ],
          [
            -0.45751953125,
            0.357666015625,
            0.81396484375,
            0.4599258601665497
          ]
        ]
      ]
    },
    "stats_list": [
      {
        "psnr": 9.952424049377441,
        "distortion": 0.07740756869316101,
        "rotation_rmse": 16.1230411529541,
        "translation_rmse_100": 47.345703125,
        "t_final": [
          [
            [
              0.697265625,
              -0.6103515625,
              0.376220703125,
              -0.5527686476707458
            ],
            [
              0.445068359375,
              0.77978515625,
              0.4404296875,
              -0.4962993264198303
            ],
            [
              -0.56201171875,
              -0.1395263671875,
              0.8154296875,
              0.28053098917007446
            ]
          ]
        ]
      },
      {
        "psnr": 9.623128890991211,
        "distortion": 0.07810430973768234,
        "rotation_rmse": 26.644376754760742,
        "translation_rmse_100": 39.2474250793457,
        "t_final": [
          [
            [
              0.89990234375,
              -0.423095703125,
              0.10565185546875,
              -0.47093474864959717
            ],
            [
              0.359375,
              0.85693359375,
              0.369384765625,
              -0.4306241273880005
            ],
            [
              -0.246826171875,
              -0.29443359375,
              0.92333984375,
              0.18090271949768066
            ]
          ]
        ]
      },
      {
        "psnr": 9.321815490722656,
        "distortion": 0.08122202008962631,
        "rotation_rmse": 28.491418838500977,
        "translation_rmse_100": 31.395387649536133,
        "t_final": [
          [
            [
              0.9658203125,
              -0.25927734375,
              0.00591278076171875,
              -0.4306229054927826
            ],
            [
              0.2587890625,
              0.96484375,
              0.04107666015625,
              -0.09488597512245178
            ],
            [
              -0.016357421875,
              -0.03814697265625,
              0.9990234375,
              0.07172233611345291
            ]
          ]
        ]
      },
      {
        "psnr": 11.227861404418945,
        "distortion": 0.06229666247963905,
        "rotation_rmse": 9.858057022094727,
        "translation_rmse_100": 43.68451690673828,
        "t_final": [
          [
            [
              0.73291015625,
              -0.366455078125,
              0.57275390625,
              -0.35837072134017944
            ],
            [
              0.50341796875,
              0.85888671875,
              -0.09442138671875,
              -0.25534573197364807
            ],
            [
              -0.45751953125,
              0.357666015625,
              0.81396484375,
              0.4599258601665497
            ]
          ]
        ]
      },
      {
        "psnr": 9.397736549377441,
        "distortion": 0.0618472620844841,
        "rotation_rmse": 31.525184631347656,
        "translation_rmse_100": 13.610088348388672,
        "t_final": [
          [
            [
              0.99951171875,
              -0.0129852294921875,
              0.02276611328125,
              -0.0033001655247062445
            ],
            [
              0.01371002197265625,
              0.99951171875,
              -0.03192138671875,
              -0.026186099275946617
            ],
            [
              -0.0223388671875,
              0.0322265625,
              0.9990234375,
              0.005596619565039873
            ]
          ]
        ]
      },
      {
        "psnr": 9.218740463256836,
        "distortion": 0.0773630142211914,
        "rotation_rmse": 32.856502532958984,
        "translation_rmse_100": 13.770487785339355,
        "t_final": [
          [
            [
              1.0,
              0.006977081298828125,
              -0.0031585693359375,
              -0.0071151661686599255
            ],
            [
              -0.006984710693359375,
              1.0,
              -0.0013990402221679688,
              -0.007574726827442646
            ],
            [
              0.003147125244140625,
              0.0014219284057617188,
              1.0,
              -0.0086952680721879
            ]
          ]
        ]
      },
      {
        "psnr": 9.335721015930176,
        "distortion": 0.07487114518880844,
        "rotation_rmse": 32.823448181152344,
        "translation_rmse_100": 14.533950805664062,
        "t_final": [
          [
            [
              0.99951171875,
              -0.00954437255859375,
              -0.0205078125,
              0.021380851045250893
            ],
            [
              0.00914764404296875,
              1.0,
              -0.019378662109375,
              -0.007124925497919321
            ],
            [
              0.02069091796875,
              0.0191802978515625,
              0.99951171875,
              0.016169779002666473
            ]
          ]
        ]
      },
      {
        "psnr": 9.320090293884277,
        "distortion": 0.07659006863832474,
        "rotation_rmse": 32.893062591552734,
        "translation_rmse_100": 14.400668144226074,
        "t_final": [
          [
            [
              1.0,
              0.006870269775390625,
              -0.0086822509765625,
              0.007331406697630882
            ],
            [
              -0.0069732666015625,
              1.0,
              -0.01178741455078125,
              0.006423080340027809
            ],
            [
              0.00859832763671875,
              0.01184844970703125,
              1.0,
              -0.0028327475301921368
            ]
          ]
        ]
      },
      {
        "psnr": 9.272980690002441,
        "distortion": 0.07419122755527496,
        "rotation_rmse": 32.79503631591797,
        "translation_rmse_100": 13.28769588470459,
        "t_final": [
          [
            [
              1.0,
              -0.00894927978515625,
              -0.006374359130859375,
              -0.003266451647505164
            ],
            [
              0.0090484619140625,
              1.0,
              0.0152435302734375,
              -0.011068424209952354
            ],
            [
              0.006237030029296875,
              -0.01529693603515625,
              1.0,
              -0.016097068786621094
            ]
          ]
        ]
      },
      {
        "psnr": 9.168365478515625,
        "distortion": 0.08014129847288132,
        "rotation_rmse": 32.679256439208984,
        "translation_rmse_100": 14.675335884094238,
        "t_final": [
          [
            [
              1.0,
              0.004985809326171875,
              0.00501251220703125,
              0.005024957936257124
            ],
            [
              -0.00501251220703125,
              1.0,
              0.004985809326171875,
              0.004999917466193438
            ],
            [
              -0.004985809326171875,
              -0.00501251220703125,
              1.0,
              0.004974957089871168
            ]
          ]
        ]
      }
    ]
  },
  "fern_30_70_even_odd": {
    "best": {
      "psnr": 25.012990951538086,
      "distortion": 0.017217915505170822,
      "rotation_rmse": 0.022499511018395424,
      "translation_rmse_100": 0.16465139389038086,
      "t_final": [
        [
          [
            0.61572265625,
            -0.355224609375,
            0.70361328125,
            0.04662371799349785
          ],
          [
            0.399169921875,
            0.91015625,
            0.1104736328125,
            -0.17114417254924774
          ],
          [
            -0.6796875,
            0.2127685546875,
            0.7021484375,
            -0.17169195413589478
          ]
        ]
      ]
    },
    "stats_list": [
      {
        "psnr": 10.043777465820312,
        "distortion": 0.07804227620363235,
        "rotation_rmse": 32.78138732910156,
        "translation_rmse_100": 14.284424781799316,
        "t_final": [
          [
            [
              1.0,
              -0.00997161865234375,
              -0.010009765625,
              -0.008920611813664436
            ],
            [
              0.010040283203125,
              1.0,
              0.00653076171875,
              0.005380135029554367
            ],
            [
              0.00994110107421875,
              -0.00662994384765625,
              1.0,
              -0.009645149111747742
            ]
          ]
        ]
      },
      {
        "psnr": 11.147886276245117,
        "distortion": 0.0469859279692173,
        "rotation_rmse": 33.58243942260742,
        "translation_rmse_100": 8.826876640319824,
        "t_final": [
          [
            [
              0.9990234375,
              -0.004535675048828125,
              -0.04364013671875,
              0.002772417850792408
            ],
            [
              0.004039764404296875,
              1.0,
              -0.011474609375,
              -0.042592618614435196
            ],
            [
              0.043701171875,
              0.01129150390625,
              0.9990234375,
              -0.10519907623529434
            ]
          ]
        ]
      },
      {
        "psnr": 11.275200843811035,
        "distortion": 0.04058654233813286,
        "rotation_rmse": 28.85973358154297,
        "translation_rmse_100": 17.62228775024414,
        "t_final": [
          [
            [
              0.99365234375,
              -0.0088348388671875,
              0.11236572265625,
              -0.1538023203611374
            ],
            [
              0.017364501953125,
              0.9970703125,
              -0.07513427734375,
              0.05556337535381317
            ],
            [
              -0.11138916015625,
              0.07666015625,
              0.99072265625,
              -0.1610373556613922
            ]
          ]
        ]
      },
      {
        "psnr": 10.16474437713623,
        "distortion": 0.0774737074971199,
        "rotation_rmse": 33.10912322998047,
        "translation_rmse_100": 13.825063705444336,
        "t_final": [
          [
            [
              1.0,
              0.00998687744140625,
              -0.00848388671875,
              -0.003304474288597703
            ],
            [
              -0.00994873046875,
              1.0,
              0.004863739013671875,
              -0.004318128805607557
            ],
            [
              0.0085296630859375,
              -0.004779815673828125,
              1.0,
              -0.009351808577775955
            ]
          ]
        ]
      },
      {
        "psnr": 11.153289794921875,
        "distortion": 0.08925836533308029,
        "rotation_rmse": 36.507110595703125,
        "translation_rmse_100": 28.168163299560547,
        "t_final": [
          [
            [
              0.98681640625,
              0.09521484375,
              -0.1314697265625,
              -0.34261882305145264
            ],
            [
              -0.12347412109375,
              0.9658203125,
              -0.2274169921875,
              -0.4105153977870941
            ],
            [
              0.1053466796875,
              0.2406005859375,
              0.96484375,
              -0.3378831148147583
            ]
          ]
        ]
      },
      {
        "psnr": 25.012990951538086,
        "distortion": 0.017217915505170822,
        "rotation_rmse": 0.022499511018395424,
        "translation_rmse_100": 0.16465139389038086,
        "t_final": [
          [
            [
              0.61572265625,
              -0.355224609375,
              0.70361328125,
              0.04662371799349785
            ],
            [
              0.399169921875,
              0.91015625,
              0.1104736328125,
              -0.17114417254924774
            ],
            [
              -0.6796875,
              0.2127685546875,
              0.7021484375,
              -0.17169195413589478
            ]
          ]
        ]
      },
      {
        "psnr": 10.180801391601562,
        "distortion": 0.07184889167547226,
        "rotation_rmse": 33.57320022583008,
        "translation_rmse_100": 13.50110149383545,
        "t_final": [
          [
            [
              0.99951171875,
              0.01367950439453125,
              -0.019134521484375,
              -0.01176420971751213
            ],
            [
              -0.013336181640625,
              0.99951171875,
              0.017791748046875,
              -0.006249482277780771
            ],
            [
              0.019378662109375,
              -0.0175323486328125,
              0.99951171875,
              -0.018766388297080994
            ]
          ]
        ]
      },
      {
        "psnr": 10.336348533630371,
        "distortion": 0.05667739361524582,
        "rotation_rmse": 33.835205078125,
        "translation_rmse_100": 11.791379928588867,
        "t_final": [
          [
            [
              0.9990234375,
              0.034576416015625,
              -0.02734375,
              -0.023855268955230713
            ],
            [
              -0.035064697265625,
              0.9990234375,
              -0.01763916015625,
              -0.033253807574510574
            ],
            [
              0.0267181396484375,
              0.0185699462890625,
              0.99951171875,
              -0.04120862856507301
            ]
          ]
        ]
      },
      {
        "psnr": 10.561870574951172,
        "distortion": 0.06608351320028305,
        "rotation_rmse": 34.641456604003906,
        "translation_rmse_100": 13.111059188842773,
        "t_final": [
          [
            [
              0.998046875,
              0.0418701171875,
              -0.0501708984375,
              0.044643741101026535
            ],
            [
              -0.04229736328125,
              0.9990234375,
              -0.0071563720703125,
              -0.010473144240677357
            ],
            [
              0.049835205078125,
              0.0092620849609375,
              0.99853515625,
              -0.012440521270036697
            ]
          ]
        ]
      },
      {
        "psnr": 10.15666389465332,
        "distortion": 0.07976637035608292,
        "rotation_rmse": 33.129302978515625,
        "translation_rmse_100": 15.203393936157227,
        "t_final": [
          [
            [
              1.0,
              0.01421356201171875,
              -0.013397216796875,
              0.01365468930453062
            ],
            [
              -0.014404296875,
              1.0,
              -0.01416015625,
              0.013415294699370861
            ],
            [
              0.01319122314453125,
              0.01435089111328125,
              1.0,
              0.01155900303274393
            ]
          ]
        ]
      }
    ]
  },
  "fern_50_50": {
    "best": {
      "psnr": 11.434258460998535,
      "distortion": 0.08198188990354538,
      "rotation_rmse": 35.37821960449219,
      "translation_rmse_100": 6.967983245849609,
      "t_final": [
        [
          [
            0.9931640625,
            0.034210205078125,
            -0.10968017578125,
            0.02288595214486122
          ],
          [
            -0.046478271484375,
            0.99267578125,
            -0.111328125,
            -0.07062429189682007
          ],
          [
            0.10504150390625,
            0.11572265625,
            0.98779296875,
            -0.11207405477762222
          ]
        ]
      ]
    },
    "stats_list": [
      {
        "psnr": 11.434258460998535,
        "distortion": 0.08198188990354538,
        "rotation_rmse": 35.37821960449219,
        "translation_rmse_100": 6.967983245849609,
        "t_final": [
          [
            [
              0.9931640625,
              0.034210205078125,
              -0.10968017578125,
              0.02288595214486122
            ],
            [
              -0.046478271484375,
              0.99267578125,
              -0.111328125,
              -0.07062429189682007
            ],
            [
              0.10504150390625,
              0.11572265625,
              0.98779296875,
              -0.11207405477762222
            ]
          ]
        ]
      },
      {
        "psnr": 10.977362632751465,
        "distortion": 0.06020476669073105,
        "rotation_rmse": 30.268123626708984,
        "translation_rmse_100": 14.860475540161133,
        "t_final": [
          [
            [
              0.99072265625,
              0.0435791015625,
              0.129150390625,
              -0.20424477756023407
            ],
            [
              -0.0411376953125,
              0.9990234375,
              -0.021484375,
              -0.13044947385787964
            ],
            [
              -0.1298828125,
              0.015960693359375,
              0.9912109375,
              -0.18699143826961517
            ]
          ]
        ]
      },
      {
        "psnr": 11.250061988830566,
        "distortion": 0.057237476110458374,
        "rotation_rmse": 31.661026000976562,
        "translation_rmse_100": 8.494625091552734,
        "t_final": [
          [
            [
              0.998046875,
              0.046844482421875,
              0.04254150390625,
              -0.08635613322257996
            ],
            [
              -0.042999267578125,
              0.9951171875,
              -0.08673095703125,
              -0.11571495980024338
            ],
            [
              -0.04638671875,
              0.084716796875,
              0.9951171875,
              -0.18037636578083038
            ]
          ]
        ]
      },
      {
        "psnr": 11.008237838745117,
        "distortion": 0.06228195130825043,
        "rotation_rmse": 33.068031311035156,
        "translation_rmse_100": 10.365202903747559,
        "t_final": [
          [
            [
              0.99853515625,
              0.050048828125,
              -0.01253509521484375,
              -0.11026877909898758
            ],
            [
              -0.051055908203125,
              0.994140625,
              -0.09722900390625,
              -0.08994676172733307
            ],
            [
              0.007587432861328125,
              0.0977783203125,
              0.9951171875,
              -0.177341029047966
            ]
          ]
        ]
      },
      {
        "psnr": 11.213403701782227,
        "distortion": 0.06041388213634491,
        "rotation_rmse": 34.54144287109375,
        "translation_rmse_100": 8.679875373840332,
        "t_final": [
          [
            [
              0.9970703125,
              0.07220458984375,
              -0.030517578125,
              -0.07440415769815445
            ],
            [
              -0.0731201171875,
              0.9970703125,
              -0.02825927734375,
              -0.08667708188295364
            ],
            [
              0.02838134765625,
              0.0303955078125,
              0.9990234375,
              -0.1757051646709442
            ]
          ]
        ]
      },
      {
        "psnr": 11.183388710021973,
        "distortion": 0.04558274522423744,
        "rotation_rmse": 28.0418701171875,
        "translation_rmse_100": 9.538216590881348,
        "t_final": [
          [
            [
              0.9892578125,
              -0.10284423828125,
              0.10406494140625,
              -0.09465242922306061
            ],
            [
              0.102783203125,
              0.99462890625,
              0.006038665771484375,
              -0.09102247655391693
            ],
            [
              -0.1041259765625,
              0.004718780517578125,
              0.99462890625,
              -0.16941413283348083
            ]
          ]
        ]
      },
      {
        "psnr": 11.033390998840332,
        "distortion": 0.031780485063791275,
        "rotation_rmse": 15.290214538574219,
        "translation_rmse_100": 26.660350799560547,
        "t_final": [
          [
            [
              0.82470703125,
              -0.376708984375,
              0.421875,
              -0.4100864827632904
            ],
            [
              0.3232421875,
              0.92578125,
              0.19482421875,
              -0.13273954391479492
            ],
            [
              -0.464111328125,
              -0.0243377685546875,
              0.88525390625,
              -0.1469268947839737
            ]
          ]
        ]
      },
      {
        "psnr": 11.144548416137695,
        "distortion": 0.07127905637025833,
        "rotation_rmse": 33.67484664916992,
        "translation_rmse_100": 13.139535903930664,
        "t_final": [
          [
            [
              0.99755859375,
              -0.06640625,
              -0.01226043701171875,
              -0.15256951749324799
            ],
            [
              0.06756591796875,
              0.982421875,
              0.17431640625,
              -0.254398375749588
            ],
            [
              0.00046539306640625,
              -0.1746826171875,
              0.984375,
              -0.2371187061071396
            ]
          ]
        ]
      },
      {
        "psnr": 11.32666301727295,
        "distortion": 0.05396663770079613,
        "rotation_rmse": 29.065292358398438,
        "translation_rmse_100": 8.562675476074219,
        "t_final": [
          [
            [
              0.99609375,
              -0.019378662109375,
              0.0859375,
              -0.057632021605968475
            ],
            [
              0.02862548828125,
              0.99365234375,
              -0.10772705078125,
              -0.07310453802347183
            ],
            [
              -0.08331298828125,
              0.1097412109375,
              0.990234375,
              -0.14413443207740784
            ]
          ]
        ]
      },
      {
        "psnr": 11.133888244628906,
        "distortion": 0.04301742836833,
        "rotation_rmse": 25.354482650756836,
        "translation_rmse_100": 10.397351264953613,
        "t_final": [
          [
            [
              0.97216796875,
              -0.19580078125,
              0.1279296875,
              -0.10298365354537964
            ],
            [
              0.2012939453125,
              0.97900390625,
              -0.0309906005859375,
              -0.07760732620954514
            ],
            [
              -0.119140625,
              0.055877685546875,
              0.9912109375,
              -0.15400169789791107
            ]
          ]
        ]
      }
    ]
  },
  "horns_0_100_even_odd": {
    "best": {
      "psnr": 11.940733909606934,
      "distortion": 0.19489970803260803,
      "rotation_rmse": 12.113789558410645,
      "translation_rmse_100": 34.31708526611328,
      "t_final": [
        [
          [
            0.8134765625,
            -0.33740234375,
            0.4736328125,
            0.562038242816925
          ],
          [
            0.33837890625,
            0.93701171875,
            0.0865478515625,
            -0.060689568519592285
          ],
          [
            -0.472900390625,
            0.08978271484375,
            0.87646484375,
            0.10735413432121277
          ]
        ]
      ]
    },
    "stats_list": [
      {
        "psnr": 11.30584716796875,
        "distortion": 0.22099082171916962,
        "rotation_rmse": 9.531160354614258,
        "translation_rmse_100": 62.192832946777344,
        "t_final": [
          [
            [
              0.70166015625,
              -0.348876953125,
              0.62158203125,
              0.5155141949653625
            ],
            [
              0.51171875,
              0.853515625,
              -0.0985107421875,
              0.201107919216156
            ],
            [
              -0.49609375,
              0.386962890625,
              0.77734375,
              0.7245761752128601
            ]
          ]
        ]
      },
      {
        "psnr": 11.39319896697998,
        "distortion": 0.21614260971546173,
        "rotation_rmse": 23.596864700317383,
        "translation_rmse_100": 57.25062561035156,
        "t_final": [
          [
            [
              0.9091796875,
              -0.395263671875,
              0.1295166015625,
              0.5061521530151367
            ],
            [
              0.373291015625,
              0.91259765625,
              0.1656494140625,
              -0.35985106229782104
            ],
            [
              -0.1837158203125,
              -0.102294921875,
              0.9775390625,
              0.6878295540809631
            ]
          ]
        ]
      },
      {
        "psnr": 11.918632507324219,
        "distortion": 0.23972570896148682,
        "rotation_rmse": 15.38986587524414,
        "translation_rmse_100": 65.5171127319336,
        "t_final": [
          [
            [
              0.75537109375,
              -0.5556640625,
              0.34814453125,
              0.8241946697235107
            ],
            [
              0.5849609375,
              0.810546875,
              0.0238189697265625,
              0.3255370259284973
            ],
            [
              -0.29541015625,
              0.1856689453125,
              0.93701171875,
              0.491169273853302
            ]
          ]
        ]
      },
      {
        "psnr": 11.34770679473877,
        "distortion": 0.23166018724441528,
        "rotation_rmse": 9.925623893737793,
        "translation_rmse_100": 61.08436584472656,
        "t_final": [
          [
            [
              0.671875,
              -0.501953125,
              0.54443359375,
              0.7325899600982666
            ],
            [
              0.39306640625,
              0.865234375,
              0.312255859375,
              0.23796238005161285
            ],
            [
              -0.6279296875,
              0.004364013671875,
              0.7783203125,
              0.5240455865859985
            ]
          ]
        ]
      },
      {
        "psnr": 11.940733909606934,
        "distortion": 0.19489970803260803,
        "rotation_rmse": 12.113789558410645,
        "translation_rmse_100": 34.31708526611328,
        "t_final": [
          [
            [
              0.8134765625,
              -0.33740234375,
              0.4736328125,
              0.562038242816925
            ],
            [
              0.33837890625,
              0.93701171875,
              0.0865478515625,
              -0.060689568519592285
            ],
            [
              -0.472900390625,
              0.08978271484375,
              0.87646484375,
              0.10735413432121277
            ]
          ]
        ]
      },
      {
        "psnr": 11.456378936767578,
        "distortion": 0.2409954071044922,
        "rotation_rmse": 11.343971252441406,
        "translation_rmse_100": 73.85899353027344,
        "t_final": [
          [
            [
              0.6669921875,
              -0.61279296875,
              0.423583984375,
              0.8281707763671875
            ],
            [
              0.56103515625,
              0.78759765625,
              0.255859375,
              0.2700843811035156
            ],
            [
              -0.490234375,
              0.06671142578125,
              0.869140625,
              0.7415184378623962
            ]
          ]
        ]
      },
      {
        "psnr": 11.789583206176758,
        "distortion": 0.19460642337799072,
        "rotation_rmse": 20.876201629638672,
        "translation_rmse_100": 22.479496002197266,
        "t_final": [
          [
            [
              0.8076171875,
              -0.5693359375,
              0.153564453125,
              0.2948606312274933
            ],
            [
              0.5576171875,
              0.82177734375,
              0.11614990234375,
              -0.12567771971225739
            ],
            [
              -0.1923828125,
              -0.00821685791015625,
              0.98095703125,
              0.1266070008277893
            ]
          ]
        ]
      },
      {
        "psnr": 11.151665687561035,
        "distortion": 0.22138093411922455,
        "rotation_rmse": 9.803382873535156,
        "translation_rmse_100": 57.48423385620117,
        "t_final": [
          [
            [
              0.75341796875,
              -0.44873046875,
              0.48046875,
              0.6168792843818665
            ],
            [
              0.4384765625,
              0.8876953125,
              0.14111328125,
              -0.5515249967575073
            ],
            [
              -0.48974609375,
              0.104248046875,
              0.86572265625,
              0.5526846647262573
            ]
          ]
        ]
      },
      {
        "psnr": 11.21052360534668,
        "distortion": 0.23582187294960022,
        "rotation_rmse": 8.783329963684082,
        "translation_rmse_100": 57.08506774902344,
        "t_final": [
          [
            [
              0.73193359375,
              -0.457763671875,
              0.5048828125,
              0.6571330428123474
            ],
            [
              0.44140625,
              0.8828125,
              0.16064453125,
              -0.06795983016490936
            ],
            [
              -0.51904296875,
              0.1053466796875,
              0.84814453125,
              0.6008902192115784
            ]
          ]
        ]
      },
      {
        "psnr": 11.308911323547363,
        "distortion": 0.2455516755580902,
        "rotation_rmse": 6.7087812423706055,
        "translation_rmse_100": 60.395877838134766,
        "t_final": [
          [
            [
              0.7412109375,
              -0.281005859375,
              0.60986328125,
              0.9709877371788025
            ],
            [
              0.339111328125,
              0.9404296875,
              0.0215301513671875,
              -0.3409424126148224
            ],
            [
              -0.57958984375,
              0.1907958984375,
              0.79248046875,
              0.29307758808135986
            ]
          ]
        ]
      }
    ]
  },
  "horns_30_70_even_odd": {
    "best": {
      "psnr": 12.091475486755371,
      "distortion": 0.17796511948108673,
      "rotation_rmse": 12.639352798461914,
      "translation_rmse_100": 37.741233825683594,
      "t_final": [
        [
          [
            0.822265625,
            -0.3486328125,
            0.449462890625,
            0.6180341243743896
          ],
          [
            0.351318359375,
            0.9326171875,
            0.08050537109375,
            -0.06512817740440369
          ],
          [
            -0.447265625,
            0.09161376953125,
            0.8896484375,
            0.13209499418735504
          ]
        ]
      ]
    },
    "stats_list": [
      {
        "psnr": 11.559882164001465,
        "distortion": 0.23537829518318176,
        "rotation_rmse": 4.053524494171143,
        "translation_rmse_100": 90.39507293701172,
        "t_final": [
          [
            [
              0.6796875,
              -0.36474609375,
              0.63623046875,
              0.598077654838562
            ],
            [
              0.44091796875,
              0.896484375,
              0.0426025390625,
              -0.6060854196548462
            ],
            [
              -0.5859375,
              0.25146484375,
              0.7705078125,
              1.2286463975906372
            ]
          ]
        ]
      },
      {
        "psnr": 12.091475486755371,
        "distortion": 0.17796511948108673,
        "rotation_rmse": 12.639352798461914,
        "translation_rmse_100": 37.741233825683594,
        "t_final": [
          [
            [
              0.822265625,
              -0.3486328125,
              0.449462890625,
              0.6180341243743896
            ],
            [
              0.351318359375,
              0.9326171875,
              0.08050537109375,
              -0.06512817740440369
            ],
            [
              -0.447265625,
              0.09161376953125,
              0.8896484375,
              0.13209499418735504
            ]
          ]
        ]
      },
      {
        "psnr": 11.519458770751953,
        "distortion": 0.21511073410511017,
        "rotation_rmse": 18.9764347076416,
        "translation_rmse_100": 49.25139617919922,
        "t_final": [
          [
            [
              0.8642578125,
              -0.446044921875,
              0.2320556640625,
              0.5885667204856873
            ],
            [
              0.451171875,
              0.8916015625,
              0.033660888671875,
              -0.22788123786449432
            ],
            [
              -0.221923828125,
              0.07562255859375,
              0.97216796875,
              0.48663923144340515
            ]
          ]
        ]
      },
      {
        "psnr": 11.709327697753906,
        "distortion": 0.12621232867240906,
        "rotation_rmse": 23.620710372924805,
        "translation_rmse_100": 43.451019287109375,
        "t_final": [
          [
            [
              0.81494140625,
              -0.57373046875,
              0.08209228515625,
              -0.42141249775886536
            ],
            [
              0.57275390625,
              0.81884765625,
              0.04205322265625,
              0.35008367896080017
            ],
            [
              -0.09136962890625,
              0.01275634765625,
              0.99560546875,
              0.0967683270573616
            ]
          ]
        ]
      },
      {
        "psnr": 11.812644004821777,
        "distortion": 0.15381783246994019,
        "rotation_rmse": 19.726274490356445,
        "translation_rmse_100": 22.44957733154297,
        "t_final": [
          [
            [
              0.876953125,
              -0.428466796875,
              0.2171630859375,
              0.32390838861465454
            ],
            [
              0.41943359375,
              0.9033203125,
              0.0880126953125,
              -0.15830400586128235
            ],
            [
              -0.23388671875,
              0.01387786865234375,
              0.97216796875,
              0.10297732800245285
            ]
          ]
        ]
      },
      {
        "psnr": 11.9927396774292,
        "distortion": 0.21014627814292908,
        "rotation_rmse": 17.870832443237305,
        "translation_rmse_100": 51.06713104248047,
        "t_final": [
          [
            [
              0.76953125,
              -0.59130859375,
              0.2403564453125,
              0.7001657485961914
            ],
            [
              0.5771484375,
              0.8056640625,
              0.1348876953125,
              -0.009276553057134151
            ],
            [
              -0.2734375,
              0.034881591796875,
              0.96142578125,
              0.40444469451904297
            ]
          ]
        ]
      },
      {
        "psnr": 11.838295936584473,
        "distortion": 0.22357171773910522,
        "rotation_rmse": 18.77011489868164,
        "translation_rmse_100": 47.605472564697266,
        "t_final": [
          [
            [
              0.6865234375,
              -0.65625,
              0.313232421875,
              0.6815141439437866
            ],
            [
              0.69189453125,
              0.72216796875,
              -0.003658294677734375,
              -0.02733299322426319
            ],
            [
              -0.2237548828125,
              0.21923828125,
              0.94970703125,
              0.3372129797935486
            ]
          ]
        ]
      },
      {
        "psnr": 11.48824405670166,
        "distortion": 0.18358303606510162,
        "rotation_rmse": 28.04052734375,
        "translation_rmse_100": 29.65424919128418,
        "t_final": [
          [
            [
              0.97021484375,
              -0.237060546875,
              0.050567626953125,
              0.34104588627815247
            ],
            [
              0.230712890625,
              0.966796875,
              0.10784912109375,
              -0.22476701438426971
            ],
            [
              -0.074462890625,
              -0.09295654296875,
              0.99267578125,
              0.24743551015853882
            ]
          ]
        ]
      },
      {
        "psnr": 11.871390342712402,
        "distortion": 0.21136784553527832,
        "rotation_rmse": 21.598712921142578,
        "translation_rmse_100": 68.55134582519531,
        "t_final": [
          [
            [
              0.638671875,
              -0.70703125,
              0.3037109375,
              0.930031418800354
            ],
            [
              0.751953125,
              0.6572265625,
              -0.052642822265625,
              0.03537607938051224
            ],
            [
              -0.1624755859375,
              0.261962890625,
              0.951171875,
              0.5968593955039978
            ]
          ]
        ]
      },
      {
        "psnr": 11.914900779724121,
        "distortion": 0.2087840735912323,
        "rotation_rmse": 16.815141677856445,
        "translation_rmse_100": 49.52859115600586,
        "t_final": [
          [
            [
              0.7744140625,
              -0.544921875,
              0.32080078125,
              0.6251246929168701
            ],
            [
              0.58203125,
              0.8125,
              -0.025390625,
              0.0908450037240982
            ],
            [
              -0.246826171875,
              0.2064208984375,
              0.94677734375,
              0.40704941749572754
            ]
          ]
        ]
      }
    ]
  },
  "horns_50_50": {
    "best": {
      "psnr": 26.760290145874023,
      "distortion": 0.013290680944919586,
      "rotation_rmse": 0.008547305129468441,
      "translation_rmse_100": 0.1310214400291443,
      "t_final": [
        [
          [
            0.6162109375,
            -0.355224609375,
            0.703125,
            0.047084126621484756
          ],
          [
            0.39892578125,
            0.91015625,
            0.1099853515625,
            -0.17223145067691803
          ],
          [
            -0.67919921875,
            0.2125244140625,
            0.70263671875,
            -0.17177587747573853
          ]
        ]
      ]
    },
    "stats_list": [
      {
        "psnr": 11.352819442749023,
        "distortion": 0.20650604367256165,
        "rotation_rmse": 27.293292999267578,
        "translation_rmse_100": 54.38222885131836,
        "t_final": [
          [
            [
              0.845703125,
              -0.0770263671875,
              0.52783203125,
              0.40208899974823
            ],
            [
              -0.034912109375,
              0.9794921875,
              0.1988525390625,
              0.7008731961250305
