{
  "lion_30_70_even_odd": {
    "best": {
      "psnr": 38.80023193359375,
      "distortion": 0.0034040280152112246,
      "rotation_rmse": 0.023809097707271576,
      "translation_rmse_100": 0.06385566294193268,
      "t_final": [
        [
          [
            0.919921875,
            -0.239990234375,
            0.3095703125,
            0.3034679591655731
          ],
          [
            0.30615234375,
            0.93359375,
            -0.1859130859375,
            0.18301665782928467
          ],
          [
            -0.244384765625,
            0.265869140625,
            0.9326171875,
            -0.11837001889944077
          ]
        ]
      ]
    },
    "stats_list": [
      {
        "psnr": 17.165817260742188,
        "distortion": 0.10187428444623947,
        "rotation_rmse": 44.71183776855469,
        "translation_rmse_100": 48.6470832824707,
        "t_final": [
          [
            [
              0.3251953125,
              -0.143310546875,
              0.9345703125,
              -0.03836415335536003
            ],
            [
              0.8740234375,
              0.42333984375,
              -0.2388916015625,
              -0.1547546088695526
            ],
            [
              -0.361083984375,
              0.89453125,
              0.262939453125,
              0.5726615190505981
            ]
          ]
        ]
      },
      {
        "psnr": 17.38102912902832,
        "distortion": 0.007394734770059586,
        "rotation_rmse": 20.604408264160156,
        "translation_rmse_100": 36.742820739746094,
        "t_final": [
          [
            [
              0.56982421875,
              -0.5107421875,
              0.64404296875,
              -0.25030216574668884
            ],
            [
              0.62060546875,
              0.78076171875,
              0.06982421875,
              0.05652494728565216
            ],
            [
              -0.53857421875,
              0.35986328125,
              0.76171875,
              0.16613738238811493
            ]
          ]
        ]
      },
      {
        "psnr": 38.80023193359375,
        "distortion": 0.0034040280152112246,
        "rotation_rmse": 0.023809097707271576,
        "translation_rmse_100": 0.06385566294193268,
        "t_final": [
          [
            [
              0.919921875,
              -0.239990234375,
              0.3095703125,
              0.3034679591655731
            ],
            [
              0.30615234375,
              0.93359375,
              -0.1859130859375,
              0.18301665782928467
            ],
            [
              -0.244384765625,
              0.265869140625,
              0.9326171875,
              -0.11837001889944077
            ]
          ]
        ]
      },
      {
        "psnr": 17.662012100219727,
        "distortion": 0.020514870062470436,
        "rotation_rmse": 20.244590759277344,
        "translation_rmse_100": 43.80329132080078,
        "t_final": [
          [
            [
              0.591796875,
              -0.271484375,
              0.7587890625,
              -0.12934836745262146
            ],
            [
              0.3203125,
              0.943359375,
              0.08782958984375,
              0.2612241506576538
            ],
            [
              -0.73974609375,
              0.1910400390625,
              0.64501953125,
              0.49865448474884033
            ]
          ]
        ]
      },
      {
        "psnr": 17.498844146728516,
        "distortion": 0.050390809774398804,
        "rotation_rmse": 19.254634857177734,
        "translation_rmse_100": 90.77006530761719,
        "t_final": [
          [
            [
              0.76806640625,
              0.1328125,
              0.62646484375,
              -0.6843169927597046
            ],
            [
              0.251220703125,
              0.837890625,
              -0.485107421875,
              0.28089678287506104
            ],
            [
              -0.58935546875,
              0.52978515625,
              0.60986328125,
              1.0995463132858276
            ]
          ]
        ]
      },
      {
        "psnr": 38.67213821411133,
        "distortion": 0.0033925336319953203,
        "rotation_rmse": 0.0184034276753664,
        "translation_rmse_100": 0.06788532435894012,
        "t_final": [
          [
            [
              0.919921875,
              -0.240478515625,
              0.30908203125,
              0.3034796714782715
            ],
            [
              0.306396484375,
              0.93359375,
              -0.1854248046875,
              0.18298785388469696
            ],
            [
              -0.243896484375,
              0.265380859375,
              0.9326171875,
              -0.118227019906044
            ]
          ]
        ]
      },
      {
        "psnr": 38.70749282836914,
        "distortion": 0.003435068530961871,
        "rotation_rmse": 0.02515438199043274,
        "translation_rmse_100": 0.04470288008451462,
        "t_final": [
          [
            [
              0.92041015625,
              -0.240234375,
              0.30908203125,
              0.3041667640209198
            ],
            [
              0.30615234375,
              0.93359375,
              -0.1854248046875,
              0.1830456554889679
            ],
            [
              -0.244140625,
              0.26513671875,
              0.9326171875,
              -0.1181802898645401
            ]
          ]
        ]
      },
      {
        "psnr": 16.280967712402344,
        "distortion": 0.059820208698511124,
        "rotation_rmse": 31.998577117919922,
        "translation_rmse_100": 50.6004524230957,
        "t_final": [
          [
            [
              0.62109375,
              0.6025390625,
              0.5009765625,
              0.21199721097946167
            ],
            [
              -0.317626953125,
              0.7783203125,
              -0.5419921875,
              0.3359215557575226
            ],
            [
              -0.71630859375,
              0.177490234375,
              0.6748046875,
              0.739154577255249
            ]
          ]
        ]
      },
      {
        "psnr": 38.592185974121094,
        "distortion": 0.0034489184617996216,
        "rotation_rmse": 0.015317515470087528,
        "translation_rmse_100": 0.04195643588900566,
        "t_final": [
          [
            [
              0.92041015625,
              -0.2403564453125,
              0.30908203125,
              0.3041521906852722
            ],
            [
              0.30615234375,
              0.93359375,
              -0.1856689453125,
              0.18303132057189941
            ],
            [
              -0.243896484375,
              0.265380859375,
              0.9326171875,
              -0.11824115365743637
            ]
          ]
        ]
      },
      {
        "psnr": 17.360170364379883,
        "distortion": 0.03421948105096817,
        "rotation_rmse": 25.379676818847656,
        "translation_rmse_100": 87.82464599609375,
        "t_final": [
          [
            [
              0.63818359375,
              -0.1922607421875,
              0.74560546875,
              -0.7384752035140991
            ],
            [
              0.60693359375,
              0.7216796875,
              -0.33349609375,
              -0.11019044369459152
            ],
            [
              -0.473876953125,
              0.6650390625,
              0.5771484375,
              0.9489229321479797
            ]
          ]
        ]
      }
    ]
  },
  "table_30_70_even_odd": {
    "best": {
      "psnr": 24.993839263916016,
      "distortion": 0.02105790376663208,
      "rotation_rmse": 0.05905013531446457,
      "translation_rmse_100": 0.03821033984422684,
      "t_final": [
        [
          [
            0.986328125,
            0.044677734375,
            0.1583251953125,
            -0.05705671384930611
          ],
          [
            0.01169586181640625,
            0.94091796875,
            -0.338623046875,
            0.15533782541751862
          ],
          [
            -0.1640625,
            0.335693359375,
            0.927734375,
            -0.18799138069152832
          ]
        ]
      ]
    },
    "stats_list": [
      {
        "psnr": 24.993839263916016,
        "distortion": 0.02105790376663208,
        "rotation_rmse": 0.05905013531446457,
        "translation_rmse_100": 0.03821033984422684,
        "t_final": [
          [
            [
              0.986328125,
              0.044677734375,
              0.1583251953125,
              -0.05705671384930611
            ],
            [
              0.01169586181640625,
              0.94091796875,
              -0.338623046875,
              0.15533782541751862
            ],
            [
              -0.1640625,
              0.335693359375,
              0.927734375,
              -0.18799138069152832
            ]
          ]
        ]
      },
      {
        "psnr": 11.787041664123535,
        "distortion": 0.017317526042461395,
        "rotation_rmse": 10.802051544189453,
        "translation_rmse_100": 7.779376029968262,
        "t_final": [
          [
            [
              0.90283203125,
              -0.053009033203125,
              0.4267578125,
              -0.18969598412513733
            ],
            [
              0.2147216796875,
              0.91552734375,
              -0.34033203125,
              0.16349700093269348
            ],
            [
              -0.372802734375,
              0.39892578125,
              0.837890625,
              -0.20608392357826233
            ]
          ]
        ]
      },
      {
        "psnr": 12.088454246520996,
        "distortion": 0.004327202215790749,
        "rotation_rmse": 30.025920867919922,
        "translation_rmse_100": 33.03254699707031,
        "t_final": [
          [
            [
              0.81591796875,
              -0.224609375,
              0.53271484375,
              -0.20266306400299072
            ],
            [
              0.5693359375,
              0.473876953125,
              -0.671875,
              0.5135238766670227
            ],
            [
              -0.10150146484375,
              0.8515625,
              0.51416015625,
              -0.6091972589492798
            ]
          ]
        ]
      },
      {
        "psnr": 11.272234916687012,
        "distortion": 0.023949263617396355,
        "rotation_rmse": 44.95649719238281,
        "translation_rmse_100": 19.557353973388672,
        "t_final": [
          [
            [
              0.341064453125,
              -0.66015625,
              0.66943359375,
              -0.3590084910392761
            ],
            [
              0.919921875,
              0.0869140625,
              -0.383056640625,
              0.05208693817257881
            ],
            [
              0.1947021484375,
              0.74609375,
              0.63671875,
              -0.29975199699401855
            ]
          ]
        ]
      },
      {
        "psnr": 12.089038848876953,
        "distortion": 0.0039994376711547375,
        "rotation_rmse": 36.04405975341797,
        "translation_rmse_100": 25.046497344970703,
        "t_final": [
          [
            [
              0.59375,
              -0.1748046875,
              0.78564453125,
              -0.33229535818099976
            ],
            [
              0.6728515625,
              0.64306640625,
              -0.365478515625,
              0.42766642570495605
            ],
            [
              -0.441162109375,
              0.74560546875,
              0.49951171875,
              -0.38248956203460693
            ]
          ]
        ]
      },
      {
        "psnr": 11.861353874206543,
        "distortion": 0.013792570680379868,
        "rotation_rmse": 29.44502067565918,
        "translation_rmse_100": 24.822647094726562,
        "t_final": [
          [
            [
              0.59130859375,
              0.1387939453125,
              0.79443359375,
              -0.42995184659957886
            ],
            [
              0.266357421875,
              0.89599609375,
              -0.35498046875,
              0.15033024549484253
            ],
            [
              -0.76123046875,
              0.42138671875,
              0.4931640625,
              -0.4006080627441406
            ]
          ]
        ]
      },
      {
        "psnr": 11.914867401123047,
        "distortion": 0.009266004897654057,
        "rotation_rmse": 30.604278564453125,
        "translation_rmse_100": 27.843460083007812,
        "t_final": [
          [
            [
              0.6181640625,
              0.050262451171875,
              0.78466796875,
              -0.4244009554386139
            ],
            [
              0.385498046875,
              0.8505859375,
              -0.358154296875,
              0.39710238575935364
            ],
            [
              -0.685546875,
              0.5234375,
              0.50634765625,
              -0.38452836871147156
            ]
          ]
        ]
      },
      {
        "psnr": 11.592973709106445,
        "distortion": 0.015605432912707329,
        "rotation_rmse": 19.15945816040039,
        "translation_rmse_100": 22.022233963012695,
        "t_final": [
          [
            [
              0.85986328125,
              -0.052703857421875,
              0.50830078125,
              -0.16104906797409058
            ],
            [
              0.351318359375,
              0.783203125,
              -0.5126953125,
              0.22617468237876892
            ],
            [
              -0.37109375,
              0.619140625,
              0.69189453125,
              -0.5476074814796448
            ]
          ]
        ]
      },
      {
        "psnr": 11.563169479370117,
        "distortion": 0.009324737824499607,
        "rotation_rmse": 27.179861068725586,
        "translation_rmse_100": 23.960758209228516,
        "t_final": [
          [
            [
              0.57177734375,
              0.1390380859375,
              0.80859375,
              -0.36019620299339294
            ],
            [
              0.14404296875,
              0.953125,
              -0.265625,
              -0.05181844159960747
            ],
            [
              -0.8076171875,
              0.2685546875,
              0.52490234375,
              -0.3802449703216553
            ]
          ]
        ]
      },
      {
        "psnr": 11.06801700592041,
        "distortion": 0.010832737199962139,
        "rotation_rmse": 22.547170639038086,
        "translation_rmse_100": 4.360311985015869,
        "t_final": [
          [
            [
              0.7265625,
              0.0577392578125,
              0.68505859375,
              -0.10863789916038513
            ],
            [
              0.271728515625,
              0.89111328125,
              -0.36328125,
              0.10094321519136429
            ],
            [
              -0.63134765625,
              0.449951171875,
              0.6318359375,
              -0.1926434189081192
            ]
          ]
        ]
      }
    ]
  }
}