{
  "fern_0_100_even_odd": {
    "best": {
      "psnr": 24.70345115661621,
      "distortion": 0.018443012610077858,
      "rotation_rmse": 0.021407615393400192,
      "translation_rmse_100": 0.035352542996406555,
      "t_final": [
        [
          [
            0.91357421875,
            0.1807861328125,
            0.36474609375,
            -0.353759765625
          ],
          [
            0.10650634765625,
            0.75830078125,
            -0.64306640625,
            0.3310546875
          ],
          [
            -0.392822265625,
            0.6259765625,
            0.67333984375,
            0.0743408203125
          ]
        ]
      ]
    },
    "stats_list": [
      {
        "psnr": 10.471909523010254,
        "distortion": 0.024184411391615868,
        "rotation_rmse": 18.70984649658203,
        "translation_rmse_100": 18.866214752197266,
        "t_final": [
          [
            [
              0.9501953125,
              -0.1845703125,
              0.251708984375,
              -0.488037109375
            ],
            [
              0.2322998046875,
              0.95654296875,
              -0.1756591796875,
              0.2105712890625
            ],
            [
              -0.208251953125,
              0.225341796875,
              0.95166015625,
              -0.198486328125
            ]
          ]
        ]
      },
      {
        "psnr": 11.01891040802002,
        "distortion": 0.14889799058437347,
        "rotation_rmse": 13.136268615722656,
        "translation_rmse_100": 19.184656143188477,
        "t_final": [
          [
            [
              0.951171875,
              -0.0169525146484375,
              0.30859375,
              -0.1357421875
            ],
            [
              0.12200927734375,
              0.93798828125,
              -0.32470703125,
              0.29345703125
            ],
            [
              -0.283935546875,
              0.346435546875,
              0.89404296875,
              -0.1732177734375
            ]
          ]
        ]
      },
      {
        "psnr": 11.698813438415527,
        "distortion": 0.222224161028862,
        "rotation_rmse": 21.260662078857422,
        "translation_rmse_100": 38.43971633911133,
        "t_final": [
          [
            [
              0.5888671875,
              -0.12939453125,
              0.7978515625,
              0.2205810546875
            ],
            [
              0.47705078125,
              0.85205078125,
              -0.214111328125,
              0.026153564453125
            ],
            [
              -0.65234375,
              0.5068359375,
              0.5634765625,
              0.2164306640625
            ]
          ]
        ]
      },
      {
        "psnr": 12.592284202575684,
        "distortion": 0.11298839002847672,
        "rotation_rmse": 8.754374504089355,
        "translation_rmse_100": 6.349094390869141,
        "t_final": [
          [
            [
              0.86669921875,
              -0.0643310546875,
              0.49462890625,
              -0.24951171875
            ],
            [
              0.31103515625,
              0.8447265625,
              -0.435302734375,
              0.322265625
            ],
            [
              -0.389892578125,
              0.53125,
              0.75244140625,
              0.04180908203125
            ]
          ]
        ]
      },
      {
        "psnr": 11.00649642944336,
        "distortion": 0.07062697410583496,
        "rotation_rmse": 20.33971405029297,
        "translation_rmse_100": 54.25136184692383,
        "t_final": [
          [
            [
              0.6416015625,
              -0.2327880859375,
              0.73095703125,
              -0.32421875
            ],
            [
              0.5498046875,
              0.80419921875,
              -0.2264404296875,
              -0.5966796875
            ],
            [
              -0.53515625,
              0.546875,
              0.64404296875,
              0.22314453125
            ]
          ]
        ]
      },
      {
        "psnr": 11.83425521850586,
        "distortion": 0.08221229910850525,
        "rotation_rmse": 5.964311599731445,
        "translation_rmse_100": 68.71688079833984,
        "t_final": [
          [
            [
              0.8916015625,
              0.0994873046875,
              0.44189453125,
              -0.2021484375
            ],
            [
              0.2449951171875,
              0.71484375,
              -0.6552734375,
              -0.8388671875
            ],
            [
              -0.380859375,
              0.6923828125,
              0.61279296875,
              -0.08599853515625
            ]
          ]
        ]
      },
      {
        "psnr": 24.70345115661621,
        "distortion": 0.018443012610077858,
        "rotation_rmse": 0.021407615393400192,
        "translation_rmse_100": 0.035352542996406555,
        "t_final": [
          [
            [
              0.91357421875,
              0.1807861328125,
              0.36474609375,
              -0.353759765625
            ],
            [
              0.10650634765625,
              0.75830078125,
              -0.64306640625,
              0.3310546875
            ],
            [
              -0.392822265625,
              0.6259765625,
              0.67333984375,
              0.0743408203125
            ]
          ]
        ]
      },
      {
        "psnr": 10.464465141296387,
        "distortion": 0.08337520807981491,
        "rotation_rmse": 7.893355369567871,
        "translation_rmse_100": 80.52631378173828,
        "t_final": [
          [
            [
              0.90673828125,
              -0.0689697265625,
              0.41552734375,
              0.30224609375
            ],
            [
              0.291259765625,
              0.8154296875,
              -0.5,
              -0.83837890625
            ],
            [
              -0.304443359375,
              0.57470703125,
              0.759765625,
              -0.31005859375
            ]
          ]
        ]
      },
      {
        "psnr": 10.797597885131836,
        "distortion": 0.05444744601845741,
        "rotation_rmse": 16.077573776245117,
        "translation_rmse_100": 12.59641170501709,
        "t_final": [
          [
            [
              0.98193359375,
              -0.1336669921875,
              0.1331787109375,
              -0.261474609375
            ],
            [
              0.1744384765625,
              0.912109375,
              -0.37109375,
              0.2802734375
            ],
            [
              -0.0718994140625,
              0.3876953125,
              0.9189453125,
              -0.1165771484375
            ]
          ]
        ]
      },
      {
        "psnr": 10.67815113067627,
        "distortion": 0.06030202656984329,
        "rotation_rmse": 21.639293670654297,
        "translation_rmse_100": 53.07051467895508,
        "t_final": [
          [
            [
              0.64453125,
              -0.3310546875,
              0.68896484375,
              -0.118408203125
            ],
            [
              0.461669921875,
              0.88671875,
              -0.00572967529296875,
              -0.5537109375
            ],
            [
              -0.609375,
              0.32177734375,
              0.724609375,
              0.1595458984375
            ]
          ]
        ]
      }
    ]
  },
  "fern_30_70_even_odd": {
    "best": {
      "psnr": 23.054996490478516,
      "distortion": 0.017437081784009933,
      "rotation_rmse": 0.023532366380095482,
      "translation_rmse_100": 0.058320172131061554,
      "t_final": [
        [
          [
            0.9130859375,
            0.1810302734375,
            0.365478515625,
            -0.35498046875
          ],
          [
            0.1070556640625,
            0.75830078125,
            -0.64306640625,
            0.330810546875
          ],
          [
            -0.3935546875,
            0.62646484375,
            0.6728515625,
            0.07501220703125
          ]
        ]
      ]
    },
    "stats_list": [
      {
        "psnr": 10.12105655670166,
        "distortion": 0.037561822682619095,
        "rotation_rmse": 19.79368019104004,
        "translation_rmse_100": 11.007957458496094,
        "t_final": [
          [
            [
              0.99853515625,
              -0.04345703125,
              0.03485107421875,
              -0.32861328125
            ],
            [
              0.051666259765625,
              0.9560546875,
              -0.28857421875,
              0.2110595703125
            ],
            [
              -0.020782470703125,
              0.2900390625,
              0.95703125,
              -0.0718994140625
            ]
          ]
        ]
      },
      {
        "psnr": 23.047712326049805,
        "distortion": 0.017076656222343445,
        "rotation_rmse": 0.023532366380095482,
        "translation_rmse_100": 0.06060196831822395,
        "t_final": [
          [
            [
              0.9130859375,
              0.1810302734375,
              0.365478515625,
              -0.35498046875
            ],
            [
              0.1070556640625,
              0.75830078125,
              -0.64306640625,
              0.330810546875
            ],
            [
              -0.3935546875,
              0.62646484375,
              0.6728515625,
              0.0750732421875
            ]
          ]
        ]
      },
      {
        "psnr": 11.069528579711914,
        "distortion": 0.12727347016334534,
        "rotation_rmse": 22.103599548339844,
        "translation_rmse_100": 56.074607849121094,
        "t_final": [
          [
            [
              0.6318359375,
              -0.11614990234375,
              0.76611328125,
              0.39892578125
            ],
            [
              0.58837890625,
              0.7158203125,
              -0.376708984375,
              -0.274658203125
            ],
            [
              -0.50439453125,
              0.68896484375,
              0.5205078125,
              0.1728515625
            ]
          ]
        ]
      },
      {
        "psnr": 11.091524124145508,
        "distortion": 0.1512606143951416,
        "rotation_rmse": 14.827383041381836,
        "translation_rmse_100": 6.638421058654785,
        "t_final": [
          [
            [
              0.9013671875,
              -0.1292724609375,
              0.413818359375,
              -0.302734375
            ],
            [
              0.2373046875,
              0.94580078125,
              -0.22119140625,
              0.360595703125
            ],
            [
              -0.36279296875,
              0.297607421875,
              0.8828125,
              0.1727294921875
            ]
          ]
        ]
      },
      {
        "psnr": 11.685583114624023,
        "distortion": 0.033543411642313004,
        "rotation_rmse": 30.187788009643555,
        "translation_rmse_100": 22.399028778076172,
        "t_final": [
          [
            [
              0.469482421875,
              -0.10186767578125,
              0.876953125,
              -0.378173828125
            ],
            [
              0.65087890625,
              0.7109375,
              -0.265625,
              -0.0345458984375
            ],
            [
              -0.5966796875,
              0.6953125,
              0.400146484375,
              0.203125
            ]
          ]
        ]
      },
      {
        "psnr": 10.947122573852539,
        "distortion": 0.058447934687137604,
        "rotation_rmse": 15.378486633300781,
        "translation_rmse_100": 55.9208869934082,
        "t_final": [
          [
            [
              0.92236328125,
              0.1475830078125,
              0.357177734375,
              -0.336669921875
            ],
            [
              0.26025390625,
              0.44580078125,
              -0.8564453125,
              -0.623046875
            ],
            [
              -0.28564453125,
              0.8828125,
              0.372802734375,
              -0.0938720703125
            ]
          ]
        ]
      },
      {
        "psnr": 10.629447937011719,
        "distortion": 0.02925873175263405,
        "rotation_rmse": 8.296242713928223,
        "translation_rmse_100": 33.84550094604492,
        "t_final": [
          [
            [
              0.94384765625,
              0.01123046875,
              0.33056640625,
              -0.498046875
            ],
            [
              0.14892578125,
              0.8779296875,
              -0.454833984375,
              -0.22119140625
            ],
            [
              -0.29541015625,
              0.478515625,
              0.82666015625,
              -0.061431884765625
            ]
          ]
        ]
      },
      {
        "psnr": 10.74643325805664,
        "distortion": 0.11153905093669891,
        "rotation_rmse": 17.565637588500977,
        "translation_rmse_100": 42.642642974853516,
        "t_final": [
          [
            [
              0.69287109375,
              -0.1878662109375,
              0.6962890625,
              0.06829833984375
            ],
            [
              0.40478515625,
              0.900390625,
              -0.1597900390625,
              -0.273681640625
            ],
            [
              -0.5966796875,
              0.392578125,
              0.7001953125,
              0.11669921875
            ]
          ]
        ]
      },
      {
        "psnr": 23.054996490478516,
        "distortion": 0.017437081784009933,
        "rotation_rmse": 0.023532366380095482,
        "translation_rmse_100": 0.058320172131061554,
        "t_final": [
          [
            [
              0.9130859375,
              0.1810302734375,
              0.365478515625,
              -0.35498046875
            ],
            [
              0.1070556640625,
              0.75830078125,
              -0.64306640625,
              0.330810546875
            ],
            [
              -0.3935546875,
              0.62646484375,
              0.6728515625,
              0.07501220703125
            ]
          ]
        ]
      },
      {
        "psnr": 11.207403182983398,
        "distortion": 0.06635212898254395,
        "rotation_rmse": 3.58444881439209,
        "translation_rmse_100": 75.33111572265625,
        "t_final": [
          [
            [
              0.923828125,
              0.089111328125,
              0.37255859375,
              -0.234130859375
            ],
            [
              0.18701171875,
              0.744140625,
              -0.6416015625,
              -0.9677734375
            ],
            [
              -0.33447265625,
              0.662109375,
              0.67041015625,
              0.0283050537109375
            ]
          ]
        ]
      }
    ]
  },
  "fern_50_50": {
    "best": {
      "psnr": 22.48446273803711,
      "distortion": 0.016526686027646065,
      "rotation_rmse": 0.036376167088747025,
      "translation_rmse_100": 0.0678345113992691,
      "t_final": [
        [
          [
            0.9130859375,
            0.1810302734375,
            0.365966796875,
            -0.355224609375
          ],
          [
            0.10748291015625,
            0.75830078125,
            -0.64306640625,
            0.330810546875
          ],
          [
            -0.393798828125,
            0.62646484375,
            0.6728515625,
            0.074951171875
          ]
        ]
      ]
    },
    "stats_list": [
      {
        "psnr": 10.123011589050293,
        "distortion": 0.026495568454265594,
        "rotation_rmse": 17.595027923583984,
        "translation_rmse_100": 24.036664962768555,
        "t_final": [
          [
            [
              0.96435546875,
              -0.08551025390625,
              0.251220703125,
              -0.60009765625
            ],
            [
              0.1409912109375,
              0.96728515625,
              -0.2119140625,
              0.14453125
            ],
            [
              -0.224853515625,
              0.23974609375,
              0.9443359375,
              -0.205322265625
            ]
          ]
        ]
      },
      {
        "psnr": 22.482419967651367,
        "distortion": 0.016279179602861404,
        "rotation_rmse": 0.037058111280202866,
        "translation_rmse_100": 0.073109932243824,
        "t_final": [
          [
            [
              0.9130859375,
              0.181396484375,
              0.36572265625,
              -0.355224609375
            ],
            [
              0.10711669921875,
              0.75830078125,
              -0.64306640625,
              0.33056640625
            ],
            [
              -0.39404296875,
              0.62646484375,
              0.6728515625,
              0.07513427734375
            ]
          ]
        ]
      },
      {
        "psnr": 11.746294021606445,
        "distortion": 0.15722711384296417,
        "rotation_rmse": 14.88906192779541,
        "translation_rmse_100": 34.35503387451172,
        "t_final": [
          [
            [
              0.78662109375,
              -0.2330322265625,
              0.57177734375,
              0.0609130859375
            ],
            [
              0.47265625,
              0.8232421875,
              -0.314453125,
              -0.0888671875
            ],
            [
              -0.3974609375,
              0.517578125,
              0.7578125,
              0.1502685546875
            ]
          ]
        ]
      },
      {
        "psnr": 22.470247268676758,
        "distortion": 0.016557510942220688,
        "rotation_rmse": 0.03656723350286484,
        "translation_rmse_100": 0.06962788105010986,
        "t_final": [
          [
            [
              0.9130859375,
              0.1812744140625,
              0.36572265625,
              -0.355224609375
            ],
            [
              0.10711669921875,
              0.75830078125,
              -0.64306640625,
              0.330810546875
            ],
            [
              -0.39404296875,
              0.62646484375,
              0.6728515625,
              0.07501220703125
            ]
          ]
        ]
      },
      {
        "psnr": 11.98496150970459,
        "distortion": 0.14018064737319946,
        "rotation_rmse": 13.37398624420166,
        "translation_rmse_100": 11.674493789672852,
        "t_final": [
          [
            [
              0.8310546875,
              -0.050018310546875,
              0.5537109375,
              -0.1806640625
            ],
            [
              0.4384765625,
              0.67138671875,
              -0.59765625,
              0.355224609375
            ],
            [
              -0.341552734375,
              0.73974609375,
              0.580078125,
              -0.0264434814453125
            ]
          ]
        ]
      },
      {
        "psnr": 11.768200874328613,
        "distortion": 0.10095332562923431,
        "rotation_rmse": 24.153005599975586,
        "translation_rmse_100": 23.95673370361328,
        "t_final": [
          [
            [
              0.79541015625,
              -0.54296875,
              0.2685546875,
              -0.376220703125
            ],
            [
              0.60498046875,
              0.7353515625,
              -0.305419921875,
              -0.050567626953125
            ],
            [
              -0.03155517578125,
              0.4052734375,
              0.91357421875,
              -0.0880126953125
            ]
          ]
        ]
      },
      {
        "psnr": 22.48446273803711,
        "distortion": 0.016526686027646065,
        "rotation_rmse": 0.036376167088747025,
        "translation_rmse_100": 0.0678345113992691,
        "t_final": [
          [
            [
              0.9130859375,
              0.1810302734375,
              0.365966796875,
              -0.355224609375
            ],
            [
              0.10748291015625,
              0.75830078125,
              -0.64306640625,
              0.330810546875
            ],
            [
              -0.393798828125,
              0.62646484375,
              0.6728515625,
              0.074951171875
            ]
          ]
        ]
      },
      {
        "psnr": 11.952518463134766,
        "distortion": 0.02513251267373562,
        "rotation_rmse": 15.310552597045898,
        "translation_rmse_100": 15.82201099395752,
        "t_final": [
          [
            [
              0.86865234375,
              -0.273193359375,
              0.4130859375,
              -0.486083984375
            ],
            [
              0.403564453125,
              0.8740234375,
              -0.270263671875,
              0.162841796875
            ],
            [
              -0.287109375,
              0.401611328125,
              0.86962890625,
              -0.0975341796875
            ]
          ]
        ]
      },
      {
        "psnr": 22.471858978271484,
        "distortion": 0.016522884368896484,
        "rotation_rmse": 0.0319993756711483,
        "translation_rmse_100": 0.06962788105010986,
        "t_final": [
          [
            [
              0.9130859375,
              0.18115234375,
              0.36572265625,
              -0.355224609375
            ],
            [
              0.10711669921875,
              0.75830078125,
              -0.64306640625,
              0.330810546875
            ],
            [
              -0.393798828125,
              0.62646484375,
              0.6728515625,
              0.07501220703125
            ]
          ]
        ]
      },
      {
        "psnr": 10.983620643615723,
        "distortion": 0.022302638739347458,
        "rotation_rmse": 21.80864906311035,
        "translation_rmse_100": 45.66265106201172,
        "t_final": [
          [
            [
              0.64501953125,
              -0.300048828125,
              0.70263671875,
              -0.99755859375
            ],
            [
              0.40478515625,
              0.9140625,
              0.01873779296875,
              -0.1285400390625
            ],
            [
              -0.64794921875,
              0.2724609375,
              0.71142578125,
              0.102294921875
            ]
          ]
        ]
      }
    ]
  },
  "horns_0_100_even_odd": {
    "best": {
      "psnr": 28.233854293823242,
      "distortion": 0.016282394528388977,
      "rotation_rmse": 0.005484757479280233,
      "translation_rmse_100": 0.038510750979185104,
      "t_final": [
        [
          [
            0.85595703125,
            0.1358642578125,
            0.4990234375,
            -0.044464111328125
          ],
          [
            0.034393310546875,
            0.94775390625,
            -0.31689453125,
            0.128662109375
          ],
          [
            -0.51611328125,
            0.28857421875,
            0.806640625,
            -0.2373046875
          ]
        ]
      ]
    },
    "stats_list": [
      {
        "psnr": 28.233854293823242,
        "distortion": 0.016282394528388977,
        "rotation_rmse": 0.005484757479280233,
        "translation_rmse_100": 0.038510750979185104,
        "t_final": [
          [
            [
              0.85595703125,
              0.1358642578125,
              0.4990234375,
              -0.044464111328125
            ],
            [
              0.034393310546875,
              0.94775390625,
              -0.31689453125,
              0.128662109375
            ],
            [
              -0.51611328125,
              0.28857421875,
              0.806640625,
              -0.2373046875
            ]
          ]
        ]
      },
      {
        "psnr": 11.303709983825684,
        "distortion": 0.11402168869972229,
        "rotation_rmse": 19.67450523376465,
        "translation_rmse_100": 41.65468215942383,
        "t_final": [
          [
            [
              0.681640625,
              -0.403076171875,
              0.6103515625,
              -0.02874755859375
            ],
            [
              0.50146484375,
              0.86474609375,
              0.01084136962890625,
              -0.53125
            ],
            [
              -0.53271484375,
              0.298828125,
              0.7919921875,
              -0.5283203125
            ]
          ]
        ]
      },
      {
        "psnr": 10.679186820983887,
        "distortion": 0.11878296732902527,
        "rotation_rmse": 29.295801162719727,
        "translation_rmse_100": 30.081092834472656,
        "t_final": [
          [
            [
              0.712890625,
              -0.354248046875,
              0.60498046875,
              0.13525390625
            ],
            [
              0.65869140625,
              0.6337890625,
              -0.405029296875,
              -0.18212890625
            ],
            [
              -0.239990234375,
              0.6875,
              0.685546875,
              -0.615234375
            ]
          ]
        ]
      },
      {
        "psnr": 11.877032279968262,
        "distortion": 0.18401001393795013,
        "rotation_rmse": 13.923649787902832,
        "translation_rmse_100": 45.86619567871094,
        "t_final": [
          [
            [
              0.77685546875,
              0.3515625,
              0.52294921875,
              0.276123046875
            ],
            [
              0.07220458984375,
              0.77490234375,
              -0.6279296875,
              -0.07977294921875
            ],
            [
              -0.6259765625,
              0.525390625,
              0.576171875,
              -0.93408203125
            ]
          ]
        ]
      },
      {
        "psnr": 10.755178451538086,
        "distortion": 0.13091745972633362,
        "rotation_rmse": 27.403606414794922,
        "translation_rmse_100": 46.27467346191406,
        "t_final": [
          [
            [
              0.95361328125,
              -0.199462890625,
              -0.22607421875,
              0.431396484375
            ],
            [
              0.139404296875,
              0.95654296875,
              -0.256103515625,
              -0.45166015625
            ],
            [
              0.267333984375,
              0.212646484375,
              0.93994140625,
              -0.51953125
            ]
          ]
        ]
      },
      {
        "psnr": 11.414816856384277,
        "distortion": 0.1531081646680832,
        "rotation_rmse": 8.854143142700195,
        "translation_rmse_100": 29.332626342773438,
        "t_final": [
          [
            [
              0.95849609375,
              0.12353515625,
              0.257080078125,
              0.3896484375
            ],
            [
              -0.00899505615234375,
              0.9140625,
              -0.40576171875,
              0.2783203125
            ],
            [
              -0.284912109375,
              0.386474609375,
              0.876953125,
              -0.0187835693359375
            ]
          ]
        ]
      },
      {
        "psnr": 10.884543418884277,
        "distortion": 0.053114764392375946,
        "rotation_rmse": 20.10222053527832,
        "translation_rmse_100": 40.799476623535156,
        "t_final": [
          [
            [
              0.7216796875,
              -0.06988525390625,
              0.6884765625,
              -0.411376953125
            ],
            [
              0.41748046875,
              0.8369140625,
              -0.35302734375,
              -0.4716796875
            ],
            [
              -0.5517578125,
              0.54248046875,
              0.6337890625,
              -0.298095703125
            ]
          ]
        ]
      },
      {
        "psnr": 11.185966491699219,
        "distortion": 0.22929000854492188,
        "rotation_rmse": 19.250152587890625,
        "translation_rmse_100": 56.268863677978516,
        "t_final": [
          [
            [
              0.94287109375,
              -0.116943359375,
              0.31201171875,
              0.52734375
            ],
            [
              0.287841796875,
              0.7578125,
              -0.58544921875,
              -0.4013671875
            ],
            [
              -0.16796875,
              0.64208984375,
              0.748046875,
              0.34765625
            ]
          ]
        ]
      },
      {
        "psnr": 10.837285995483398,
        "distortion": 0.12396523356437683,
        "rotation_rmse": 15.182354927062988,
        "translation_rmse_100": 30.67287826538086,
        "t_final": [
          [
            [
              0.92041015625,
              -0.049560546875,
              0.388427734375,
              0.24267578125
            ],
            [
              0.26220703125,
              0.814453125,
              -0.517578125,
              -0.10699462890625
            ],
            [
              -0.29052734375,
              0.578125,
              0.76220703125,
              -0.61767578125
            ]
          ]
        ]
      },
      {
        "psnr": 11.670198440551758,
        "distortion": 0.11615411937236786,
        "rotation_rmse": 15.698384284973145,
        "translation_rmse_100": 32.41331481933594,
        "t_final": [
          [
            [
              0.77587890625,
              -0.201904296875,
              0.59765625,
              0.0203857421875
            ],
            [
              0.408447265625,
              0.8828125,
              -0.232177734375,
              -0.248779296875
            ],
            [
              -0.480712890625,
              0.42431640625,
              0.767578125,
              -0.64794921875
            ]
          ]
        ]
      }
    ]
  },
  "horns_30_70_even_odd": {
    "best": {
      "psnr": 11.619022369384766,
      "distortion": 0.20494771003723145,
      "rotation_rmse": 9.94699764251709,
      "translation_rmse_100": 51.9556884765625,
      "t_final": [
        [
          [
            0.8359375,
            0.43017578125,
            0.341064453125,
            0.8544921875
          ],
          [
            -0.2047119140625,
            0.82080078125,
            -0.533203125,
            0.177734375
          ],
          [
            -0.50927734375,
            0.375732421875,
            0.7744140625,
            -0.257080078125
          ]
        ]
      ]
    },
    "stats_list": [
      {
        "psnr": 11.170032501220703,
        "distortion": 0.22164030373096466,
        "rotation_rmse": 21.66202163696289,
        "translation_rmse_100": 65.33129119873047,
        "t_final": [
          [
            [
              0.98291015625,
              -0.17529296875,
              -0.0517578125,
              0.66357421875
            ],
            [
              0.1536865234375,
              0.94580078125,
              -0.285400390625,
              -0.73193359375
            ],
            [
              0.09893798828125,
              0.272705078125,
              0.95703125,
              -0.43505859375
            ]
          ]
        ]
      },
      {
        "psnr": 10.421258926391602,
        "distortion": 0.16830290853977203,
        "rotation_rmse": 18.488895416259766,
        "translation_rmse_100": 36.69955825805664,
        "t_final": [
          [
            [
              0.88330078125,
              -0.26416015625,
              0.387451171875,
              0.41064453125
            ],
            [
              0.41796875,
              0.8173828125,
              -0.395751953125,
              -0.09130859375
            ],
            [
              -0.2120361328125,
              0.51171875,
              0.83251953125,
              -0.62353515625
            ]
          ]
        ]
      },
      {
        "psnr": 10.494039535522461,
        "distortion": 0.02243352308869362,
        "rotation_rmse": 15.123889923095703,
        "translation_rmse_100": 19.156749725341797,
        "t_final": [
          [
            [
              0.79736328125,
              -0.17822265625,
              0.576171875,
              -0.260009765625
            ],
            [
              0.391845703125,
              0.87939453125,
              -0.2705078125,
              -0.119873046875
            ],
            [
              -0.45849609375,
              0.441650390625,
              0.77099609375,
              -0.2763671875
            ]
          ]
        ]
      },
      {
        "psnr": 11.295110702514648,
        "distortion": 0.20351268351078033,
        "rotation_rmse": 21.599145889282227,
        "translation_rmse_100": 29.68857192993164,
        "t_final": [
          [
            [
              0.935546875,
              -0.05523681640625,
              0.34814453125,
              0.01983642578125
            ],
            [
              0.28955078125,
              0.68408203125,
              -0.66943359375,
              0.14404296875
            ],
            [
              -0.2012939453125,
              0.7275390625,
              0.65576171875,
              -0.74755859375
            ]
          ]
        ]
      },
      {
        "psnr": 11.021279335021973,
        "distortion": 0.18880194425582886,
        "rotation_rmse": 15.226982116699219,
        "translation_rmse_100": 54.74203109741211,
        "t_final": [
          [
            [
              0.9853515625,
              -0.064697265625,
              0.15673828125,
              0.111083984375
            ],
            [
              0.128662109375,
              0.8876953125,
              -0.4423828125,
              -0.66943359375
            ],
            [
              -0.11053466796875,
              0.4560546875,
              0.8828125,
              -0.72509765625
            ]
          ]
        ]
      },
      {
        "psnr": 11.082900047302246,
        "distortion": 0.21109405159950256,
        "rotation_rmse": 13.17304515838623,
        "translation_rmse_100": 65.6074447631836,
        "t_final": [
          [
            [
              0.82568359375,
              0.363037109375,
              0.431884765625,
              0.8388671875
            ],
            [
              0.0175933837890625,
              0.748046875,
              -0.6630859375,
              -0.4658203125
            ],
            [
              -0.56396484375,
              0.55517578125,
              0.611328125,
              0.1605224609375
            ]
          ]
        ]
      },
      {
        "psnr": 11.619022369384766,
        "distortion": 0.20494771003723145,
        "rotation_rmse": 9.94699764251709,
        "translation_rmse_100": 51.9556884765625,
        "t_final": [
          [
            [
              0.8359375,
              0.43017578125,
              0.341064453125,
              0.8544921875
            ],
            [
              -0.2047119140625,
              0.82080078125,
              -0.533203125,
              0.177734375
            ],
            [
              -0.50927734375,
              0.375732421875,
              0.7744140625,
              -0.257080078125
            ]
          ]
        ]
      },
      {
        "psnr": 11.324372291564941,
        "distortion": 0.2031969279050827,
        "rotation_rmse": 10.27919864654541,
        "translation_rmse_100": 67.59599304199219,
        "t_final": [
          [
            [
              0.94775390625,
              0.11309814453125,
              0.297607421875,
              0.86572265625
            ],
            [
              0.058502197265625,
              0.85693359375,
              -0.51220703125,
              0.002716064453125
            ],
            [
              -0.31298828125,
              0.5029296875,
              0.8056640625,
              0.48876953125
            ]
          ]
        ]
      },
      {
        "psnr": 10.55000114440918,
        "distortion": 0.019260728731751442,
        "rotation_rmse": 10.046857833862305,
        "translation_rmse_100": 29.822345733642578,
        "t_final": [
          [
            [
              0.8740234375,
              -0.1934814453125,
              0.4453125,
              -0.409912109375
            ],
            [
              0.253173828125,
              0.96435546875,
              -0.07794189453125,
              -0.211181640625
            ],
            [
              -0.414306640625,
              0.180908203125,
              0.89208984375,
              -0.36865234375
            ]
          ]
        ]
      },
      {
        "psnr": 11.157175064086914,
        "distortion": 0.15161697566509247,
        "rotation_rmse": 31.62633514404297,
        "translation_rmse_100": 52.7393798828125,
        "t_final": [
          [
            [
              0.84033203125,
              -0.53662109375,
              -0.07696533203125,
              0.15673828125
            ],
            [
              0.455810546875,
              0.7763671875,
              -0.43505859375,
              -0.6865234375
            ],
            [
              0.293212890625,
              0.33056640625,
              0.89697265625,
              -0.59716796875
            ]
          ]
        ]
      }
    ]
  },
  "horns_50_50": {
    "best": {
      "psnr": 11.356976509094238,
      "distortion": 0.06444928795099258,
      "rotation_rmse": 22.53048324584961,
      "translation_rmse_100": 11.179510116577148,
      "t_final": [
        [
          [
            0.900390625,
            -0.33935546875,
            0.272216796875,
            -0.1500244140625
          ],
          [
            0.432373046875,
            0.767578125,
            -0.473388671875,
            0.1988525390625
          ],
          [
            -0.0482177734375,
            0.5439453125,
            0.837890625,
            -0.09149169921875
          ]
        ]
      ]
    },
    "stats_list": [
      {
        "psnr": 10.726524353027344,
        "distortion": 0.20664776861667633,
        "rotation_rmse": 15.970770835876465,
        "translation_rmse_100": 65.2469482421875,
        "t_final": [
          [
            [
              0.97509765625,
              -0.1307373046875,
              0.1783447265625,
              0.7236328125
            ],
            [
              0.1959228515625,
              0.884765625,
              -0.422607421875,
              -0.211181640625
            ],
            [
              -0.1025390625,
              0.447021484375,
              0.888671875,
              -0.994140625
            ]
          ]
        ]
      },
      {
        "psnr": 10.678824424743652,
        "distortion": 0.13184216618537903,
        "rotation_rmse": 13.727402687072754,
        "translation_rmse_100": 54.6793327331543,
        "t_final": [
          [
            [
              0.95654296875,
              -0.107666015625,
              0.271484375,
              -0.05328369140625
            ],
            [
              0.217041015625,
              0.8837890625,
              -0.414306640625,
              -0.6630859375
            ],
            [
              -0.1953125,
              0.455078125,
              0.86865234375,
              -0.7568359375
            ]
          ]
        ]
      },
      {
        "psnr": 11.356976509094238,
        "distortion": 0.06444928795099258,
        "rotation_rmse": 22.53048324584961,
        "translation_rmse_100": 11.179510116577148,
        "t_final": [
          [
            [
              0.900390625,
              -0.33935546875,
