{
  "fern_0_100_even_odd": {
    "best": {
      "psnr": 22.164918899536133,
      "distortion": 0.01699693873524666,
      "rotation_rmse": 0.08188558369874954,
      "translation_rmse_100": 0.1666245013475418,
      "t_final": [
        [
          [
            0.9130859375,
            0.1829833984375,
            0.364013671875,
            -0.35187992453575134
          ],
          [
            0.10528564453125,
            0.75732421875,
            -0.64453125,
            0.33220329880714417
          ],
          [
            -0.3935546875,
            0.62744140625,
            0.67236328125,
            0.0750504583120346
          ]
        ]
      ],
      "t0_rotation_rmse": 1.3997185230255127,
      "t0_translation_rmse_100": 0.9680689573287964
    },
    "stats_list": [
      {
        "psnr": 22.164918899536133,
        "distortion": 0.01699693873524666,
        "rotation_rmse": 0.08188558369874954,
        "translation_rmse_100": 0.1666245013475418,
        "t_final": [
          [
            [
              0.9130859375,
              0.1829833984375,
              0.364013671875,
              -0.35187992453575134
            ],
            [
              0.10528564453125,
              0.75732421875,
              -0.64453125,
              0.33220329880714417
            ],
            [
              -0.3935546875,
              0.62744140625,
              0.67236328125,
              0.0750504583120346
            ]
          ]
        ],
        "t0_rotation_rmse": 1.3997185230255127,
        "t0_translation_rmse_100": 0.9680689573287964
      }
    ]
  },
  "fern_30_70_even_odd": {
    "best": {
      "psnr": 12.335514068603516,
      "distortion": 0.017589103430509567,
      "rotation_rmse": 5.904271125793457,
      "translation_rmse_100": 7.71850061416626,
      "t_final": [
        [
          [
            0.88623046875,
            0.0302276611328125,
            0.46240234375,
            -0.3996385931968689
          ],
          [
            0.2685546875,
            0.77978515625,
            -0.5654296875,
            0.21117645502090454
          ],
          [
            -0.3779296875,
            0.625,
            0.68310546875,
            0.035179175436496735
          ]
        ]
      ],
      "t0_rotation_rmse": 5.611567974090576,
      "t0_translation_rmse_100": 9.61656379699707
    },
    "stats_list": [
      {
        "psnr": 12.335514068603516,
        "distortion": 0.017589103430509567,
        "rotation_rmse": 5.904271125793457,
        "translation_rmse_100": 7.71850061416626,
        "t_final": [
          [
            [
              0.88623046875,
              0.0302276611328125,
              0.46240234375,
              -0.3996385931968689
            ],
            [
              0.2685546875,
              0.77978515625,
              -0.5654296875,
              0.21117645502090454
            ],
            [
              -0.3779296875,
              0.625,
              0.68310546875,
              0.035179175436496735
            ]
          ]
        ],
        "t0_rotation_rmse": 5.611567974090576,
        "t0_translation_rmse_100": 9.61656379699707
      }
    ]
  },
  "fern_50_50": {
    "best": {
      "psnr": 15.318296432495117,
      "distortion": 0.02064007893204689,
      "rotation_rmse": 2.9597151279449463,
      "translation_rmse_100": 3.636718273162842,
      "t_final": [
        [
          [
            0.9033203125,
            0.263916015625,
            0.338623046875,
            -0.3020613193511963
          ],
          [
            0.03253173828125,
            0.744140625,
            -0.6669921875,
            0.36383241415023804
          ],
          [
            -0.427978515625,
            0.61328125,
            0.66357421875,
            0.08647780865430832
          ]
        ]
      ],
      "t0_rotation_rmse": 2.9586141109466553,
      "t0_translation_rmse_100": 3.636718273162842
    },
    "stats_list": [
      {
        "psnr": 15.318296432495117,
        "distortion": 0.02064007893204689,
        "rotation_rmse": 2.9597151279449463,
        "translation_rmse_100": 3.636718273162842,
        "t_final": [
          [
            [
              0.9033203125,
              0.263916015625,
              0.338623046875,
              -0.3020613193511963
            ],
            [
              0.03253173828125,
              0.744140625,
              -0.6669921875,
              0.36383241415023804
            ],
            [
              -0.427978515625,
              0.61328125,
              0.66357421875,
              0.08647780865430832
            ]
          ]
        ],
        "t0_rotation_rmse": 2.9586141109466553,
        "t0_translation_rmse_100": 3.636718273162842
      }
    ]
  },
  "horns_0_100_even_odd": {
    "best": {
      "psnr": 28.497535705566406,
      "distortion": 0.011183145456016064,
      "rotation_rmse": 0.04941413179039955,
      "translation_rmse_100": 0.02715214155614376,
      "t_final": [
        [
          [
            0.85595703125,
            0.135986328125,
            0.4990234375,
            -0.04415864869952202
          ],
          [
            0.033782958984375,
            0.9482421875,
            -0.316162109375,
            0.1285613775253296
          ],
          [
            -0.51611328125,
            0.28759765625,
            0.806640625,
            -0.2377415895462036
          ]
        ]
      ],
      "t0_rotation_rmse": 1.2831549644470215,
      "t0_translation_rmse_100": 1.7415271997451782
    },
    "stats_list": [
      {
        "psnr": 28.497535705566406,
        "distortion": 0.011183145456016064,
        "rotation_rmse": 0.04941413179039955,
        "translation_rmse_100": 0.02715214155614376,
        "t_final": [
          [
            [
              0.85595703125,
              0.135986328125,
              0.4990234375,
              -0.04415864869952202
            ],
            [
              0.033782958984375,
              0.9482421875,
              -0.316162109375,
              0.1285613775253296
            ],
            [
              -0.51611328125,
              0.28759765625,
              0.806640625,
              -0.2377415895462036
            ]
          ]
        ],
        "t0_rotation_rmse": 1.2831549644470215,
        "t0_translation_rmse_100": 1.7415271997451782
      }
    ]
  },
  "horns_30_70_even_odd": {
    "best": {
      "psnr": 22.607019424438477,
      "distortion": 0.012660478241741657,
      "rotation_rmse": 0.17057134211063385,
      "translation_rmse_100": 0.16208410263061523,
      "t_final": [
        [
          [
            0.8583984375,
            0.13427734375,
            0.49609375,
            -0.04121918976306915
          ],
          [
            0.035980224609375,
            0.94677734375,
            -0.31884765625,
            0.12974490225315094
          ],
          [
            -0.51220703125,
            0.291259765625,
            0.80810546875,
            -0.23722174763679504
          ]
        ]
      ],
      "t0_rotation_rmse": 1.6391682624816895,
      "t0_translation_rmse_100": 1.609495997428894
    },
    "stats_list": [
      {
        "psnr": 22.607019424438477,
        "distortion": 0.012660478241741657,
        "rotation_rmse": 0.17057134211063385,
        "translation_rmse_100": 0.16208410263061523,
        "t_final": [
          [
            [
              0.8583984375,
              0.13427734375,
              0.49609375,
              -0.04121918976306915
            ],
            [
              0.035980224609375,
              0.94677734375,
              -0.31884765625,
              0.12974490225315094
            ],
            [
              -0.51220703125,
              0.291259765625,
              0.80810546875,
              -0.23722174763679504
            ]
          ]
        ],
        "t0_rotation_rmse": 1.6391682624816895,
        "t0_translation_rmse_100": 1.609495997428894
      }
    ]
  },
  "horns_50_50": {
    "best": {
      "psnr": 17.53514289855957,
      "distortion": 0.012545108795166016,
      "rotation_rmse": 0.5180989503860474,
      "translation_rmse_100": 1.1376246213912964,
      "t_final": [
        [
          [
            0.86181640625,
            0.1422119140625,
            0.4873046875,
            -0.024596702307462692
          ],
          [
            0.024871826171875,
            0.94677734375,
            -0.3203125,
            0.13147175312042236
          ],
          [
            -0.5068359375,
            0.2880859375,
            0.81201171875,
            -0.24070794880390167
          ]
        ]
      ],
      "t0_rotation_rmse": 1.6241461038589478,
      "t0_translation_rmse_100": 1.0247454643249512
    },
    "stats_list": [
      {
        "psnr": 17.53514289855957,
        "distortion": 0.012545108795166016,
        "rotation_rmse": 0.5180989503860474,
        "translation_rmse_100": 1.1376246213912964,
        "t_final": [
          [
            [
              0.86181640625,
              0.1422119140625,
              0.4873046875,
              -0.024596702307462692
            ],
            [
              0.024871826171875,
              0.94677734375,
              -0.3203125,
              0.13147175312042236
            ],
            [
              -0.5068359375,
              0.2880859375,
              0.81201171875,
              -0.24070794880390167
            ]
          ]
        ],
        "t0_rotation_rmse": 1.6241461038589478,
        "t0_translation_rmse_100": 1.0247454643249512
      }
    ]
  },
  "room_0_100_even_odd": {
    "best": {
      "psnr": 28.202192306518555,
      "distortion": 0.007792788557708263,
      "rotation_rmse": 0.08195415884256363,
      "translation_rmse_100": 0.08220559358596802,
      "t_final": [
        [
          [
            0.9990234375,
            0.0205230712890625,
            0.04547119140625,
            -0.20054824650287628
          ],
          [
            0.0040740966796875,
            0.875,
            -0.484375,
            0.19084729254245758
          ],
          [
            -0.04974365234375,
            0.48388671875,
            0.87353515625,
            0.46243539452552795
          ]
        ]
      ],
      "t0_rotation_rmse": 1.9991281032562256,
      "t0_translation_rmse_100": 2.504030704498291
    },
    "stats_list": [
      {
        "psnr": 28.202192306518555,
        "distortion": 0.007792788557708263,
        "rotation_rmse": 0.08195415884256363,
        "translation_rmse_100": 0.08220559358596802,
        "t_final": [
          [
            [
              0.9990234375,
              0.0205230712890625,
              0.04547119140625,
              -0.20054824650287628
            ],
            [
              0.0040740966796875,
              0.875,
              -0.484375,
              0.19084729254245758
            ],
            [
              -0.04974365234375,
              0.48388671875,
              0.87353515625,
              0.46243539452552795
            ]
          ]
        ],
        "t0_rotation_rmse": 1.9991281032562256,
        "t0_translation_rmse_100": 2.504030704498291
      }
    ]
  },
  "room_30_70_even_odd": {
    "best": {
      "psnr": 26.783437728881836,
      "distortion": 0.008643188513815403,
      "rotation_rmse": 0.05957441031932831,
      "translation_rmse_100": 0.05426589027047157,
      "t_final": [
        [
          [
            0.99853515625,
            0.0201263427734375,
            0.04913330078125,
            -0.19968944787979126
          ],
          [
            0.006092071533203125,
            0.8759765625,
            -0.482666015625,
            0.19114665687084198
          ],
          [
            -0.052734375,
            0.482177734375,
            0.87451171875,
            0.4635094404220581
          ]
        ]
      ],
      "t0_rotation_rmse": 1.8564132452011108,
      "t0_translation_rmse_100": 2.0540683269500732
    },
    "stats_list": [
      {
        "psnr": 26.783437728881836,
        "distortion": 0.008643188513815403,
        "rotation_rmse": 0.05957441031932831,
        "translation_rmse_100": 0.05426589027047157,
        "t_final": [
          [
            [
              0.99853515625,
              0.0201263427734375,
              0.04913330078125,
              -0.19968944787979126
            ],
            [
              0.006092071533203125,
              0.8759765625,
              -0.482666015625,
              0.19114665687084198
            ],
            [
              -0.052734375,
              0.482177734375,
              0.87451171875,
              0.4635094404220581
            ]
          ]
        ],
        "t0_rotation_rmse": 1.8564132452011108,
        "t0_translation_rmse_100": 2.0540683269500732
      }
    ]
  },
  "room_50_50": {
    "best": {
      "psnr": 25.19378662109375,
      "distortion": 0.009464173577725887,
      "rotation_rmse": 0.03742340952157974,
      "translation_rmse_100": 0.1028841957449913,
      "t_final": [
        [
          [
            0.99853515625,
            0.02056884765625,
            0.047882080078125,
            -0.1977372169494629
          ],
          [
            0.005115509033203125,
            0.8759765625,
            -0.48291015625,
            0.19141080975532532
          ],
          [
            -0.0518798828125,
            0.482666015625,
            0.87451171875,
            0.4631574749946594
          ]
        ]
      ],
      "t0_rotation_rmse": 3.135272264480591,
      "t0_translation_rmse_100": 3.233790874481201
    },
    "stats_list": [
      {
        "psnr": 25.19378662109375,
        "distortion": 0.009464173577725887,
        "rotation_rmse": 0.03742340952157974,
        "translation_rmse_100": 0.1028841957449913,
        "t_final": [
          [
            [
              0.99853515625,
              0.02056884765625,
              0.047882080078125,
              -0.1977372169494629
            ],
            [
              0.005115509033203125,
              0.8759765625,
              -0.48291015625,
              0.19141080975532532
            ],
            [
              -0.0518798828125,
              0.482666015625,
              0.87451171875,
              0.4631574749946594
            ]
          ]
        ],
        "t0_rotation_rmse": 3.135272264480591,
        "t0_translation_rmse_100": 3.233790874481201
      }
    ]
  },
  "trex_0_100_even_odd": {
    "best": {
      "psnr": 27.72347068786621,
      "distortion": 0.012924820184707642,
      "rotation_rmse": 0.048668451607227325,
      "translation_rmse_100": 0.03470141440629959,
      "t_final": [
        [
          [
            0.78955078125,
            -0.07952880859375,
            0.6083984375,
            -0.2480822056531906
          ],
          [
            0.357177734375,
            0.86572265625,
            -0.35107421875,
            -0.06854168325662613
          ],
          [
            -0.498291015625,
            0.49462890625,
            0.71240234375,
            -0.1978304535150528
          ]
        ]
      ],
      "t0_rotation_rmse": 1.4442988634109497,
      "t0_translation_rmse_100": 3.246091604232788
    },
    "stats_list": [
      {
        "psnr": 27.72347068786621,
        "distortion": 0.012924820184707642,
        "rotation_rmse": 0.048668451607227325,
        "translation_rmse_100": 0.03470141440629959,
        "t_final": [
          [
            [
              0.78955078125,
              -0.07952880859375,
              0.6083984375,
              -0.2480822056531906
            ],
            [
              0.357177734375,
              0.86572265625,
              -0.35107421875,
              -0.06854168325662613
            ],
            [
              -0.498291015625,
              0.49462890625,
              0.71240234375,
              -0.1978304535150528
            ]
          ]
        ],
        "t0_rotation_rmse": 1.4442988634109497,
        "t0_translation_rmse_100": 3.246091604232788
      }
    ]
  },
  "trex_30_70_even_odd": {
    "best": {
      "psnr": 27.14083480834961,
      "distortion": 0.01233484037220478,
      "rotation_rmse": 0.01203759666532278,
      "translation_rmse_100": 0.020970847457647324,
      "t_final": [
        [
          [
            0.79052734375,
            -0.07891845703125,
            0.60693359375,
            -0.2480185329914093
          ],
          [
            0.35693359375,
            0.865234375,
            -0.352294921875,
            -0.06827619671821594
          ],
          [
            -0.49755859375,
            0.494873046875,
            0.71240234375,
            -0.19755586981773376
          ]
        ]
      ],
      "t0_rotation_rmse": 1.7430680990219116,
      "t0_translation_rmse_100": 1.3781030178070068
    },
    "stats_list": [
      {
        "psnr": 27.14083480834961,
        "distortion": 0.01233484037220478,
        "rotation_rmse": 0.01203759666532278,
        "translation_rmse_100": 0.020970847457647324,
        "t_final": [
          [
            [
              0.79052734375,
              -0.07891845703125,
              0.60693359375,
              -0.2480185329914093
            ],
            [
              0.35693359375,
              0.865234375,
              -0.352294921875,
              -0.06827619671821594
            ],
            [
              -0.49755859375,
              0.494873046875,
              0.71240234375,
              -0.19755586981773376
            ]
          ]
        ],
        "t0_rotation_rmse": 1.7430680990219116,
        "t0_translation_rmse_100": 1.3781030178070068
      }
    ]
  },
  "trex_50_50": {
    "best": {
      "psnr": 20.570613861083984,
      "distortion": 0.015480070374906063,
      "rotation_rmse": 0.2400318831205368,
      "translation_rmse_100": 0.07250263541936874,
      "t_final": [
        [
          [
            0.79296875,
            -0.0732421875,
            0.60498046875,
            -0.24846725165843964
          ],
          [
            0.350830078125,
            0.8662109375,
            -0.35498046875,
            -0.06928913295269012
          ],
          [
            -0.49853515625,
            0.493408203125,
            0.712890625,
            -0.1976020634174347
          ]
        ]
      ],
      "t0_rotation_rmse": 3.5331318378448486,
      "t0_translation_rmse_100": 1.1762566566467285
    },
    "stats_list": [
      {
        "psnr": 20.570613861083984,
        "distortion": 0.015480070374906063,
        "rotation_rmse": 0.2400318831205368,
        "translation_rmse_100": 0.07250263541936874,
        "t_final": [
          [
            [
              0.79296875,
              -0.0732421875,
              0.60498046875,
              -0.24846725165843964
            ],
            [
              0.350830078125,
              0.8662109375,
              -0.35498046875,
              -0.06928913295269012
            ],
            [
              -0.49853515625,
              0.493408203125,
              0.712890625,
              -0.1976020634174347
            ]
          ]
        ],
        "t0_rotation_rmse": 3.5331318378448486,
        "t0_translation_rmse_100": 1.1762566566467285
      }
    ]
  }
}