{
  "fern_0_100_even_odd": {
    "best": {
      "psnr": 24.331846237182617,
      "distortion": 0.019325559958815575,
      "rotation_rmse": 0.02760118804872036,
      "translation_rmse_100": 0.03214418143033981,
      "t_final": [
        [
          [
            0.91357421875,
            0.18115234375,
            0.364501953125,
            -0.3544243276119232
          ],
          [
            0.10638427734375,
            0.75830078125,
            -0.64306640625,
            0.33110466599464417
          ],
          [
            -0.392822265625,
            0.62646484375,
            0.67333984375,
            0.07414256036281586
          ]
        ]
      ],
      "t0_rotation_rmse": 1.3997185230255127,
      "t0_translation_rmse_100": 0.9680689573287964
    },
    "stats_list": [
      {
        "psnr": 24.331846237182617,
        "distortion": 0.019325559958815575,
        "rotation_rmse": 0.02760118804872036,
        "translation_rmse_100": 0.03214418143033981,
        "t_final": [
          [
            [
              0.91357421875,
              0.18115234375,
              0.364501953125,
              -0.3544243276119232
            ],
            [
              0.10638427734375,
              0.75830078125,
              -0.64306640625,
              0.33110466599464417
            ],
            [
              -0.392822265625,
              0.62646484375,
              0.67333984375,
              0.07414256036281586
            ]
          ]
        ],
        "t0_rotation_rmse": 1.3997185230255127,
        "t0_translation_rmse_100": 0.9680689573287964
      }
    ]
  },
  "fern_30_70_even_odd": {
    "best": {
      "psnr": 21.202062606811523,
      "distortion": 0.017345162108540535,
      "rotation_rmse": 0.08911067247390747,
      "translation_rmse_100": 0.07243818044662476,
      "t_final": [
        [
          [
            0.91357421875,
            0.182373046875,
            0.363037109375,
            -0.3538164496421814
          ],
          [
            0.10467529296875,
            0.7578125,
            -0.6435546875,
            0.33182770013809204
          ],
          [
            -0.392822265625,
            0.62646484375,
            0.673828125,
            0.07424167543649673
          ]
        ]
      ],
      "t0_rotation_rmse": 5.611567974090576,
      "t0_translation_rmse_100": 9.61656379699707
    },
    "stats_list": [
      {
        "psnr": 21.202062606811523,
        "distortion": 0.017345162108540535,
        "rotation_rmse": 0.08911067247390747,
        "translation_rmse_100": 0.07243818044662476,
        "t_final": [
          [
            [
              0.91357421875,
              0.182373046875,
              0.363037109375,
              -0.3538164496421814
            ],
            [
              0.10467529296875,
              0.7578125,
              -0.6435546875,
              0.33182770013809204
            ],
            [
              -0.392822265625,
              0.62646484375,
              0.673828125,
              0.07424167543649673
            ]
          ]
        ],
        "t0_rotation_rmse": 5.611567974090576,
        "t0_translation_rmse_100": 9.61656379699707
      }
    ]
  },
  "fern_50_50": {
    "best": {
      "psnr": 21.398284912109375,
      "distortion": 0.0190567746758461,
      "rotation_rmse": 0.05450879782438278,
      "translation_rmse_100": 0.054411064833402634,
      "t_final": [
        [
          [
            0.91357421875,
            0.18115234375,
            0.36474609375,
            -0.3547956943511963
          ],
          [
            0.10595703125,
            0.7587890625,
            -0.642578125,
            0.33133119344711304
          ],
          [
            -0.39306640625,
            0.62548828125,
            0.673828125,
            0.07409530133008957
          ]
        ]
      ],
      "t0_rotation_rmse": 2.9586141109466553,
      "t0_translation_rmse_100": 3.636718273162842
    },
    "stats_list": [
      {
        "psnr": 21.398284912109375,
        "distortion": 0.0190567746758461,
        "rotation_rmse": 0.05450879782438278,
        "translation_rmse_100": 0.054411064833402634,
        "t_final": [
          [
            [
              0.91357421875,
              0.18115234375,
              0.36474609375,
              -0.3547956943511963
            ],
            [
              0.10595703125,
              0.7587890625,
              -0.642578125,
              0.33133119344711304
            ],
            [
              -0.39306640625,
              0.62548828125,
              0.673828125,
              0.07409530133008957
            ]
          ]
        ],
        "t0_rotation_rmse": 2.9586141109466553,
        "t0_translation_rmse_100": 3.636718273162842
      }
    ]
  },
  "horns_0_100_even_odd": {
    "best": {
      "psnr": 29.08840560913086,
      "distortion": 0.010518547147512436,
      "rotation_rmse": 0.015205074101686478,
      "translation_rmse_100": 0.007824772037565708,
      "t_final": [
        [
          [
            0.85546875,
            0.1361083984375,
            0.499267578125,
            -0.04393739625811577
          ],
          [
            0.034149169921875,
            0.94775390625,
            -0.317138671875,
            0.1289581060409546
          ],
          [
            -0.51611328125,
            0.288330078125,
            0.80615234375,
            -0.23758137226104736
          ]
        ]
      ],
      "t0_rotation_rmse": 1.2831549644470215,
      "t0_translation_rmse_100": 1.7415271997451782
    },
    "stats_list": [
      {
        "psnr": 29.08840560913086,
        "distortion": 0.010518547147512436,
        "rotation_rmse": 0.015205074101686478,
        "translation_rmse_100": 0.007824772037565708,
        "t_final": [
          [
            [
              0.85546875,
              0.1361083984375,
              0.499267578125,
              -0.04393739625811577
            ],
            [
              0.034149169921875,
              0.94775390625,
              -0.317138671875,
              0.1289581060409546
            ],
            [
              -0.51611328125,
              0.288330078125,
              0.80615234375,
              -0.23758137226104736
            ]
          ]
        ],
        "t0_rotation_rmse": 1.2831549644470215,
        "t0_translation_rmse_100": 1.7415271997451782
      }
    ]
  },
  "horns_30_70_even_odd": {
    "best": {
      "psnr": 26.777427673339844,
      "distortion": 0.015587578527629375,
      "rotation_rmse": 0.012731676921248436,
      "translation_rmse_100": 0.0179273784160614,
      "t_final": [
        [
          [
            0.85595703125,
            0.1361083984375,
            0.499267578125,
            -0.04414887726306915
          ],
          [
            0.0343017578125,
            0.947265625,
            -0.317138671875,
            0.12874163687229156
          ],
          [
            -0.51611328125,
            0.28857421875,
            0.80615234375,
            -0.2374735176563263
          ]
        ]
      ],
      "t0_rotation_rmse": 1.6391682624816895,
      "t0_translation_rmse_100": 1.609495997428894
    },
    "stats_list": [
      {
        "psnr": 26.777427673339844,
        "distortion": 0.015587578527629375,
        "rotation_rmse": 0.012731676921248436,
        "translation_rmse_100": 0.0179273784160614,
        "t_final": [
          [
            [
              0.85595703125,
              0.1361083984375,
              0.499267578125,
              -0.04414887726306915
            ],
            [
              0.0343017578125,
              0.947265625,
              -0.317138671875,
              0.12874163687229156
            ],
            [
              -0.51611328125,
              0.28857421875,
              0.80615234375,
              -0.2374735176563263
            ]
          ]
        ],
        "t0_rotation_rmse": 1.6391682624816895,
        "t0_translation_rmse_100": 1.609495997428894
      }
    ]
  },
  "horns_50_50": {
    "best": {
      "psnr": 23.244705200195312,
      "distortion": 0.01369900070130825,
      "rotation_rmse": 0.024574482813477516,
      "translation_rmse_100": 0.022527165710926056,
      "t_final": [
        [
          [
            0.8564453125,
            0.1357421875,
            0.49853515625,
            -0.04415084049105644
          ],
          [
            0.03472900390625,
            0.94775390625,
            -0.3173828125,
            0.128670334815979
          ],
          [
            -0.515625,
            0.2890625,
            0.806640625,
            -0.23733575642108917
          ]
        ]
      ],
      "t0_rotation_rmse": 1.6241461038589478,
      "t0_translation_rmse_100": 1.0247454643249512
    },
    "stats_list": [
      {
        "psnr": 23.244705200195312,
        "distortion": 0.01369900070130825,
        "rotation_rmse": 0.024574482813477516,
        "translation_rmse_100": 0.022527165710926056,
        "t_final": [
          [
            [
              0.8564453125,
              0.1357421875,
              0.49853515625,
              -0.04415084049105644
            ],
            [
              0.03472900390625,
              0.94775390625,
              -0.3173828125,
              0.128670334815979
            ],
            [
              -0.515625,
              0.2890625,
              0.806640625,
              -0.23733575642108917
            ]
          ]
        ],
        "t0_rotation_rmse": 1.6241461038589478,
        "t0_translation_rmse_100": 1.0247454643249512
      }
    ]
  },
  "room_0_100_even_odd": {
    "best": {
      "psnr": 30.022384643554688,
      "distortion": 0.011186805553734303,
      "rotation_rmse": 0.007633603643625975,
      "translation_rmse_100": 0.004455974325537682,
      "t_final": [
        [
          [
            0.99853515625,
            0.0198974609375,
            0.048004150390625,
            -0.1992245465517044
          ],
          [
            0.00580596923828125,
            0.87548828125,
            -0.48388671875,
            0.19045056402683258
          ],
          [
            -0.051666259765625,
            0.4833984375,
            0.87353515625,
            0.46295419335365295
          ]
        ]
      ],
      "t0_rotation_rmse": 1.9991281032562256,
      "t0_translation_rmse_100": 2.504030704498291
    },
    "stats_list": [
      {
        "psnr": 30.022384643554688,
        "distortion": 0.011186805553734303,
        "rotation_rmse": 0.007633603643625975,
        "translation_rmse_100": 0.004455974325537682,
        "t_final": [
          [
            [
              0.99853515625,
              0.0198974609375,
              0.048004150390625,
              -0.1992245465517044
            ],
            [
              0.00580596923828125,
              0.87548828125,
              -0.48388671875,
              0.19045056402683258
            ],
            [
              -0.051666259765625,
              0.4833984375,
              0.87353515625,
              0.46295419335365295
            ]
          ]
        ],
        "t0_rotation_rmse": 1.9991281032562256,
        "t0_translation_rmse_100": 2.504030704498291
      }
    ]
  },
  "room_30_70_even_odd": {
    "best": {
      "psnr": 26.307138442993164,
      "distortion": 0.010719014331698418,
      "rotation_rmse": 0.023270418867468834,
      "translation_rmse_100": 0.033525075763463974,
      "t_final": [
        [
          [
            0.99853515625,
            0.0199737548828125,
            0.0484619140625,
            -0.19892650842666626
          ],
          [
            0.0059967041015625,
            0.875,
            -0.48388671875,
            0.19015483558177948
          ],
          [
            -0.05206298828125,
            0.483642578125,
            0.87353515625,
            0.46325957775115967
          ]
        ]
      ],
      "t0_rotation_rmse": 1.8564132452011108,
      "t0_translation_rmse_100": 2.0540683269500732
    },
    "stats_list": [
      {
        "psnr": 26.307138442993164,
        "distortion": 0.010719014331698418,
        "rotation_rmse": 0.023270418867468834,
        "translation_rmse_100": 0.033525075763463974,
        "t_final": [
          [
            [
              0.99853515625,
              0.0199737548828125,
              0.0484619140625,
              -0.19892650842666626
            ],
            [
              0.0059967041015625,
              0.875,
              -0.48388671875,
              0.19015483558177948
            ],
            [
              -0.05206298828125,
              0.483642578125,
              0.87353515625,
              0.46325957775115967
            ]
          ]
        ],
        "t0_rotation_rmse": 1.8564132452011108,
        "t0_translation_rmse_100": 2.0540683269500732
      }
    ]
  },
  "room_50_50": {
    "best": {
      "psnr": 25.672067642211914,
      "distortion": 0.01172217633575201,
      "rotation_rmse": 0.02469438500702381,
      "translation_rmse_100": 0.012340114451944828,
      "t_final": [
        [
          [
            0.99853515625,
            0.0195770263671875,
            0.04730224609375,
            -0.1994309425354004
          ],
          [
            0.005767822265625,
            0.87548828125,
            -0.484130859375,
            0.19052579998970032
          ],
          [
            -0.050872802734375,
            0.483642578125,
            0.8740234375,
            0.4628217816352844
          ]
        ]
      ],
      "t0_rotation_rmse": 3.135272264480591,
      "t0_translation_rmse_100": 3.233790874481201
    },
    "stats_list": [
      {
        "psnr": 25.672067642211914,
        "distortion": 0.01172217633575201,
        "rotation_rmse": 0.02469438500702381,
        "translation_rmse_100": 0.012340114451944828,
        "t_final": [
          [
            [
              0.99853515625,
              0.0195770263671875,
              0.04730224609375,
              -0.1994309425354004
            ],
            [
              0.005767822265625,
              0.87548828125,
              -0.484130859375,
              0.19052579998970032
            ],
            [
              -0.050872802734375,
              0.483642578125,
              0.8740234375,
              0.4628217816352844
            ]
          ]
        ],
        "t0_rotation_rmse": 3.135272264480591,
        "t0_translation_rmse_100": 3.233790874481201
      }
    ]
  },
  "trex_0_100_even_odd": {
    "best": {
      "psnr": 28.791414260864258,
      "distortion": 0.017400216311216354,
      "rotation_rmse": 0.012238721363246441,
      "translation_rmse_100": 0.02054433524608612,
      "t_final": [
        [
          [
            0.791015625,
            -0.078857421875,
            0.60693359375,
            -0.2480211704969406
          ],
          [
            0.356689453125,
            0.865234375,
            -0.352294921875,
            -0.06826702505350113
          ],
          [
            -0.497314453125,
            0.4951171875,
            0.71240234375,
            -0.1973726898431778
          ]
        ]
      ],
      "t0_rotation_rmse": 1.4442988634109497,
      "t0_translation_rmse_100": 3.246091604232788
    },
    "stats_list": [
      {
        "psnr": 28.791414260864258,
        "distortion": 0.017400216311216354,
        "rotation_rmse": 0.012238721363246441,
        "translation_rmse_100": 0.02054433524608612,
        "t_final": [
          [
            [
              0.791015625,
              -0.078857421875,
              0.60693359375,
              -0.2480211704969406
            ],
            [
              0.356689453125,
              0.865234375,
              -0.352294921875,
              -0.06826702505350113
            ],
            [
              -0.497314453125,
              0.4951171875,
              0.71240234375,
              -0.1973726898431778
            ]
          ]
        ],
        "t0_rotation_rmse": 1.4442988634109497,
        "t0_translation_rmse_100": 3.246091604232788
      }
    ]
  },
  "trex_30_70_even_odd": {
    "best": {
      "psnr": 27.01308822631836,
      "distortion": 0.0169276911765337,
      "rotation_rmse": 0.01295224018394947,
      "translation_rmse_100": 0.018933629617094994,
      "t_final": [
        [
          [
            0.79052734375,
            -0.07861328125,
            0.60693359375,
            -0.24795368313789368
          ],
          [
            0.3564453125,
            0.865234375,
            -0.35205078125,
            -0.06815412640571594
          ],
          [
            -0.497802734375,
            0.494384765625,
            0.71240234375,
            -0.19740328192710876
          ]
        ]
      ],
      "t0_rotation_rmse": 1.7430680990219116,
      "t0_translation_rmse_100": 1.3781030178070068
    },
    "stats_list": [
      {
        "psnr": 27.01308822631836,
        "distortion": 0.0169276911765337,
        "rotation_rmse": 0.01295224018394947,
        "translation_rmse_100": 0.018933629617094994,
        "t_final": [
          [
            [
              0.79052734375,
              -0.07861328125,
              0.60693359375,
              -0.24795368313789368
            ],
            [
              0.3564453125,
              0.865234375,
              -0.35205078125,
              -0.06815412640571594
            ],
            [
              -0.497802734375,
              0.494384765625,
              0.71240234375,
              -0.19740328192710876
            ]
          ]
        ],
        "t0_rotation_rmse": 1.7430680990219116,
        "t0_translation_rmse_100": 1.3781030178070068
      }
    ]
  },
  "trex_50_50": {
    "best": {
      "psnr": 24.403059005737305,
      "distortion": 0.020008115097880363,
      "rotation_rmse": 0.01050442922860384,
      "translation_rmse_100": 0.010234297253191471,
      "t_final": [
        [
          [
            0.791015625,
            -0.078857421875,
            0.60693359375,
            -0.2476051300764084
          ],
          [
            0.3564453125,
            0.865234375,
            -0.352294921875,
            -0.06834785640239716
          ],
          [
            -0.497314453125,
            0.494873046875,
            0.71240234375,
            -0.1972816288471222
          ]
        ]
      ],
      "t0_rotation_rmse": 3.5331318378448486,
      "t0_translation_rmse_100": 1.1762566566467285
    },
    "stats_list": [
      {
        "psnr": 24.403059005737305,
        "distortion": 0.020008115097880363,
        "rotation_rmse": 0.01050442922860384,
        "translation_rmse_100": 0.010234297253191471,
        "t_final": [
          [
            [
              0.791015625,
              -0.078857421875,
              0.60693359375,
              -0.2476051300764084
            ],
            [
              0.3564453125,
              0.865234375,
              -0.352294921875,
              -0.06834785640239716
            ],
            [
              -0.497314453125,
              0.494873046875,
              0.71240234375,
              -0.1972816288471222
            ]
          ]
        ],
        "t0_rotation_rmse": 3.5331318378448486,
        "t0_translation_rmse_100": 1.1762566566467285
      }
    ]
  }
}