{
  "F_15_C_Jungle_Camo16c6": {
    "best": {
      "psnr": 22.68671417236328,
      "distortion": 0.000755359826143831,
      "rotation_rmse": 0.8528332954281689,
      "translation_rmse_100": 0.08002966642379761,
      "t_final": [
        [
          [
            0.11474609375,
            -0.525390625,
            0.84326171875,
            -0.06598778069019318
          ],
          [
            -0.68896484375,
            0.56884765625,
            0.448486328125,
            -0.027882307767868042
          ],
          [
            -0.71484375,
            -0.6328125,
            -0.29736328125,
            0.10037488490343094
          ]
        ]
      ],
      "t0_rotation_rmse": 3.026835587212643,
      "t0_translation_rmse_100": 0.819476306438446
    },
    "stats_list": [
      {
        "psnr": 22.68671417236328,
        "distortion": 0.000755359826143831,
        "rotation_rmse": 0.8528332954281689,
        "translation_rmse_100": 0.08002966642379761,
        "t_final": [
          [
            [
              0.11474609375,
              -0.525390625,
              0.84326171875,
              -0.06598778069019318
            ],
            [
              -0.68896484375,
              0.56884765625,
              0.448486328125,
              -0.027882307767868042
            ],
            [
              -0.71484375,
              -0.6328125,
              -0.29736328125,
              0.10037488490343094
            ]
          ]
        ],
        "t0_rotation_rmse": 3.026835587212643,
        "t0_translation_rmse_100": 0.819476306438446
      }
    ]
  },
  "Hl_Maximilian09f0": {
    "best": {
      "psnr": 23.184158325195312,
      "distortion": 0.0009580000769346952,
      "rotation_rmse": 1.132181052358428,
      "translation_rmse_100": 0.11541247367858887,
      "t_final": [
        [
          [
            0.281982421875,
            0.59326171875,
            -0.75390625,
            -0.06975454092025757
          ],
          [
            0.2225341796875,
            -0.8046875,
            -0.55029296875,
            -0.14668986201286316
          ],
          [
            -0.93310546875,
            -0.01270294189453125,
            -0.35888671875,
            -0.02059043012559414
          ]
        ]
      ],
      "t0_rotation_rmse": 27.785096451277834,
      "t0_translation_rmse_100": 7.929020881652832
    },
    "stats_list": [
      {
        "psnr": 23.184158325195312,
        "distortion": 0.0009580000769346952,
        "rotation_rmse": 1.132181052358428,
        "translation_rmse_100": 0.11541247367858887,
        "t_final": [
          [
            [
              0.281982421875,
              0.59326171875,
              -0.75390625,
              -0.06975454092025757
            ],
            [
              0.2225341796875,
              -0.8046875,
              -0.55029296875,
              -0.14668986201286316
            ],
            [
              -0.93310546875,
              -0.01270294189453125,
              -0.35888671875,
              -0.02059043012559414
            ]
          ]
        ],
        "t0_rotation_rmse": 27.785096451277834,
        "t0_translation_rmse_100": 7.929020881652832
      }
    ]
  },
  "MiG_23_Desert_Camo089f": {
    "best": {
      "psnr": 19.73995590209961,
      "distortion": 0.0011141437571495771,
      "rotation_rmse": 1.269806091063618,
      "translation_rmse_100": 0.08351355791091919,
      "t_final": [
        [
          [
            -0.8427734375,
            -0.3271484375,
            -0.427490234375,
            -0.24879242479801178
          ],
          [
            0.5087890625,
            -0.2244873046875,
            -0.83056640625,
            0.0962136909365654
          ],
          [
            0.17578125,
            -0.91796875,
            0.35546875,
            -0.4538975954055786
          ]
        ]
      ],
      "t0_rotation_rmse": 4.571030217615939,
      "t0_translation_rmse_100": 0.11017769575119019
    },
    "stats_list": [
      {
        "psnr": 19.73995590209961,
        "distortion": 0.0011141437571495771,
        "rotation_rmse": 1.269806091063618,
        "translation_rmse_100": 0.08351355791091919,
        "t_final": [
          [
            [
              -0.8427734375,
              -0.3271484375,
              -0.427490234375,
              -0.24879242479801178
            ],
            [
              0.5087890625,
              -0.2244873046875,
              -0.83056640625,
              0.0962136909365654
            ],
            [
              0.17578125,
              -0.91796875,
              0.35546875,
              -0.4538975954055786
            ]
          ]
        ],
        "t0_rotation_rmse": 4.571030217615939,
        "t0_translation_rmse_100": 0.11017769575119019
      }
    ]
  },
  "Tolix_Industrial_Chairs3f2d": {
    "best": {
      "psnr": 8.783072471618652,
      "distortion": 0.005585894919931889,
      "rotation_rmse": 90.4362504491434,
      "translation_rmse_100": 8.487821578979492,
      "t_final": [
        [
          [
            0.7939453125,
            -0.1920166015625,
            0.5771484375,
            0.014559783041477203
          ],
          [
            -0.390380859375,
            -0.88818359375,
            0.2412109375,
            0.07204882055521011
          ],
          [
            0.466552734375,
            -0.416748046875,
            -0.7802734375,
            -0.05108132213354111
          ]
        ]
      ],
      "t0_rotation_rmse": 78.36454245439967,
      "t0_translation_rmse_100": 0.014375895261764526
    },
    "stats_list": [
      {
        "psnr": 8.783072471618652,
        "distortion": 0.005585894919931889,
        "rotation_rmse": 90.4362504491434,
        "translation_rmse_100": 8.487821578979492,
        "t_final": [
          [
            [
              0.7939453125,
              -0.1920166015625,
              0.5771484375,
              0.014559783041477203
            ],
            [
              -0.390380859375,
              -0.88818359375,
              0.2412109375,
              0.07204882055521011
            ],
            [
              0.466552734375,
              -0.416748046875,
              -0.7802734375,
              -0.05108132213354111
            ]
          ]
        ],
        "t0_rotation_rmse": 78.36454245439967,
        "t0_translation_rmse_100": 0.014375895261764526
      }
    ]
  },
  "Procedural_Bananas3a07": {
    "best": {
      "psnr": 24.900135040283203,
      "distortion": 0.0006321294931694865,
      "rotation_rmse": 0.6778013241628956,
      "translation_rmse_100": 0.3249660134315491,
      "t_final": [
        [
          [
            0.9765625,
            -0.21142578125,
            -0.0435791015625,
            0.12445072829723358
          ],
          [
            -0.2117919921875,
            -0.89990234375,
            -0.381591796875,
            0.08229891955852509
          ],
          [
            0.041473388671875,
            0.3818359375,
            -0.9228515625,
            0.15725204348564148
          ]
        ]
      ],
      "t0_rotation_rmse": 3.2967229484427274,
      "t0_translation_rmse_100": 3.1646265983581543
    },
    "stats_list": [
      {
        "psnr": 24.900135040283203,
        "distortion": 0.0006321294931694865,
        "rotation_rmse": 0.6778013241628956,
        "translation_rmse_100": 0.3249660134315491,
        "t_final": [
          [
            [
              0.9765625,
              -0.21142578125,
              -0.0435791015625,
              0.12445072829723358
            ],
            [
              -0.2117919921875,
              -0.89990234375,
              -0.381591796875,
              0.08229891955852509
            ],
            [
              0.041473388671875,
              0.3818359375,
              -0.9228515625,
              0.15725204348564148
            ]
          ]
        ],
        "t0_rotation_rmse": 3.2967229484427274,
        "t0_translation_rmse_100": 3.1646265983581543
      }
    ]
  },
  "Banana_for_scale0a07": {
    "best": {
      "psnr": 22.05308723449707,
      "distortion": 0.0003182347281835973,
      "rotation_rmse": 2.886696179451958,
      "translation_rmse_100": 0.268729031085968,
      "t_final": [
        [
          [
            0.82666015625,
            -0.5419921875,
            0.1531982421875,
            0.14878138899803162
          ],
          [
            -0.560546875,
            -0.81591796875,
            0.1414794921875,
            -0.06544185429811478
          ],
          [
            0.04840087890625,
            -0.202880859375,
            -0.97802734375,
            0.06824739277362823
          ]
        ]
      ],
      "t0_rotation_rmse": 1.8250116225674005,
      "t0_translation_rmse_100": 0.29301196336746216
    },
    "stats_list": [
      {
        "psnr": 22.05308723449707,
        "distortion": 0.0003182347281835973,
        "rotation_rmse": 2.886696179451958,
        "translation_rmse_100": 0.268729031085968,
        "t_final": [
          [
            [
              0.82666015625,
              -0.5419921875,
              0.1531982421875,
              0.14878138899803162
            ],
            [
              -0.560546875,
              -0.81591796875,
              0.1414794921875,
              -0.06544185429811478
            ],
            [
              0.04840087890625,
              -0.202880859375,
              -0.97802734375,
              0.06824739277362823
            ]
          ]
        ],
        "t0_rotation_rmse": 1.8250116225674005,
        "t0_translation_rmse_100": 0.29301196336746216
      }
    ]
  },
  "PB170_Sneaker_Sm18c3": {
    "best": {
      "psnr": 24.589651107788086,
      "distortion": 0.0011086149606853724,
      "rotation_rmse": 0.02562345176980362,
      "translation_rmse_100": 0.03237277269363403,
      "t_final": [
        [
          [
            0.6240234375,
            -0.7353515625,
            0.263671875,
            0.1392674446105957
          ],
          [
            0.72900390625,
            0.669921875,
            0.1402587890625,
            0.012106306850910187
          ],
          [
            -0.27978515625,
            0.104736328125,
            0.95458984375,
            0.3302278518676758
          ]
        ]
      ],
      "t0_rotation_rmse": 4.526449613101494,
      "t0_translation_rmse_100": 1.2730166912078857
    },
    "stats_list": [
      {
        "psnr": 24.589651107788086,
        "distortion": 0.0011086149606853724,
        "rotation_rmse": 0.02562345176980362,
        "translation_rmse_100": 0.03237277269363403,
        "t_final": [
          [
            [
              0.6240234375,
              -0.7353515625,
              0.263671875,
              0.1392674446105957
            ],
            [
              0.72900390625,
              0.669921875,
              0.1402587890625,
              0.012106306850910187
            ],
            [
              -0.27978515625,
              0.104736328125,
              0.95458984375,
              0.3302278518676758
            ]
          ]
        ],
        "t0_rotation_rmse": 4.526449613101494,
        "t0_translation_rmse_100": 1.2730166912078857
      }
    ]
  },
  "Acoustic_Guitar0aa0": {
    "best": {
      "psnr": 22.156768798828125,
      "distortion": 0.0005809788126498461,
      "rotation_rmse": 0.8034239467493786,
      "translation_rmse_100": 0.24945810437202454,
      "t_final": [
        [
          [
            0.6904296875,
            -0.18017578125,
            -0.7001953125,
            0.0906582921743393
          ],
          [
            0.1109619140625,
            0.9833984375,
            -0.1436767578125,
            -0.012292619794607162
          ],
          [
            0.71484375,
            0.0214385986328125,
            0.69921875,
            0.18910853564739227
          ]
        ]
      ],
      "t0_rotation_rmse": 2.3328257379717123,
      "t0_translation_rmse_100": 7.988716125488281
    },
    "stats_list": [
      {
        "psnr": 22.156768798828125,
        "distortion": 0.0005809788126498461,
        "rotation_rmse": 0.8034239467493786,
        "translation_rmse_100": 0.24945810437202454,
        "t_final": [
          [
            [
              0.6904296875,
              -0.18017578125,
              -0.7001953125,
              0.0906582921743393
            ],
            [
              0.1109619140625,
              0.9833984375,
              -0.1436767578125,
              -0.012292619794607162
            ],
            [
              0.71484375,
              0.0214385986328125,
              0.69921875,
              0.18910853564739227
            ]
          ]
        ],
        "t0_rotation_rmse": 2.3328257379717123,
        "t0_translation_rmse_100": 7.988716125488281
      }
    ]
  },
  "Banana_3D_Scan2373": {
    "best": {
      "psnr": 21.289562225341797,
      "distortion": 0.0007719489512965083,
      "rotation_rmse": 3.9691148500900875,
      "translation_rmse_100": 0.3680609166622162,
      "t_final": [
        [
          [
            -0.74365234375,
            0.5791015625,
            -0.334228515625,
            -0.0948423221707344
          ],
          [
            0.6689453125,
            0.63623046875,
            -0.38427734375,
            0.5034165978431702
          ],
          [
            -0.01015472412109375,
            -0.50927734375,
            -0.86083984375,
            0.14900389313697815
          ]
        ]
      ],
      "t0_rotation_rmse": 5.289557018139158,
      "t0_translation_rmse_100": 0.9436987638473511
    },
    "stats_list": [
      {
        "psnr": 21.289562225341797,
        "distortion": 0.0007719489512965083,
        "rotation_rmse": 3.9691148500900875,
        "translation_rmse_100": 0.3680609166622162,
        "t_final": [
          [
            [
              -0.74365234375,
              0.5791015625,
              -0.334228515625,
              -0.0948423221707344
            ],
            [
              0.6689453125,
              0.63623046875,
              -0.38427734375,
              0.5034165978431702
            ],
            [
              -0.01015472412109375,
              -0.50927734375,
              -0.86083984375,
              0.14900389313697815
            ]
          ]
        ],
        "t0_rotation_rmse": 5.289557018139158,
        "t0_translation_rmse_100": 0.9436987638473511
      }
    ]
  },
  "Test_Model15b4": {
    "best": {
      "psnr": 15.577016830444336,
      "distortion": 0.0007600083481520414,
      "rotation_rmse": 0.02562345176980362,
      "translation_rmse_100": 0.3462105989456177,
      "t_final": [
        [
          [
            0.93701171875,
            0.1768798828125,
            -0.30126953125,
            0.32136237621307373
          ],
          [
            -0.09075927734375,
            0.95654296875,
            0.279052734375,
            -0.3920324444770813
          ],
          [
            0.33740234375,
            -0.234130859375,
            0.91162109375,
            0.428874135017395
          ]
        ]
      ],
      "t0_rotation_rmse": 1.410631372926823,
      "t0_translation_rmse_100": 2.454975128173828
    },
    "stats_list": [
      {
        "psnr": 15.577016830444336,
        "distortion": 0.0007600083481520414,
        "rotation_rmse": 0.02562345176980362,
        "translation_rmse_100": 0.3462105989456177,
        "t_final": [
          [
            [
              0.93701171875,
              0.1768798828125,
              -0.30126953125,
              0.32136237621307373
            ],
            [
              -0.09075927734375,
              0.95654296875,
              0.279052734375,
              -0.3920324444770813
            ],
            [
              0.33740234375,
              -0.234130859375,
              0.91162109375,
              0.428874135017395
            ]
          ]
        ],
        "t0_rotation_rmse": 1.410631372926823,
        "t0_translation_rmse_100": 2.454975128173828
      }
    ]
  },
  "Hunter_Boy_With_Rabbit_Figurine0a5b": {
    "best": {
      "psnr": 20.198720932006836,
      "distortion": 0.001063841744326055,
      "rotation_rmse": 1.4886431848583677,
      "translation_rmse_100": 0.02200901508331299,
      "t_final": [
        [
          [
            0.84033203125,
            -0.47509765625,
            -0.26025390625,
            0.30058977007865906
          ],
          [
            0.058502197265625,
            -0.39794921875,
            0.91552734375,
            -0.03200589865446091
          ],
          [
            -0.5380859375,
            -0.78466796875,
            -0.306640625,
            0.026812942698597908
          ]
        ]
      ],
      "t0_rotation_rmse": 6.827050523693328,
      "t0_translation_rmse_100": 1.254919171333313
    },
    "stats_list": [
      {
        "psnr": 20.198720932006836,
        "distortion": 0.001063841744326055,
        "rotation_rmse": 1.4886431848583677,
        "translation_rmse_100": 0.02200901508331299,
        "t_final": [
          [
            [
              0.84033203125,
              -0.47509765625,
              -0.26025390625,
              0.30058977007865906
            ],
            [
              0.058502197265625,
              -0.39794921875,
              0.91552734375,
              -0.03200589865446091
            ],
            [
              -0.5380859375,
              -0.78466796875,
              -0.306640625,
              0.026812942698597908
            ]
          ]
        ],
        "t0_rotation_rmse": 6.827050523693328,
        "t0_translation_rmse_100": 1.254919171333313
      }
    ]
  },
  "Elephant1608": {
    "best": {
      "psnr": 16.54511260986328,
      "distortion": 0.001328548532910645,
      "rotation_rmse": 2.7177114767613455,
      "translation_rmse_100": 1.427033543586731,
      "t_final": [
        [
          [
            -0.043731689453125,
            0.55419921875,
            0.8310546875,
            -0.3861514627933502
          ],
          [
            0.460693359375,
            0.74951171875,
            -0.475341796875,
            -0.262844979763031
          ],
          [
            -0.88623046875,
            0.3623046875,
            -0.2880859375,
            -0.36958515644073486
          ]
        ]
      ],
      "t0_rotation_rmse": 7.934356259276283,
      "t0_translation_rmse_100": 1.536223292350769
    },
    "stats_list": [
      {
        "psnr": 16.54511260986328,
        "distortion": 0.001328548532910645,
        "rotation_rmse": 2.7177114767613455,
        "translation_rmse_100": 1.427033543586731,
        "t_final": [
          [
            [
              -0.043731689453125,
              0.55419921875,
              0.8310546875,
              -0.3861514627933502
            ],
            [
              0.460693359375,
              0.74951171875,
              -0.475341796875,
              -0.262844979763031
            ],
            [
              -0.88623046875,
              0.3623046875,
              -0.2880859375,
              -0.36958515644073486
            ]
          ]
        ],
        "t0_rotation_rmse": 7.934356259276283,
        "t0_translation_rmse_100": 1.536223292350769
      }
    ]
  },
  "Ornate_Medieval_Shield22a7": {
    "best": {
      "psnr": 9.628973960876465,
      "distortion": 0.002318368060514331,
      "rotation_rmse": 2.8521629871468988,
      "translation_rmse_100": 2.6117589473724365,
      "t_final": [
        [
          [
            0.93408203125,
            0.311767578125,
            -0.173583984375,
            0.013993795961141586
          ],
          [
            0.25048828125,
            -0.226318359375,
            0.94189453125,
            0.3789401352405548
          ],
          [
            0.254150390625,
            -0.9228515625,
            -0.28955078125,
            0.38366129994392395
          ]
        ]
      ],
      "t0_rotation_rmse": 1.7446512832949208,
      "t0_translation_rmse_100": 1.2944910526275635
    },
    "stats_list": [
      {
        "psnr": 9.628973960876465,
        "distortion": 0.002318368060514331,
        "rotation_rmse": 2.8521629871468988,
        "translation_rmse_100": 2.6117589473724365,
        "t_final": [
          [
            [
              0.93408203125,
              0.311767578125,
              -0.173583984375,
              0.013993795961141586
            ],
            [
              0.25048828125,
              -0.226318359375,
              0.94189453125,
              0.3789401352405548
            ],
            [
              0.254150390625,
              -0.9228515625,
              -0.28955078125,
              0.38366129994392395
            ]
          ]
        ],
        "t0_rotation_rmse": 1.7446512832949208,
        "t0_translation_rmse_100": 1.2944910526275635
      }
    ]
  },
  "Vikings_shield_and_axe1973": {
    "best": {
      "psnr": 14.255570411682129,
      "distortion": 0.0007591949542984366,
      "rotation_rmse": 1.2420612102950852,
      "translation_rmse_100": 0.8448809385299683,
      "t_final": [
        [
          [
            -0.10321044921875,
            -0.98046875,
            0.1669921875,
            0.39004722237586975
          ],
          [
            0.311767578125,
            -0.1912841796875,
            -0.9306640625,
            0.3380400240421295
          ],
          [
            0.9443359375,
            -0.043975830078125,
            0.325439453125,
            0.2428244948387146
          ]
        ]
      ],
      "t0_rotation_rmse": 2.73664844886868,
      "t0_translation_rmse_100": 1.9412249326705933
    },
    "stats_list": [
      {
        "psnr": 14.255570411682129,
        "distortion": 0.0007591949542984366,
        "rotation_rmse": 1.2420612102950852,
        "translation_rmse_100": 0.8448809385299683,
        "t_final": [
          [
            [
              -0.10321044921875,
              -0.98046875,
              0.1669921875,
              0.39004722237586975
            ],
            [
              0.311767578125,
              -0.1912841796875,
              -0.9306640625,
              0.3380400240421295
            ],
            [
              0.9443359375,
              -0.043975830078125,
              0.325439453125,
              0.2428244948387146
            ]
          ]
        ],
        "t0_rotation_rmse": 2.73664844886868,
        "t0_translation_rmse_100": 1.9412249326705933
      }
    ]
  },
  "Xbox_360_Controller0866": {
    "best": {
      "psnr": 17.72763442993164,
      "distortion": 0.0013747720513492823,
      "rotation_rmse": 1.866006670720578,
      "translation_rmse_100": 1.935666799545288,
      "t_final": [
        [
          [
            -0.06805419921875,
            0.6611328125,
            -0.7470703125,
            0.06711909919977188
          ],
          [
            0.52197265625,
            0.662109375,
            0.5380859375,
            -0.07170714437961578
          ],
          [
            0.8505859375,
            -0.35302734375,
            -0.39013671875,
            0.45933857560157776
          ]
        ]
      ],
      "t0_rotation_rmse": 3.1469843766674788,
      "t0_translation_rmse_100": 0.5127847194671631
    },
    "stats_list": [
      {
        "psnr": 17.72763442993164,
        "distortion": 0.0013747720513492823,
        "rotation_rmse": 1.866006670720578,
        "translation_rmse_100": 1.935666799545288,
        "t_final": [
          [
            [
              -0.06805419921875,
              0.6611328125,
              -0.7470703125,
              0.06711909919977188
            ],
            [
              0.52197265625,
              0.662109375,
              0.5380859375,
              -0.07170714437961578
            ],
            [
              0.8505859375,
              -0.35302734375,
              -0.39013671875,
              0.45933857560157776
            ]
          ]
        ],
        "t0_rotation_rmse": 3.1469843766674788,
        "t0_translation_rmse_100": 0.5127847194671631
      }
    ]
  },
  "Petroleum_lamp0230": {
    "best": {
      "psnr": 20.099685668945312,
      "distortion": 0.0014209498185664415,
      "rotation_rmse": 1.3426457748218177,
      "translation_rmse_100": 0.07483065128326416,
      "t_final": [
        [
          [
            -0.169921875,
            -0.5283203125,
            0.83154296875,
            0.3863317668437958
          ],
          [
            -0.6728515625,
            0.6787109375,
            0.293701171875,
            -0.18863417208194733
          ],
          [
            -0.72021484375,
            -0.509765625,
            -0.470703125,
            -0.036206334829330444
          ]
        ]
      ],
      "t0_rotation_rmse": 4.697455346915359,
      "t0_translation_rmse_100": 1.0033279657363892
    },
    "stats_list": [
      {
        "psnr": 20.099685668945312,
        "distortion": 0.0014209498185664415,
        "rotation_rmse": 1.3426457748218177,
        "translation_rmse_100": 0.07483065128326416,
        "t_final": [
          [
            [
              -0.169921875,
              -0.5283203125,
              0.83154296875,
              0.3863317668437958
            ],
            [
              -0.6728515625,
              0.6787109375,
              0.293701171875,
              -0.18863417208194733
            ],
            [
              -0.72021484375,
              -0.509765625,
              -0.470703125,
              -0.036206334829330444
            ]
          ]
        ],
        "t0_rotation_rmse": 4.697455346915359,
        "t0_translation_rmse_100": 1.0033279657363892
      }
    ]
  },
  "26851W_Odeon_Lightab66": {
    "best": {
      "psnr": 16.276424407958984,
      "distortion": 0.0012586547527462244,
      "rotation_rmse": 0.02562345176980362,
      "translation_rmse_100": 0.9420156478881836,
      "t_final": [
        [
          [
            -0.8427734375,
            -0.21435546875,
            -0.494140625,
            0.07530879974365234
          ],
          [
            -0.406982421875,
            -0.34765625,
            0.84521484375,
            0.335235059261322
          ],
          [
            -0.35302734375,
            0.9130859375,
            0.2056884765625,
            -0.3102726936340332
          ]
        ]
      ],
      "t0_rotation_rmse": 3.87267266284556,
      "t0_translation_rmse_100": 1.4505624771118164
    },
    "stats_list": [
      {
        "psnr": 16.276424407958984,
        "distortion": 0.0012586547527462244,
        "rotation_rmse": 0.02562345176980362,
        "translation_rmse_100": 0.9420156478881836,
        "t_final": [
          [
            [
              -0.8427734375,
              -0.21435546875,
              -0.494140625,
              0.07530879974365234
            ],
            [
              -0.406982421875,
              -0.34765625,
              0.84521484375,
              0.335235059261322
            ],
            [
              -0.35302734375,
              0.9130859375,
              0.2056884765625,
              -0.3102726936340332
            ]
          ]
        ],
        "t0_rotation_rmse": 3.87267266284556,
        "t0_translation_rmse_100": 1.4505624771118164
      }
    ]
  },
  "Teddy1b47": {
    "best": {
      "psnr": 18.450693130493164,
      "distortion": 0.0014008794678375125,
      "rotation_rmse": 6.063071191179008,
      "translation_rmse_100": 6.108278751373291,
      "t_final": [
        [
          [
            0.23681640625,
            -0.03399658203125,
            0.970703125,
            0.04596635699272156
          ],
          [
            -0.67626953125,
            -0.72314453125,
            0.1396484375,
            -0.1747647374868393
          ],
          [
            0.697265625,
            -0.68994140625,
            -0.1942138671875,
            -0.2318112999200821
          ]
        ]
      ],
      "t0_rotation_rmse": 5.888174848531551,
      "t0_translation_rmse_100": 1.917844295501709
    },
    "stats_list": [
      {
        "psnr": 18.450693130493164,
        "distortion": 0.0014008794678375125,
        "rotation_rmse": 6.063071191179008,
        "translation_rmse_100": 6.108278751373291,
        "t_final": [
          [
            [
              0.23681640625,
              -0.03399658203125,
              0.970703125,
              0.04596635699272156
            ],
            [
              -0.67626953125,
              -0.72314453125,
              0.1396484375,
              -0.1747647374868393
            ],
            [
              0.697265625,
              -0.68994140625,
              -0.1942138671875,
              -0.2318112999200821
            ]
          ]
        ],
        "t0_rotation_rmse": 5.888174848531551,
        "t0_translation_rmse_100": 1.917844295501709
      }
    ]
  },
  "Figura_San_Juan260d": {
    "best": {
      "psnr": 19.167688369750977,
      "distortion": 0.0006810321356169879,
      "rotation_rmse": 0.749493166688984,
      "translation_rmse_100": 0.47026723623275757,
      "t_final": [
        [
          [
            0.6875,
            0.513671875,
            -0.51318359375,
            -0.15740200877189636
          ],
          [
            0.72607421875,
            -0.494384765625,
            0.477783203125,
            -0.00247742235660553
          ],
          [
            -0.00850677490234375,
            -0.701171875,
            -0.712890625,
            0.02105392888188362
          ]
        ]
      ],
      "t0_rotation_rmse": 10.449028372404275,
      "t0_translation_rmse_100": 1.7489538192749023
    },
    "stats_list": [
      {
        "psnr": 19.167688369750977,
        "distortion": 0.0006810321356169879,
        "rotation_rmse": 0.749493166688984,
        "translation_rmse_100": 0.47026723623275757,
        "t_final": [
          [
            [
              0.6875,
              0.513671875,
              -0.51318359375,
              -0.15740200877189636
            ],
            [
              0.72607421875,
              -0.494384765625,
              0.477783203125,
              -0.00247742235660553
            ],
            [
              -0.00850677490234375,
              -0.701171875,
              -0.712890625,
              0.02105392888188362
            ]
          ]
        ],
        "t0_rotation_rmse": 10.449028372404275,
        "t0_translation_rmse_100": 1.7489538192749023
      }
    ]
  },
  "Stylized_Skateboard10c7": {
    "best": {
      "psnr": 20.582988739013672,
      "distortion": 0.0021462892182171345,
      "rotation_rmse": 179.9743765482302,
      "translation_rmse_100": 1.7701029777526855,
      "t_final": [
        [
          [
            -0.63525390625,
            -0.646484375,
            0.422607421875,
            -0.3085169792175293
          ],
          [
            -0.67041015625,
            0.1903076171875,
            -0.716796875,
            0.13965319097042084
          ],
          [
            0.383056640625,
            -0.7392578125,
            -0.5546875,
            0.19283314049243927
          ]
        ]
      ],
      "t0_rotation_rmse": 178.94397986403047,
      "t0_translation_rmse_100": 4.4800639152526855
    },
    "stats_list": [
      {
        "psnr": 20.582988739013672,
        "distortion": 0.0021462892182171345,
        "rotation_rmse": 179.9743765482302,
        "translation_rmse_100": 1.7701029777526855,
        "t_final": [
          [
            [
              -0.63525390625,
              -0.646484375,
              0.422607421875,
              -0.3085169792175293
            ],
            [
              -0.67041015625,
              0.1903076171875,
              -0.716796875,
              0.13965319097042084
            ],
            [
              0.383056640625,
              -0.7392578125,
              -0.5546875,
              0.19283314049243927
            ]
          ]
        ],
        "t0_rotation_rmse": 178.94397986403047,
        "t0_translation_rmse_100": 4.4800639152526855
      }
    ]
  },
  "Lantern0231": {
    "best": {
      "psnr": 20.199525833129883,
      "distortion": 0.0009570125839672983,
      "rotation_rmse": 178.8510671632649,
      "translation_rmse_100": 35.19499969482422,
      "t_final": [
        [
          [
            0.01155853271484375,
            -0.52685546875,
            0.849609375,
            -0.03073960915207863
          ],
          [
            0.99853515625,
            -0.03839111328125,
            -0.03741455078125,
            -0.04721789062023163
          ],
          [
            0.05230712890625,
            0.8486328125,
            0.5263671875,
            -0.17675529420375824
          ]
        ]
      ],
      "t0_rotation_rmse": 177.45282229713487,
      "t0_translation_rmse_100": 36.80327606201172
    },
    "stats_list": [
      {
        "psnr": 20.199525833129883,
        "distortion": 0.0009570125839672983,
        "rotation_rmse": 178.8510671632649,
        "translation_rmse_100": 35.19499969482422,
        "t_final": [
          [
            [
              0.01155853271484375,
              -0.52685546875,
              0.849609375,
              -0.03073960915207863
            ],
            [
              0.99853515625,
              -0.03839111328125,
              -0.03741455078125,
              -0.04721789062023163
            ],
            [
              0.05230712890625,
              0.8486328125,
              0.5263671875,
              -0.17675529420375824
            ]
          ]
        ],
        "t0_rotation_rmse": 177.45282229713487,
        "t0_translation_rmse_100": 36.80327606201172
      }
    ]
  },
  "model_New_Qlone183a": {
    "best": {
      "psnr": 20.07628631591797,
      "distortion": 0.0011085383594036102,
      "rotation_rmse": 0.02562345176980362,
      "translation_rmse_100": 0.4992610812187195,
      "t_final": [
        [
          [
            0.7001953125,
            -0.48876953125,
            0.5205078125,
            0.0060483962297439575
          ],
          [
            -0.275390625,
            -0.857421875,
            -0.434814453125,
            -0.013141389936208725
          ],
          [
            0.6591796875,
            0.1611328125,
            -0.73486328125,
            -0.081069715321064
          ]
        ]
      ],
      "t0_rotation_rmse": 0.25675245179406403,
      "t0_translation_rmse_100": 2.6400692462921143
    },
    "stats_list": [
      {
        "psnr": 20.07628631591797,
        "distortion": 0.0011085383594036102,
        "rotation_rmse": 0.02562345176980362,
        "translation_rmse_100": 0.4992610812187195,
        "t_final": [
          [
            [
              0.7001953125,
              -0.48876953125,
              0.5205078125,
              0.0060483962297439575
            ],
            [
              -0.275390625,
              -0.857421875,
              -0.434814453125,
              -0.013141389936208725
            ],
            [
              0.6591796875,
              0.1611328125,
              -0.73486328125,
              -0.081069715321064
            ]
          ]
        ],
        "t0_rotation_rmse": 0.25675245179406403,
        "t0_translation_rmse_100": 2.6400692462921143
      }
    ]
  },
  "FireHydrant_Fortnite_Style_0152": {
    "best": {
      "psnr": 19.33063316345215,
      "distortion": 0.000986480270512402,
      "rotation_rmse": 0.9865901616331163,
      "translation_rmse_100": 1.0431915521621704,
      "t_final": [
        [
          [
            0.91162109375,
            -0.399658203125,
            0.09527587890625,
            -0.06662052869796753
          ],
          [
            0.40771484375,
            0.85009765625,
            -0.333740234375,
            0.2727612853050232
          ],
          [
            0.052490234375,
            0.34326171875,
            0.9375,
            -0.035407524555921555
          ]
        ]
      ],
      "t0_rotation_rmse": 3.6025489025534085,
      "t0_translation_rmse_100": 1.9114166498184204
    },
    "stats_list": [
      {
        "psnr": 19.33063316345215,
        "distortion": 0.000986480270512402,
        "rotation_rmse": 0.9865901616331163,
        "translation_rmse_100": 1.0431915521621704,
        "t_final": [
          [
            [
              0.91162109375,
              -0.399658203125,
              0.09527587890625,
              -0.06662052869796753
            ],
            [
              0.40771484375,
              0.85009765625,
              -0.333740234375,
              0.2727612853050232
            ],
            [
              0.052490234375,
              0.34326171875,
              0.9375,
              -0.035407524555921555
            ]
          ]
        ],
        "t0_rotation_rmse": 3.6025489025534085,
        "t0_translation_rmse_100": 1.9114166498184204
      }
    ]
  },
  "chair_teacher4659": {
    "best": {
      "psnr": 20.46706771850586,
      "distortion": 0.0011353343725204468,
      "rotation_rmse": 0.02562345176980362,
      "translation_rmse_100": 0.02610720694065094,
      "t_final": [
        [
          [
            0.93017578125,
            0.21875,
            -0.295654296875,
            0.06005093455314636
          ],
          [
            0.337890625,
            -0.1900634765625,
            0.921875,
            0.20901425182819366
          ],
          [
            0.1453857421875,
            -0.95751953125,
            -0.250732421875,
            0.0828423947095871
          ]
        ]
      ],
      "t0_rotation_rmse": 2.102800247604615,
      "t0_translation_rmse_100": 1.0076757669448853
    },
    "stats_list": [
      {
        "psnr": 20.46706771850586,
        "distortion": 0.0011353343725204468,
        "rotation_rmse": 0.02562345176980362,
        "translation_rmse_100": 0.02610720694065094,
        "t_final": [
          [
            [
              0.93017578125,
              0.21875,
              -0.295654296875,
              0.06005093455314636
            ],
            [
              0.337890625,
              -0.1900634765625,
              0.921875,
              0.20901425182819366
            ],
            [
              0.1453857421875,
              -0.95751953125,
              -0.250732421875,
              0.0828423947095871
            ]
          ]
        ],
        "t0_rotation_rmse": 2.102800247604615,
        "t0_translation_rmse_100": 1.0076757669448853
      }
    ]
  },
  "Traffic_Cone37b5": {
    "best": {
      "psnr": 26.805992126464844,
      "distortion": 0.0030962438322603703,
      "rotation_rmse": 67.93069206583667,
      "translation_rmse_100": 18.52667999267578,
      "t_final": [
        [
          [
            -0.63916015625,
            -0.7685546875,
            -0.00893402099609375,
            -0.24414139986038208
          ],
          [
            0.73486328125,
            -0.6142578125,
            0.2880859375,
            -0.1495097279548645
          ],
          [
            -0.2269287109375,
            0.177490234375,
            0.95751953125,
            0.46048736572265625
          ]
        ]
      ],
      "t0_rotation_rmse": 59.55335545200401,
      "t0_translation_rmse_100": 21.54334259033203
    },
    "stats_list": [
      {
        "psnr": 26.805992126464844,
        "distortion": 0.0030962438322603703,
        "rotation_rmse": 67.93069206583667,
        "translation_rmse_100": 18.52667999267578,
        "t_final": [
          [
            [
              -0.63916015625,
              -0.7685546875,
              -0.00893402099609375,
              -0.24414139986038208
            ],
