{
  "F_15_C_Jungle_Camo16c6": {
    "best": {
      "psnr": 16.792638778686523,
      "distortion": 0.000932472525164485,
      "rotation_rmse": 1.8571898790011399,
      "translation_rmse_100": 0.960174560546875,
      "t_final": [
        [
          [
            0.1063232421875,
            -0.548828125,
            0.8291015625,
            -0.05558573827147484
          ],
          [
            -0.6728515625,
            0.57373046875,
            0.466552734375,
            -0.024644998833537102
          ],
          [
            -0.73193359375,
            -0.60791015625,
            -0.308837890625,
            0.09528855234384537
          ]
        ]
      ],
      "t0_rotation_rmse": 1.8192051292361613,
      "t0_translation_rmse_100": 0.5035552978515625
    },
    "stats_list": [
      {
        "psnr": 16.792638778686523,
        "distortion": 0.000932472525164485,
        "rotation_rmse": 1.8571898790011399,
        "translation_rmse_100": 0.960174560546875,
        "t_final": [
          [
            [
              0.1063232421875,
              -0.548828125,
              0.8291015625,
              -0.05558573827147484
            ],
            [
              -0.6728515625,
              0.57373046875,
              0.466552734375,
              -0.024644998833537102
            ],
            [
              -0.73193359375,
              -0.60791015625,
              -0.308837890625,
              0.09528855234384537
            ]
          ]
        ],
        "t0_rotation_rmse": 1.8192051292361613,
        "t0_translation_rmse_100": 0.5035552978515625
      }
    ]
  },
  "Hl_Maximilian09f0": {
    "best": {
      "psnr": 15.240657806396484,
      "distortion": 0.001451738877221942,
      "rotation_rmse": 4.874993962758449,
      "translation_rmse_100": 1.1952095031738281,
      "t_final": [
        [
          [
            0.2493896484375,
            0.65966796875,
            -0.708984375,
            -0.08286076039075851
          ],
          [
            0.2568359375,
            -0.7509765625,
            -0.60791015625,
            -0.1289273202419281
          ],
          [
            -0.93359375,
            -0.0305023193359375,
            -0.35693359375,
            0.011466076597571373
          ]
        ]
      ],
      "t0_rotation_rmse": 6.692559385691292,
      "t0_translation_rmse_100": 0.40543749928474426
    },
    "stats_list": [
      {
        "psnr": 15.240657806396484,
        "distortion": 0.001451738877221942,
        "rotation_rmse": 4.874993962758449,
        "translation_rmse_100": 1.1952095031738281,
        "t_final": [
          [
            [
              0.2493896484375,
              0.65966796875,
              -0.708984375,
              -0.08286076039075851
            ],
            [
              0.2568359375,
              -0.7509765625,
              -0.60791015625,
              -0.1289273202419281
            ],
            [
              -0.93359375,
              -0.0305023193359375,
              -0.35693359375,
              0.011466076597571373
            ]
          ]
        ],
        "t0_rotation_rmse": 6.692559385691292,
        "t0_translation_rmse_100": 0.40543749928474426
      }
    ]
  },
  "MiG_23_Desert_Camo089f": {
    "best": {
      "psnr": 11.314123153686523,
      "distortion": 0.0018028211779892445,
      "rotation_rmse": 3.8151775671357377,
      "translation_rmse_100": 3.115555763244629,
      "t_final": [
        [
          [
            -0.806640625,
            -0.337890625,
            -0.485107421875,
            -0.2168017327785492
          ],
          [
            0.564453125,
            -0.1973876953125,
            -0.80126953125,
            0.08334489911794662
          ],
          [
            0.1749267578125,
            -0.92041015625,
            0.35009765625,
            -0.487765908241272
          ]
        ]
      ],
      "t0_rotation_rmse": 3.773725669806354,
      "t0_translation_rmse_100": 3.4211130142211914
    },
    "stats_list": [
      {
        "psnr": 11.314123153686523,
        "distortion": 0.0018028211779892445,
        "rotation_rmse": 3.8151775671357377,
        "translation_rmse_100": 3.115555763244629,
        "t_final": [
          [
            [
              -0.806640625,
              -0.337890625,
              -0.485107421875,
              -0.2168017327785492
            ],
            [
              0.564453125,
              -0.1973876953125,
              -0.80126953125,
              0.08334489911794662
            ],
            [
              0.1749267578125,
              -0.92041015625,
              0.35009765625,
              -0.487765908241272
            ]
          ]
        ],
        "t0_rotation_rmse": 3.773725669806354,
        "t0_translation_rmse_100": 3.4211130142211914
      }
    ]
  },
  "Tolix_Industrial_Chairs3f2d": {
    "best": {
      "psnr": 9.133890151977539,
      "distortion": 0.0025891605764627457,
      "rotation_rmse": 4.731619060625263,
      "translation_rmse_100": 1.5865967273712158,
      "t_final": [
        [
          [
            -0.1646728515625,
            0.1988525390625,
            0.96630859375,
            0.11530396342277527
          ],
          [
            0.5244140625,
            -0.81201171875,
            0.256591796875,
            -0.0035479236394166946
          ],
          [
            0.8359375,
            0.548828125,
            0.0294342041015625,
            -0.07427290081977844
          ]
        ]
      ],
      "t0_rotation_rmse": 5.119497098656997,
      "t0_translation_rmse_100": 4.017321586608887
    },
    "stats_list": [
      {
        "psnr": 9.133890151977539,
        "distortion": 0.0025891605764627457,
        "rotation_rmse": 4.731619060625263,
        "translation_rmse_100": 1.5865967273712158,
        "t_final": [
          [
            [
              -0.1646728515625,
              0.1988525390625,
              0.96630859375,
              0.11530396342277527
            ],
            [
              0.5244140625,
              -0.81201171875,
              0.256591796875,
              -0.0035479236394166946
            ],
            [
              0.8359375,
              0.548828125,
              0.0294342041015625,
              -0.07427290081977844
            ]
          ]
        ],
        "t0_rotation_rmse": 5.119497098656997,
        "t0_translation_rmse_100": 4.017321586608887
      }
    ]
  },
  "Procedural_Bananas3a07": {
    "best": {
      "psnr": 15.513965606689453,
      "distortion": 0.0010103886015713215,
      "rotation_rmse": 3.874909132587734,
      "translation_rmse_100": 3.831408977508545,
      "t_final": [
        [
          [
            0.966796875,
            -0.25537109375,
            -0.004375457763671875,
            0.08938629925251007
          ],
          [
            -0.234619140625,
            -0.88134765625,
            -0.41015625,
            0.12924933433532715
          ],
          [
            0.10089111328125,
            0.3974609375,
            -0.912109375,
            0.15807364881038666
          ]
        ]
      ],
      "t0_rotation_rmse": 3.4094944577105353,
      "t0_translation_rmse_100": 6.562732219696045
    },
    "stats_list": [
      {
        "psnr": 15.513965606689453,
        "distortion": 0.0010103886015713215,
        "rotation_rmse": 3.874909132587734,
        "translation_rmse_100": 3.831408977508545,
        "t_final": [
          [
            [
              0.966796875,
              -0.25537109375,
              -0.004375457763671875,
              0.08938629925251007
            ],
            [
              -0.234619140625,
              -0.88134765625,
              -0.41015625,
              0.12924933433532715
            ],
            [
              0.10089111328125,
              0.3974609375,
              -0.912109375,
              0.15807364881038666
            ]
          ]
        ],
        "t0_rotation_rmse": 3.4094944577105353,
        "t0_translation_rmse_100": 6.562732219696045
      }
    ]
  },
  "Banana_for_scale0a07": {
    "best": {
      "psnr": 17.346723556518555,
      "distortion": 0.0006356198573485017,
      "rotation_rmse": 7.409356150559261,
      "translation_rmse_100": 2.5595412254333496,
      "t_final": [
        [
          [
            0.72705078125,
            -0.65966796875,
            0.190185546875,
            0.12587326765060425
          ],
          [
            -0.67724609375,
            -0.73388671875,
            0.042388916015625,
            -0.02835003286600113
          ],
          [
            0.111572265625,
            -0.1595458984375,
            -0.98095703125,
            0.015464821830391884
          ]
        ]
      ],
      "t0_rotation_rmse": 9.040447025802218,
      "t0_translation_rmse_100": 4.341768264770508
    },
    "stats_list": [
      {
        "psnr": 17.346723556518555,
        "distortion": 0.0006356198573485017,
        "rotation_rmse": 7.409356150559261,
        "translation_rmse_100": 2.5595412254333496,
        "t_final": [
          [
            [
              0.72705078125,
              -0.65966796875,
              0.190185546875,
              0.12587326765060425
            ],
            [
              -0.67724609375,
              -0.73388671875,
              0.042388916015625,
              -0.02835003286600113
            ],
            [
              0.111572265625,
              -0.1595458984375,
              -0.98095703125,
              0.015464821830391884
            ]
          ]
        ],
        "t0_rotation_rmse": 9.040447025802218,
        "t0_translation_rmse_100": 4.341768264770508
      }
    ]
  },
  "PB170_Sneaker_Sm18c3": {
    "best": {
      "psnr": 16.479215621948242,
      "distortion": 0.0017949938774108887,
      "rotation_rmse": 2.2536781527408802,
      "translation_rmse_100": 0.835554301738739,
      "t_final": [
        [
          [
            0.60693359375,
            -0.740234375,
            0.288818359375,
            0.13058817386627197
          ],
          [
            0.73583984375,
            0.66064453125,
            0.1480712890625,
            0.05512705445289612
          ],
          [
            -0.300537109375,
            0.12255859375,
            0.94580078125,
            0.31292328238487244
          ]
        ]
      ],
      "t0_rotation_rmse": 0.9485647574905407,
      "t0_translation_rmse_100": 1.7950608730316162
    },
    "stats_list": [
      {
        "psnr": 16.479215621948242,
        "distortion": 0.0017949938774108887,
        "rotation_rmse": 2.2536781527408802,
        "translation_rmse_100": 0.835554301738739,
        "t_final": [
          [
            [
              0.60693359375,
              -0.740234375,
              0.288818359375,
              0.13058817386627197
            ],
            [
              0.73583984375,
              0.66064453125,
              0.1480712890625,
              0.05512705445289612
            ],
            [
              -0.300537109375,
              0.12255859375,
              0.94580078125,
              0.31292328238487244
            ]
          ]
        ],
        "t0_rotation_rmse": 0.9485647574905407,
        "t0_translation_rmse_100": 1.7950608730316162
      }
    ]
  },
  "Acoustic_Guitar0aa0": {
    "best": {
      "psnr": 12.992862701416016,
      "distortion": 0.0009104398777708411,
      "rotation_rmse": 4.0567688091705865,
      "translation_rmse_100": 3.988224983215332,
      "t_final": [
        [
          [
            0.6455078125,
            -0.1949462890625,
            -0.73876953125,
            0.1280459612607956
          ],
          [
            0.144775390625,
            0.98095703125,
            -0.13232421875,
            0.03466445952653885
          ],
          [
            0.75048828125,
            -0.02154541015625,
            0.6611328125,
            0.16835136711597443
          ]
        ]
      ],
      "t0_rotation_rmse": 4.021381998593288,
      "t0_translation_rmse_100": 5.733830451965332
    },
    "stats_list": [
      {
        "psnr": 12.992862701416016,
        "distortion": 0.0009104398777708411,
        "rotation_rmse": 4.0567688091705865,
        "translation_rmse_100": 3.988224983215332,
        "t_final": [
          [
            [
              0.6455078125,
              -0.1949462890625,
              -0.73876953125,
              0.1280459612607956
            ],
            [
              0.144775390625,
              0.98095703125,
              -0.13232421875,
              0.03466445952653885
            ],
            [
              0.75048828125,
              -0.02154541015625,
              0.6611328125,
              0.16835136711597443
            ]
          ]
        ],
        "t0_rotation_rmse": 4.021381998593288,
        "t0_translation_rmse_100": 5.733830451965332
      }
    ]
  },
  "Banana_3D_Scan2373": {
    "best": {
      "psnr": 14.786778450012207,
      "distortion": 0.0012375995283946395,
      "rotation_rmse": 4.374048638555113,
      "translation_rmse_100": 2.5223770141601562,
      "t_final": [
        [
          [
            -0.7431640625,
            0.56640625,
            -0.356689453125,
            -0.11638548225164413
          ],
          [
            0.66943359375,
            0.62939453125,
            -0.39453125,
            0.48688364028930664
          ],
          [
            0.0009088516235351562,
            -0.5322265625,
            -0.8466796875,
            0.15426161885261536
          ]
        ]
      ],
      "t0_rotation_rmse": 4.755402080365893,
      "t0_translation_rmse_100": 1.9887007474899292
    },
    "stats_list": [
      {
        "psnr": 14.786778450012207,
        "distortion": 0.0012375995283946395,
        "rotation_rmse": 4.374048638555113,
        "translation_rmse_100": 2.5223770141601562,
        "t_final": [
          [
            [
              -0.7431640625,
              0.56640625,
              -0.356689453125,
              -0.11638548225164413
            ],
            [
              0.66943359375,
              0.62939453125,
              -0.39453125,
              0.48688364028930664
            ],
            [
              0.0009088516235351562,
              -0.5322265625,
              -0.8466796875,
              0.15426161885261536
            ]
          ]
        ],
        "t0_rotation_rmse": 4.755402080365893,
        "t0_translation_rmse_100": 1.9887007474899292
      }
    ]
  },
  "Test_Model15b4": {
    "best": {
      "psnr": 9.338376998901367,
      "distortion": 0.0010929539566859603,
      "rotation_rmse": 2.790246941136486,
      "translation_rmse_100": 1.389196515083313,
      "t_final": [
        [
          [
            0.931640625,
            0.2119140625,
            -0.294677734375,
            0.33871644735336304
          ],
          [
            -0.1304931640625,
            0.953125,
            0.272705078125,
            -0.36975938081741333
          ],
          [
            0.3388671875,
            -0.2154541015625,
            0.916015625,
            0.422086238861084
          ]
        ]
      ],
      "t0_rotation_rmse": 2.6575867473792987,
      "t0_translation_rmse_100": 1.632043719291687
    },
    "stats_list": [
      {
        "psnr": 9.338376998901367,
        "distortion": 0.0010929539566859603,
        "rotation_rmse": 2.790246941136486,
        "translation_rmse_100": 1.389196515083313,
        "t_final": [
          [
            [
              0.931640625,
              0.2119140625,
              -0.294677734375,
              0.33871644735336304
            ],
            [
              -0.1304931640625,
              0.953125,
              0.272705078125,
              -0.36975938081741333
            ],
            [
              0.3388671875,
              -0.2154541015625,
              0.916015625,
              0.422086238861084
            ]
          ]
        ],
        "t0_rotation_rmse": 2.6575867473792987,
        "t0_translation_rmse_100": 1.632043719291687
      }
    ]
  },
  "Hunter_Boy_With_Rabbit_Figurine0a5b": {
    "best": {
      "psnr": 17.626235961914062,
      "distortion": 0.0013574494514614344,
      "rotation_rmse": 2.485023568200614,
      "translation_rmse_100": 2.601268768310547,
      "t_final": [
        [
          [
            0.83251953125,
            -0.5009765625,
            -0.2386474609375,
            0.2747971713542938
          ],
          [
            0.05584716796875,
            -0.3525390625,
            0.93408203125,
            -0.035250402987003326
          ],
          [
            -0.55224609375,
            -0.79052734375,
            -0.265380859375,
            0.010359630919992924
          ]
        ]
      ],
      "t0_rotation_rmse": 2.7853098932861236,
      "t0_translation_rmse_100": 4.897716522216797
    },
    "stats_list": [
      {
        "psnr": 17.626235961914062,
        "distortion": 0.0013574494514614344,
        "rotation_rmse": 2.485023568200614,
        "translation_rmse_100": 2.601268768310547,
        "t_final": [
          [
            [
              0.83251953125,
              -0.5009765625,
              -0.2386474609375,
              0.2747971713542938
            ],
            [
              0.05584716796875,
              -0.3525390625,
              0.93408203125,
              -0.035250402987003326
            ],
            [
              -0.55224609375,
              -0.79052734375,
              -0.265380859375,
              0.010359630919992924
            ]
          ]
        ],
        "t0_rotation_rmse": 2.7853098932861236,
        "t0_translation_rmse_100": 4.897716522216797
      }
    ]
  },
  "Elephant1608": {
    "best": {
      "psnr": 14.179720878601074,
      "distortion": 0.0014634222025051713,
      "rotation_rmse": 3.4251503491149786,
      "translation_rmse_100": 0.2888232469558716,
      "t_final": [
        [
          [
            -0.0877685546875,
            0.56640625,
            0.81982421875,
            -0.3747693598270416
          ],
          [
            0.417236328125,
            0.76806640625,
            -0.48583984375,
            -0.22722837328910828
          ],
          [
            -0.90478515625,
            0.29931640625,
            -0.303466796875,
            -0.3750646710395813
          ]
        ]
      ],
      "t0_rotation_rmse": 3.0949209351232723,
      "t0_translation_rmse_100": 1.8504589796066284
    },
    "stats_list": [
      {
        "psnr": 14.179720878601074,
        "distortion": 0.0014634222025051713,
        "rotation_rmse": 3.4251503491149786,
        "translation_rmse_100": 0.2888232469558716,
        "t_final": [
          [
            [
              -0.0877685546875,
              0.56640625,
              0.81982421875,
              -0.3747693598270416
            ],
            [
              0.417236328125,
              0.76806640625,
              -0.48583984375,
              -0.22722837328910828
            ],
            [
              -0.90478515625,
              0.29931640625,
              -0.303466796875,
              -0.3750646710395813
            ]
          ]
        ],
        "t0_rotation_rmse": 3.0949209351232723,
        "t0_translation_rmse_100": 1.8504589796066284
      }
    ]
  },
  "Ornate_Medieval_Shield22a7": {
    "best": {
      "psnr": 9.208231925964355,
      "distortion": 0.0025320600252598524,
      "rotation_rmse": 1.9893554057767482,
      "translation_rmse_100": 2.741443395614624,
      "t_final": [
        [
          [
            0.91064453125,
            0.343994140625,
            -0.2296142578125,
            0.012696951627731323
          ],
          [
            0.3125,
            -0.2083740234375,
            0.92724609375,
            0.3691757619380951
          ],
          [
            0.270751953125,
            -0.91552734375,
            -0.297119140625,
            0.39591220021247864
          ]
        ]
      ],
      "t0_rotation_rmse": 2.837442130102717,
      "t0_translation_rmse_100": 1.297199010848999
    },
    "stats_list": [
      {
        "psnr": 9.208231925964355,
        "distortion": 0.0025320600252598524,
        "rotation_rmse": 1.9893554057767482,
        "translation_rmse_100": 2.741443395614624,
        "t_final": [
          [
            [
              0.91064453125,
              0.343994140625,
              -0.2296142578125,
              0.012696951627731323
            ],
            [
              0.3125,
              -0.2083740234375,
              0.92724609375,
              0.3691757619380951
            ],
            [
              0.270751953125,
              -0.91552734375,
              -0.297119140625,
              0.39591220021247864
            ]
          ]
        ],
        "t0_rotation_rmse": 2.837442130102717,
        "t0_translation_rmse_100": 1.297199010848999
      }
    ]
  },
  "Vikings_shield_and_axe1973": {
    "best": {
      "psnr": 9.245613098144531,
      "distortion": 0.0009788369061425328,
      "rotation_rmse": 10.301813833734455,
      "translation_rmse_100": 2.364814281463623,
      "t_final": [
        [
          [
            -0.2132568359375,
            -0.97607421875,
            0.047943115234375,
            0.3748478889465332
          ],
          [
            0.2568359375,
            -0.103271484375,
            -0.9609375,
            0.3081670105457306
          ],
          [
            0.94287109375,
            -0.1925048828125,
            0.272705078125,
            0.2891215682029724
          ]
        ]
      ],
      "t0_rotation_rmse": 10.515962823019079,
      "t0_translation_rmse_100": 1.6991496086120605
    },
    "stats_list": [
      {
        "psnr": 9.245613098144531,
        "distortion": 0.0009788369061425328,
        "rotation_rmse": 10.301813833734455,
        "translation_rmse_100": 2.364814281463623,
        "t_final": [
          [
            [
              -0.2132568359375,
              -0.97607421875,
              0.047943115234375,
              0.3748478889465332
            ],
            [
              0.2568359375,
              -0.103271484375,
              -0.9609375,
              0.3081670105457306
            ],
            [
              0.94287109375,
              -0.1925048828125,
              0.272705078125,
              0.2891215682029724
            ]
          ]
        ],
        "t0_rotation_rmse": 10.515962823019079,
        "t0_translation_rmse_100": 1.6991496086120605
      }
    ]
  },
  "Xbox_360_Controller0866": {
    "best": {
      "psnr": 13.108744621276855,
      "distortion": 0.0018299645744264126,
      "rotation_rmse": 2.915303148475579,
      "translation_rmse_100": 2.715165138244629,
      "t_final": [
        [
          [
            -0.032196044921875,
            0.6904296875,
            -0.72265625,
            0.07491408288478851
          ],
          [
            0.54833984375,
            0.61669921875,
            0.56494140625,
            -0.06683734059333801
          ],
          [
            0.8359375,
            -0.378173828125,
            -0.398193359375,
            0.38275280594825745
          ]
        ]
      ],
      "t0_rotation_rmse": 3.03777202852285,
      "t0_translation_rmse_100": 2.715165138244629
    },
    "stats_list": [
      {
        "psnr": 13.108744621276855,
        "distortion": 0.0018299645744264126,
        "rotation_rmse": 2.915303148475579,
        "translation_rmse_100": 2.715165138244629,
        "t_final": [
          [
            [
              -0.032196044921875,
              0.6904296875,
              -0.72265625,
              0.07491408288478851
            ],
            [
              0.54833984375,
              0.61669921875,
              0.56494140625,
              -0.06683734059333801
            ],
            [
              0.8359375,
              -0.378173828125,
              -0.398193359375,
              0.38275280594825745
            ]
          ]
        ],
        "t0_rotation_rmse": 3.03777202852285,
        "t0_translation_rmse_100": 2.715165138244629
      }
    ]
  },
  "Petroleum_lamp0230": {
    "best": {
      "psnr": 12.756525039672852,
      "distortion": 0.002680327510461211,
      "rotation_rmse": 178.18613842382828,
      "translation_rmse_100": 25.96405792236328,
      "t_final": [
        [
          [
            -0.95849609375,
            0.1622314453125,
            -0.235595703125,
            0.127439484000206
          ],
          [
            -0.2166748046875,
            -0.94970703125,
            0.2265625,
            0.18704663217067719
          ],
          [
            -0.18701171875,
            0.26806640625,
            0.94482421875,
            -0.10909182578325272
          ]
        ]
      ],
      "t0_rotation_rmse": 178.4418779383867,
      "t0_translation_rmse_100": 25.900400161743164
    },
    "stats_list": [
      {
        "psnr": 12.756525039672852,
        "distortion": 0.002680327510461211,
        "rotation_rmse": 178.18613842382828,
        "translation_rmse_100": 25.96405792236328,
        "t_final": [
          [
            [
              -0.95849609375,
              0.1622314453125,
              -0.235595703125,
              0.127439484000206
            ],
            [
              -0.2166748046875,
              -0.94970703125,
              0.2265625,
              0.18704663217067719
            ],
            [
              -0.18701171875,
              0.26806640625,
              0.94482421875,
              -0.10909182578325272
            ]
          ]
        ],
        "t0_rotation_rmse": 178.4418779383867,
        "t0_translation_rmse_100": 25.900400161743164
      }
    ]
  },
  "26851W_Odeon_Lightab66": {
    "best": {
      "psnr": 16.250446319580078,
      "distortion": 0.001634472282603383,
      "rotation_rmse": 1.8915365749813025,
      "translation_rmse_100": 1.2456133365631104,
      "t_final": [
        [
          [
            -0.82763671875,
            -0.2227783203125,
            -0.5146484375,
            0.07834477722644806
          ],
          [
            -0.428466796875,
            -0.34033203125,
            0.8369140625,
            0.29514598846435547
          ],
          [
            -0.361572265625,
            0.91357421875,
            0.186279296875,
            -0.304290235042572
          ]
        ]
      ],
      "t0_rotation_rmse": 3.3502984130397913,
      "t0_translation_rmse_100": 0.7578659653663635
    },
    "stats_list": [
      {
        "psnr": 16.250446319580078,
        "distortion": 0.001634472282603383,
        "rotation_rmse": 1.8915365749813025,
        "translation_rmse_100": 1.2456133365631104,
        "t_final": [
          [
            [
              -0.82763671875,
              -0.2227783203125,
              -0.5146484375,
              0.07834477722644806
            ],
            [
              -0.428466796875,
              -0.34033203125,
              0.8369140625,
              0.29514598846435547
            ],
            [
              -0.361572265625,
              0.91357421875,
              0.186279296875,
              -0.304290235042572
            ]
          ]
        ],
        "t0_rotation_rmse": 3.3502984130397913,
        "t0_translation_rmse_100": 0.7578659653663635
      }
    ]
  },
  "Teddy1b47": {
    "best": {
      "psnr": 16.478788375854492,
      "distortion": 0.001116545987315476,
      "rotation_rmse": 2.995871784975124,
      "translation_rmse_100": 0.16212239861488342,
      "t_final": [
        [
          [
            0.258544921875,
            0.00980377197265625,
            0.9658203125,
            0.10542792081832886
          ],
          [
            -0.62890625,
            -0.75732421875,
            0.1759033203125,
            -0.1973225623369217
          ],
          [
            0.73291015625,
            -0.6533203125,
            -0.1895751953125,
            -0.10475338995456696
          ]
        ]
      ],
      "t0_rotation_rmse": 1.950665993483879,
      "t0_translation_rmse_100": 3.6014535427093506
    },
    "stats_list": [
      {
        "psnr": 16.478788375854492,
        "distortion": 0.001116545987315476,
        "rotation_rmse": 2.995871784975124,
        "translation_rmse_100": 0.16212239861488342,
        "t_final": [
          [
            [
              0.258544921875,
              0.00980377197265625,
              0.9658203125,
              0.10542792081832886
            ],
            [
              -0.62890625,
              -0.75732421875,
              0.1759033203125,
              -0.1973225623369217
            ],
            [
              0.73291015625,
              -0.6533203125,
              -0.1895751953125,
              -0.10475338995456696
            ]
          ]
        ],
        "t0_rotation_rmse": 1.950665993483879,
        "t0_translation_rmse_100": 3.6014535427093506
      }
    ]
  },
  "Figura_San_Juan260d": {
    "best": {
      "psnr": 15.184865951538086,
      "distortion": 0.0008690138347446918,
      "rotation_rmse": 6.238223319937457,
      "translation_rmse_100": 4.129751205444336,
      "t_final": [
        [
          [
            0.74267578125,
            0.4775390625,
            -0.4697265625,
            -0.1939968466758728
          ],
          [
            0.66796875,
            -0.47705078125,
            0.5712890625,
            0.03061395324766636
          ],
          [
            0.048553466796875,
            -0.73828125,
            -0.6728515625,
            0.030127093195915222
          ]
        ]
      ],
      "t0_rotation_rmse": 6.364390023788576,
      "t0_translation_rmse_100": 6.073720932006836
    },
    "stats_list": [
      {
        "psnr": 15.184865951538086,
        "distortion": 0.0008690138347446918,
        "rotation_rmse": 6.238223319937457,
        "translation_rmse_100": 4.129751205444336,
        "t_final": [
          [
            [
              0.74267578125,
              0.4775390625,
              -0.4697265625,
              -0.1939968466758728
            ],
            [
              0.66796875,
              -0.47705078125,
              0.5712890625,
              0.03061395324766636
            ],
            [
              0.048553466796875,
              -0.73828125,
              -0.6728515625,
              0.030127093195915222
            ]
          ]
        ],
        "t0_rotation_rmse": 6.364390023788576,
        "t0_translation_rmse_100": 6.073720932006836
      }
    ]
  },
  "Stylized_Skateboard10c7": {
    "best": {
      "psnr": 12.151224136352539,
      "distortion": 0.002290688920766115,
      "rotation_rmse": 178.19059632383042,
      "translation_rmse_100": 4.008129119873047,
      "t_final": [
        [
          [
            -0.6650390625,
            -0.65380859375,
            0.361083984375,
            -0.2861367166042328
          ],
          [
            -0.6494140625,
            0.26611328125,
            -0.712890625,
            0.140127032995224
          ],
          [
            0.369873046875,
            -0.70849609375,
            -0.60107421875,
            0.19796337187290192
          ]
        ]
      ],
      "t0_rotation_rmse": 177.99283816867242,
      "t0_translation_rmse_100": 4.777172088623047
    },
    "stats_list": [
      {
        "psnr": 12.151224136352539,
        "distortion": 0.002290688920766115,
        "rotation_rmse": 178.19059632383042,
        "translation_rmse_100": 4.008129119873047,
        "t_final": [
          [
            [
              -0.6650390625,
              -0.65380859375,
              0.361083984375,
              -0.2861367166042328
            ],
            [
              -0.6494140625,
              0.26611328125,
              -0.712890625,
              0.140127032995224
            ],
            [
              0.369873046875,
              -0.70849609375,
              -0.60107421875,
              0.19796337187290192
            ]
          ]
        ],
        "t0_rotation_rmse": 177.99283816867242,
        "t0_translation_rmse_100": 4.777172088623047
      }
    ]
  },
  "Lantern0231": {
    "best": {
      "psnr": 15.720719337463379,
      "distortion": 0.0011217279825359583,
      "rotation_rmse": 178.5981972151668,
      "translation_rmse_100": 34.26264190673828,
      "t_final": [
        [
          [
            0.044158935546875,
            -0.529296875,
            0.84716796875,
            -0.021416034549474716
          ],
          [
            0.998046875,
            -0.02203369140625,
            -0.06573486328125,
            -0.047022972255945206
          ],
          [
            0.053436279296875,
            0.84814453125,
            0.52734375,
            -0.1746937781572342
          ]
        ]
      ],
      "t0_rotation_rmse": 179.4839317707412,
      "t0_translation_rmse_100": 36.99549102783203
    },
    "stats_list": [
      {
        "psnr": 15.720719337463379,
        "distortion": 0.0011217279825359583,
        "rotation_rmse": 178.5981972151668,
        "translation_rmse_100": 34.26264190673828,
        "t_final": [
          [
            [
              0.044158935546875,
              -0.529296875,
              0.84716796875,
              -0.021416034549474716
            ],
            [
              0.998046875,
              -0.02203369140625,
              -0.06573486328125,
              -0.047022972255945206
            ],
            [
              0.053436279296875,
              0.84814453125,
              0.52734375,
              -0.1746937781572342
            ]
          ]
        ],
        "t0_rotation_rmse": 179.4839317707412,
        "t0_translation_rmse_100": 36.99549102783203
      }
    ]
  },
  "model_New_Qlone183a": {
    "best": {
      "psnr": 16.11961555480957,
      "distortion": 0.001050964929163456,
      "rotation_rmse": 2.560586349651491,
      "translation_rmse_100": 1.8568981885910034,
      "t_final": [
        [
          [
            0.72802734375,
            -0.4580078125,
            0.509765625,
            -0.017513195052742958
          ],
          [
            -0.266845703125,
            -0.875,
            -0.404541015625,
            -0.003365272656083107
          ],
          [
            0.63134765625,
            0.15869140625,
            -0.7587890625,
            -0.06225520744919777
          ]
        ]
      ],
      "t0_rotation_rmse": 3.567745931746387,
      "t0_translation_rmse_100": 1.733683466911316
    },
    "stats_list": [
      {
        "psnr": 16.11961555480957,
        "distortion": 0.001050964929163456,
        "rotation_rmse": 2.560586349651491,
        "translation_rmse_100": 1.8568981885910034,
        "t_final": [
          [
            [
              0.72802734375,
              -0.4580078125,
              0.509765625,
              -0.017513195052742958
            ],
            [
              -0.266845703125,
              -0.875,
              -0.404541015625,
              -0.003365272656083107
            ],
            [
              0.63134765625,
              0.15869140625,
              -0.7587890625,
              -0.06225520744919777
            ]
          ]
        ],
        "t0_rotation_rmse": 3.567745931746387,
        "t0_translation_rmse_100": 1.733683466911316
      }
    ]
  },
  "FireHydrant_Fortnite_Style_0152": {
    "best": {
      "psnr": 17.491947174072266,
      "distortion": 0.0011315371375530958,
      "rotation_rmse": 3.6728834707240883,
      "translation_rmse_100": 0.3169611096382141,
      "t_final": [
        [
          [
            0.921875,
            -0.372314453125,
            0.10662841796875,
            -0.059358224272727966
          ],
          [
            0.384033203125,
            0.8427734375,
            -0.37744140625,
            0.2652677595615387
          ],
          [
            0.050750732421875,
            0.388916015625,
            0.919921875,
            -0.028282400220632553
          ]
        ]
      ],
      "t0_rotation_rmse": 4.365418008065677,
      "t0_translation_rmse_100": 3.0040338039398193
    },
    "stats_list": [
      {
        "psnr": 17.491947174072266,
        "distortion": 0.0011315371375530958,
        "rotation_rmse": 3.6728834707240883,
        "translation_rmse_100": 0.3169611096382141,
        "t_final": [
          [
            [
              0.921875,
              -0.372314453125,
              0.10662841796875,
              -0.059358224272727966
            ],
            [
              0.384033203125,
              0.8427734375,
              -0.37744140625,
              0.2652677595615387
            ],
            [
              0.050750732421875,
              0.388916015625,
              0.919921875,
              -0.028282400220632553
            ]
          ]
        ],
        "t0_rotation_rmse": 4.365418008065677,
        "t0_translation_rmse_100": 3.0040338039398193
      }
    ]
  },
  "chair_teacher4659": {
    "best": {
      "psnr": 10.402406692504883,
      "distortion": 0.0014860874507576227,
      "rotation_rmse": 1.714489987838109,
      "translation_rmse_100": 2.234861373901367,
      "t_final": [
        [
          [
            0.91943359375,
            0.228515625,
            -0.320068359375,
            0.03744124993681908
          ],
          [
            0.361572265625,
            -0.1710205078125,
            0.91650390625,
            0.20292510092258453
          ],
          [
            0.15478515625,
            -0.95849609375,
            -0.239990234375,
            0.08321497589349747
          ]
        ]
      ],
      "t0_rotation_rmse": 1.0080650316120603,
      "t0_translation_rmse_100": 3.666135787963867
    },
    "stats_list": [
      {
        "psnr": 10.402406692504883,
        "distortion": 0.0014860874507576227,
        "rotation_rmse": 1.714489987838109,
        "translation_rmse_100": 2.234861373901367,
        "t_final": [
          [
            [
              0.91943359375,
              0.228515625,
              -0.320068359375,
              0.03744124993681908
            ],
            [
              0.361572265625,
              -0.1710205078125,
              0.91650390625,
              0.20292510092258453
            ],
            [
              0.15478515625,
              -0.95849609375,
              -0.239990234375,
              0.08321497589349747
            ]
          ]
        ],
        "t0_rotation_rmse": 1.0080650316120603,
        "t0_translation_rmse_100": 3.666135787963867
      }
    ]
  },
  "Traffic_Cone37b5": {
    "best": {
      "psnr": 15.640738487243652,
      "distortion": 0.0039528473280370235,
      "rotation_rmse": 74.53579415917507,
      "translation_rmse_100": 24.07997703552246,
      "t_final": [
        [
          [
            -0.7080078125,
            -0.70654296875,
            -0.004474639892578125,
            -0.2996743619441986
          ],
          [
            0.68896484375,
            -0.69189453125,
            0.2152099609375,
            -0.22814059257507324
          ],
          [
            -0.1551513671875,
            0.149169921875,
            0.9765625,
            0.43179354071617126
          ]
        ]
      ],
      "t0_rotation_rmse": 75.46204018757074,
      "t0_translation_rmse_100": 25.717243194580078
    },
    "stats_list": [
      {
        "psnr": 15.640738487243652,
        "distortion": 0.0039528473280370235,
        "rotation_rmse": 74.53579415917507,
        "translation_rmse_100": 24.07997703552246,
        "t_final": [
          [
            [
              -0.7080078125,
              -0.70654296875,
              -0.004474639892578125,
              -0.2996743619441986
