{
  "F_15_C_Jungle_Camo16c6": {
    "best": {
      "psnr": 17.40509605407715,
      "distortion": 0.0009315747302025557,
      "rotation_rmse": 0.02562345176980362,
      "translation_rmse_100": 0.10030418634414673,
      "t_final": [
        [
          [
            0.11614990234375,
            -0.52880859375,
            0.8408203125,
            -0.06619052588939667
          ],
          [
            -0.6923828125,
            0.56396484375,
            0.4501953125,
            -0.025819387286901474
          ],
          [
            -0.7119140625,
            -0.634765625,
            -0.300537109375,
            0.08843982964754105
          ]
        ]
      ],
      "t0_rotation_rmse": 0.41835249119145357,
      "t0_translation_rmse_100": 0.6805647015571594
    },
    "stats_list": [
      {
        "psnr": 17.40509605407715,
        "distortion": 0.0009315747302025557,
        "rotation_rmse": 0.02562345176980362,
        "translation_rmse_100": 0.10030418634414673,
        "t_final": [
          [
            [
              0.11614990234375,
              -0.52880859375,
              0.8408203125,
              -0.06619052588939667
            ],
            [
              -0.6923828125,
              0.56396484375,
              0.4501953125,
              -0.025819387286901474
            ],
            [
              -0.7119140625,
              -0.634765625,
              -0.300537109375,
              0.08843982964754105
            ]
          ]
        ],
        "t0_rotation_rmse": 0.41835249119145357,
        "t0_translation_rmse_100": 0.6805647015571594
      }
    ]
  },
  "Hl_Maximilian09f0": {
    "best": {
      "psnr": 11.917703628540039,
      "distortion": 0.0004927878035232425,
      "rotation_rmse": 171.3926400783944,
      "translation_rmse_100": 0.7963940501213074,
      "t_final": [
        [
          [
            -0.16796875,
            -0.7119140625,
            0.681640625,
            -0.07887260615825653
          ],
          [
            -0.810546875,
            -0.2939453125,
            -0.50634765625,
            -0.2841845452785492
          ],
          [
            0.56103515625,
            -0.6376953125,
            -0.52734375,
            0.20775514841079712
          ]
        ]
      ],
      "t0_rotation_rmse": 170.72328575979355,
      "t0_translation_rmse_100": 1.0313794612884521
    },
    "stats_list": [
      {
        "psnr": 11.917703628540039,
        "distortion": 0.0004927878035232425,
        "rotation_rmse": 171.3926400783944,
        "translation_rmse_100": 0.7963940501213074,
        "t_final": [
          [
            [
              -0.16796875,
              -0.7119140625,
              0.681640625,
              -0.07887260615825653
            ],
            [
              -0.810546875,
              -0.2939453125,
              -0.50634765625,
              -0.2841845452785492
            ],
            [
              0.56103515625,
              -0.6376953125,
              -0.52734375,
              0.20775514841079712
            ]
          ]
        ],
        "t0_rotation_rmse": 170.72328575979355,
        "t0_translation_rmse_100": 1.0313794612884521
      }
    ]
  },
  "MiG_23_Desert_Camo089f": {
    "best": {
      "psnr": 10.060240745544434,
      "distortion": 0.0018789285095408559,
      "rotation_rmse": 11.466512525502726,
      "translation_rmse_100": 6.632733345031738,
      "t_final": [
        [
          [
            -0.7373046875,
            -0.3330078125,
            -0.58740234375,
            -0.1816299557685852
          ],
          [
            0.6484375,
            -0.10504150390625,
            -0.75439453125,
            0.11538201570510864
          ],
          [
            0.1895751953125,
            -0.93701171875,
            0.29345703125,
            -0.47695255279541016
          ]
        ]
      ],
      "t0_rotation_rmse": 11.578369004183697,
      "t0_translation_rmse_100": 5.525708198547363
    },
    "stats_list": [
      {
        "psnr": 10.060240745544434,
        "distortion": 0.0018789285095408559,
        "rotation_rmse": 11.466512525502726,
        "translation_rmse_100": 6.632733345031738,
        "t_final": [
          [
            [
              -0.7373046875,
              -0.3330078125,
              -0.58740234375,
              -0.1816299557685852
            ],
            [
              0.6484375,
              -0.10504150390625,
              -0.75439453125,
              0.11538201570510864
            ],
            [
              0.1895751953125,
              -0.93701171875,
              0.29345703125,
              -0.47695255279541016
            ]
          ]
        ],
        "t0_rotation_rmse": 11.578369004183697,
        "t0_translation_rmse_100": 5.525708198547363
      }
    ]
  },
  "Tolix_Industrial_Chairs3f2d": {
    "best": {
      "psnr": 9.147198677062988,
      "distortion": 0.0022878171876072884,
      "rotation_rmse": 9.343791044014967,
      "translation_rmse_100": 0.15039891004562378,
      "t_final": [
        [
          [
            -0.34130859375,
            0.07684326171875,
            0.93701171875,
            0.09793400764465332
          ],
          [
            0.54443359375,
            -0.796875,
            0.263671875,
            0.022144708782434464
          ],
          [
            0.7666015625,
            0.60009765625,
            0.2298583984375,
            -0.037102166563272476
          ]
        ]
      ],
      "t0_rotation_rmse": 10.074501757312536,
      "t0_translation_rmse_100": 3.7375404834747314
    },
    "stats_list": [
      {
        "psnr": 9.147198677062988,
        "distortion": 0.0022878171876072884,
        "rotation_rmse": 9.343791044014967,
        "translation_rmse_100": 0.15039891004562378,
        "t_final": [
          [
            [
              -0.34130859375,
              0.07684326171875,
              0.93701171875,
              0.09793400764465332
            ],
            [
              0.54443359375,
              -0.796875,
              0.263671875,
              0.022144708782434464
            ],
            [
              0.7666015625,
              0.60009765625,
              0.2298583984375,
              -0.037102166563272476
            ]
          ]
        ],
        "t0_rotation_rmse": 10.074501757312536,
        "t0_translation_rmse_100": 3.7375404834747314
      }
    ]
  },
  "Procedural_Bananas3a07": {
    "best": {
      "psnr": 14.436610221862793,
      "distortion": 0.00140489696059376,
      "rotation_rmse": 6.337493569749013,
      "translation_rmse_100": 6.520130634307861,
      "t_final": [
        [
          [
            0.95751953125,
            -0.288330078125,
            -0.0002532005310058594,
            0.06249908357858658
          ],
          [
            -0.2587890625,
            -0.85986328125,
            -0.4404296875,
            0.11025314778089523
          ],
          [
            0.126708984375,
            0.421875,
            -0.89794921875,
            0.1624152809381485
          ]
        ]
      ],
      "t0_rotation_rmse": 7.416272839004283,
      "t0_translation_rmse_100": 4.359486103057861
    },
    "stats_list": [
      {
        "psnr": 14.436610221862793,
        "distortion": 0.00140489696059376,
        "rotation_rmse": 6.337493569749013,
        "translation_rmse_100": 6.520130634307861,
        "t_final": [
          [
            [
              0.95751953125,
              -0.288330078125,
              -0.0002532005310058594,
              0.06249908357858658
            ],
            [
              -0.2587890625,
              -0.85986328125,
              -0.4404296875,
              0.11025314778089523
            ],
            [
              0.126708984375,
              0.421875,
              -0.89794921875,
              0.1624152809381485
            ]
          ]
        ],
        "t0_rotation_rmse": 7.416272839004283,
        "t0_translation_rmse_100": 4.359486103057861
      }
    ]
  },
  "Banana_for_scale0a07": {
    "best": {
      "psnr": 18.965484619140625,
      "distortion": 0.0006558171007782221,
      "rotation_rmse": 2.8575576305508195,
      "translation_rmse_100": 1.7677738666534424,
      "t_final": [
        [
          [
            0.77978515625,
            -0.6044921875,
            0.1629638671875,
            0.13379094004631042
          ],
          [
            -0.62060546875,
            -0.77978515625,
            0.07781982421875,
            -0.002514610067009926
          ],
          [
            0.080078125,
            -0.161865234375,
            -0.9833984375,
            0.07421357929706573
          ]
        ]
      ],
      "t0_rotation_rmse": 1.8250116225674005,
      "t0_translation_rmse_100": 0.29301196336746216
    },
    "stats_list": [
      {
        "psnr": 18.965484619140625,
        "distortion": 0.0006558171007782221,
        "rotation_rmse": 2.8575576305508195,
        "translation_rmse_100": 1.7677738666534424,
        "t_final": [
          [
            [
              0.77978515625,
              -0.6044921875,
              0.1629638671875,
              0.13379094004631042
            ],
            [
              -0.62060546875,
              -0.77978515625,
              0.07781982421875,
              -0.002514610067009926
            ],
            [
              0.080078125,
              -0.161865234375,
              -0.9833984375,
              0.07421357929706573
            ]
          ]
        ],
        "t0_rotation_rmse": 1.8250116225674005,
        "t0_translation_rmse_100": 0.29301196336746216
      }
    ]
  },
  "PB170_Sneaker_Sm18c3": {
    "best": {
      "psnr": 15.676459312438965,
      "distortion": 0.0018294616602361202,
      "rotation_rmse": 7.258531784044631,
      "translation_rmse_100": 1.39345383644104,
      "t_final": [
        [
          [
            0.60986328125,
            -0.6962890625,
            0.377685546875,
            0.1250091791152954
          ],
          [
            0.70849609375,
            0.69287109375,
            0.133056640625,
            0.02291204407811165
          ],
          [
            -0.354248046875,
            0.1864013671875,
            0.91650390625,
            0.27207326889038086
          ]
        ]
      ],
      "t0_rotation_rmse": 8.109039762784183,
      "t0_translation_rmse_100": 0.45732706785202026
    },
    "stats_list": [
      {
        "psnr": 15.676459312438965,
        "distortion": 0.0018294616602361202,
        "rotation_rmse": 7.258531784044631,
        "translation_rmse_100": 1.39345383644104,
        "t_final": [
          [
            [
              0.60986328125,
              -0.6962890625,
              0.377685546875,
              0.1250091791152954
            ],
            [
              0.70849609375,
              0.69287109375,
              0.133056640625,
              0.02291204407811165
            ],
            [
              -0.354248046875,
              0.1864013671875,
              0.91650390625,
              0.27207326889038086
            ]
          ]
        ],
        "t0_rotation_rmse": 8.109039762784183,
        "t0_translation_rmse_100": 0.45732706785202026
      }
    ]
  },
  "Acoustic_Guitar0aa0": {
    "best": {
      "psnr": 14.223304748535156,
      "distortion": 0.0008478740928694606,
      "rotation_rmse": 2.2502475611261428,
      "translation_rmse_100": 2.6309893131256104,
      "t_final": [
        [
          [
            0.68994140625,
            -0.20849609375,
            -0.69287109375,
            0.1144736036658287
          ],
          [
            0.1343994140625,
            0.97802734375,
            -0.16015625,
            0.007288331165909767
          ],
          [
            0.7109375,
            0.0173492431640625,
            0.70263671875,
            0.1778787225484848
          ]
        ]
      ],
      "t0_rotation_rmse": 2.924532791700596,
      "t0_translation_rmse_100": 3.6403582096099854
    },
    "stats_list": [
      {
        "psnr": 14.223304748535156,
        "distortion": 0.0008478740928694606,
        "rotation_rmse": 2.2502475611261428,
        "translation_rmse_100": 2.6309893131256104,
        "t_final": [
          [
            [
              0.68994140625,
              -0.20849609375,
              -0.69287109375,
              0.1144736036658287
            ],
            [
              0.1343994140625,
              0.97802734375,
              -0.16015625,
              0.007288331165909767
            ],
            [
              0.7109375,
              0.0173492431640625,
              0.70263671875,
              0.1778787225484848
            ]
          ]
        ],
        "t0_rotation_rmse": 2.924532791700596,
        "t0_translation_rmse_100": 3.6403582096099854
      }
    ]
  },
  "Banana_3D_Scan2373": {
    "best": {
      "psnr": 11.095328330993652,
      "distortion": 0.000771678751334548,
      "rotation_rmse": 179.49248901049353,
      "translation_rmse_100": 36.92982864379883,
      "t_final": [
        [
          [
            0.5498046875,
            -0.70751953125,
            0.44384765625,
            -0.46045997738838196
          ],
          [
            0.814453125,
            0.33642578125,
            -0.47216796875,
            0.45194458961486816
          ],
          [
            0.184814453125,
            0.62109375,
            0.76123046875,
            0.15185458958148956
          ]
        ]
      ],
      "t0_rotation_rmse": 179.96169390067377,
      "t0_translation_rmse_100": 38.64949417114258
    },
    "stats_list": [
      {
        "psnr": 11.095328330993652,
        "distortion": 0.000771678751334548,
        "rotation_rmse": 179.49248901049353,
        "translation_rmse_100": 36.92982864379883,
        "t_final": [
          [
            [
              0.5498046875,
              -0.70751953125,
              0.44384765625,
              -0.46045997738838196
            ],
            [
              0.814453125,
              0.33642578125,
              -0.47216796875,
              0.45194458961486816
            ],
            [
              0.184814453125,
              0.62109375,
              0.76123046875,
              0.15185458958148956
            ]
          ]
        ],
        "t0_rotation_rmse": 179.96169390067377,
        "t0_translation_rmse_100": 38.64949417114258
      }
    ]
  },
  "Test_Model15b4": {
    "best": {
      "psnr": 9.42505168914795,
      "distortion": 0.001174700679257512,
      "rotation_rmse": 5.346366484210644,
      "translation_rmse_100": 0.6541997194290161,
      "t_final": [
        [
          [
            0.91259765625,
            0.253173828125,
            -0.319580078125,
            0.31828248500823975
          ],
          [
            -0.1448974609375,
            0.9345703125,
            0.325927734375,
            -0.38461101055145264
          ],
          [
            0.381103515625,
            -0.251220703125,
            0.8896484375,
            0.3834574222564697
          ]
        ]
      ],
      "t0_rotation_rmse": 4.180301220663697,
      "t0_translation_rmse_100": 5.121973037719727
    },
    "stats_list": [
      {
        "psnr": 9.42505168914795,
        "distortion": 0.001174700679257512,
        "rotation_rmse": 5.346366484210644,
        "translation_rmse_100": 0.6541997194290161,
        "t_final": [
          [
            [
              0.91259765625,
              0.253173828125,
              -0.319580078125,
              0.31828248500823975
            ],
            [
              -0.1448974609375,
              0.9345703125,
              0.325927734375,
              -0.38461101055145264
            ],
            [
              0.381103515625,
              -0.251220703125,
              0.8896484375,
              0.3834574222564697
            ]
          ]
        ],
        "t0_rotation_rmse": 4.180301220663697,
        "t0_translation_rmse_100": 5.121973037719727
      }
    ]
  },
  "Hunter_Boy_With_Rabbit_Figurine0a5b": {
    "best": {
      "psnr": 18.001693725585938,
      "distortion": 0.00127661123406142,
      "rotation_rmse": 3.154963457710777,
      "translation_rmse_100": 1.8360763788223267,
      "t_final": [
        [
          [
            0.8447265625,
            -0.488037109375,
            -0.2216796875,
            0.2824490964412689
          ],
          [
            0.045867919921875,
            -0.346435546875,
            0.93701171875,
            -0.03100547567009926
          ],
          [
            -0.53369140625,
            -0.80126953125,
            -0.270263671875,
            0.006097671575844288
          ]
        ]
      ],
      "t0_rotation_rmse": 4.124781331108469,
      "t0_translation_rmse_100": 4.605546474456787
    },
    "stats_list": [
      {
        "psnr": 18.001693725585938,
        "distortion": 0.00127661123406142,
        "rotation_rmse": 3.154963457710777,
        "translation_rmse_100": 1.8360763788223267,
        "t_final": [
          [
            [
              0.8447265625,
              -0.488037109375,
              -0.2216796875,
              0.2824490964412689
            ],
            [
              0.045867919921875,
              -0.346435546875,
              0.93701171875,
              -0.03100547567009926
            ],
            [
              -0.53369140625,
              -0.80126953125,
              -0.270263671875,
              0.006097671575844288
            ]
          ]
        ],
        "t0_rotation_rmse": 4.124781331108469,
        "t0_translation_rmse_100": 4.605546474456787
      }
    ]
  },
  "Elephant1608": {
    "best": {
      "psnr": 11.938606262207031,
      "distortion": 0.0016046050004661083,
      "rotation_rmse": 6.785841726710614,
      "translation_rmse_100": 0.3791123628616333,
      "t_final": [
        [
          [
            0.022125244140625,
            0.5078125,
            0.86181640625,
            -0.3680900037288666
          ],
          [
            0.496337890625,
            0.74267578125,
            -0.4501953125,
            -0.2362811416387558
          ],
          [
            -0.8681640625,
            0.4375,
            -0.235595703125,
            -0.3685694634914398
          ]
        ]
      ],
      "t0_rotation_rmse": 7.790456100208102,
      "t0_translation_rmse_100": 2.7442245483398438
    },
    "stats_list": [
      {
        "psnr": 11.938606262207031,
        "distortion": 0.0016046050004661083,
        "rotation_rmse": 6.785841726710614,
        "translation_rmse_100": 0.3791123628616333,
        "t_final": [
          [
            [
              0.022125244140625,
              0.5078125,
              0.86181640625,
              -0.3680900037288666
            ],
            [
              0.496337890625,
              0.74267578125,
              -0.4501953125,
              -0.2362811416387558
            ],
            [
              -0.8681640625,
              0.4375,
              -0.235595703125,
              -0.3685694634914398
            ]
          ]
        ],
        "t0_rotation_rmse": 7.790456100208102,
        "t0_translation_rmse_100": 2.7442245483398438
      }
    ]
  },
  "Ornate_Medieval_Shield22a7": {
    "best": {
      "psnr": 9.536361694335938,
      "distortion": 0.0022371564991772175,
      "rotation_rmse": 1.2847092957418722,
      "translation_rmse_100": 1.2143824100494385,
      "t_final": [
        [
          [
            0.9296875,
            0.304931640625,
            -0.2061767578125,
            0.052255209535360336
          ],
          [
            0.283935546875,
            -0.2371826171875,
            0.92919921875,
            0.36466076970100403
          ],
          [
            0.2344970703125,
            -0.92236328125,
            -0.306884765625,
            0.38192179799079895
          ]
        ]
      ],
      "t0_rotation_rmse": 1.7446512832949208,
      "t0_translation_rmse_100": 1.2944910526275635
    },
    "stats_list": [
      {
        "psnr": 9.536361694335938,
        "distortion": 0.0022371564991772175,
        "rotation_rmse": 1.2847092957418722,
        "translation_rmse_100": 1.2143824100494385,
        "t_final": [
          [
            [
              0.9296875,
              0.304931640625,
              -0.2061767578125,
              0.052255209535360336
            ],
            [
              0.283935546875,
              -0.2371826171875,
              0.92919921875,
              0.36466076970100403
            ],
            [
              0.2344970703125,
              -0.92236328125,
              -0.306884765625,
              0.38192179799079895
            ]
          ]
        ],
        "t0_rotation_rmse": 1.7446512832949208,
        "t0_translation_rmse_100": 1.2944910526275635
      }
    ]
  },
  "Vikings_shield_and_axe1973": {
    "best": {
      "psnr": 14.127429962158203,
      "distortion": 0.000829715165309608,
      "rotation_rmse": 179.62908928218155,
      "translation_rmse_100": 60.13482666015625,
      "t_final": [
        [
          [
            -0.164794921875,
            0.86181640625,
            -0.4794921875,
            -0.20285223424434662
          ],
          [
            -0.97021484375,
            -0.053955078125,
            0.236328125,
            0.46474534273147583
          ],
          [
            0.177734375,
            0.50439453125,
            0.8447265625,
            0.16063949465751648
          ]
        ]
      ],
      "t0_rotation_rmse": 178.59521288987656,
      "t0_translation_rmse_100": 59.494720458984375
    },
    "stats_list": [
      {
        "psnr": 14.127429962158203,
        "distortion": 0.000829715165309608,
        "rotation_rmse": 179.62908928218155,
        "translation_rmse_100": 60.13482666015625,
        "t_final": [
          [
            [
              -0.164794921875,
              0.86181640625,
              -0.4794921875,
              -0.20285223424434662
            ],
            [
              -0.97021484375,
              -0.053955078125,
              0.236328125,
              0.46474534273147583
            ],
            [
              0.177734375,
              0.50439453125,
              0.8447265625,
              0.16063949465751648
            ]
          ]
        ],
        "t0_rotation_rmse": 178.59521288987656,
        "t0_translation_rmse_100": 59.494720458984375
      }
    ]
  },
  "Xbox_360_Controller0866": {
    "best": {
      "psnr": 15.990318298339844,
      "distortion": 0.002177129965275526,
      "rotation_rmse": 10.10429846611043,
      "translation_rmse_100": 0.4575788974761963,
      "t_final": [
        [
          [
            -0.176025390625,
            0.703125,
            -0.68896484375,
            0.05233822017908096
          ],
          [
            0.576171875,
            0.64111328125,
            0.5068359375,
            -0.03514081984758377
          ],
          [
            0.7978515625,
            -0.307861328125,
            -0.51806640625,
            0.41922274231910706
          ]
        ]
      ],
      "t0_rotation_rmse": 10.066305115016052,
      "t0_translation_rmse_100": 0.4575788974761963
    },
    "stats_list": [
      {
        "psnr": 15.990318298339844,
        "distortion": 0.002177129965275526,
        "rotation_rmse": 10.10429846611043,
        "translation_rmse_100": 0.4575788974761963,
        "t_final": [
          [
            [
              -0.176025390625,
              0.703125,
              -0.68896484375,
              0.05233822017908096
            ],
            [
              0.576171875,
              0.64111328125,
              0.5068359375,
              -0.03514081984758377
            ],
            [
              0.7978515625,
              -0.307861328125,
              -0.51806640625,
              0.41922274231910706
            ]
          ]
        ],
        "t0_rotation_rmse": 10.066305115016052,
        "t0_translation_rmse_100": 0.4575788974761963
      }
    ]
  },
  "Petroleum_lamp0230": {
    "best": {
      "psnr": 14.932547569274902,
      "distortion": 0.001852226909250021,
      "rotation_rmse": 2.477629204947044,
      "translation_rmse_100": 3.385105609893799,
      "t_final": [
        [
          [
            -0.16796875,
            -0.488525390625,
            0.8564453125,
            0.35322901606559753
          ],
          [
            -0.69677734375,
            0.67333984375,
            0.2476806640625,
            -0.1855914145708084
          ],
          [
            -0.69775390625,
            -0.55517578125,
            -0.453369140625,
            -0.036595746874809265
          ]
        ]
      ],
      "t0_rotation_rmse": 4.3089517956382295,
      "t0_translation_rmse_100": 1.0886579751968384
    },
    "stats_list": [
      {
        "psnr": 14.932547569274902,
        "distortion": 0.001852226909250021,
        "rotation_rmse": 2.477629204947044,
        "translation_rmse_100": 3.385105609893799,
        "t_final": [
          [
            [
              -0.16796875,
              -0.488525390625,
              0.8564453125,
              0.35322901606559753
            ],
            [
              -0.69677734375,
              0.67333984375,
              0.2476806640625,
              -0.1855914145708084
            ],
            [
              -0.69775390625,
              -0.55517578125,
              -0.453369140625,
              -0.036595746874809265
            ]
          ]
        ],
        "t0_rotation_rmse": 4.3089517956382295,
        "t0_translation_rmse_100": 1.0886579751968384
      }
    ]
  },
  "26851W_Odeon_Lightab66": {
    "best": {
      "psnr": 15.41505241394043,
      "distortion": 0.001512597780674696,
      "rotation_rmse": 3.025215593878017,
      "translation_rmse_100": 1.350019931793213,
      "t_final": [
        [
          [
            -0.80908203125,
            -0.2310791015625,
            -0.54052734375,
            0.07938884198665619
          ],
          [
            -0.455322265625,
            -0.3349609375,
            0.8251953125,
            0.26674884557724
          ],
          [
            -0.371337890625,
            0.9140625,
            0.1656494140625,
            -0.3024030327796936
          ]
        ]
      ],
      "t0_rotation_rmse": 5.477606526169746,
      "t0_translation_rmse_100": 0.9098067879676819
    },
    "stats_list": [
      {
        "psnr": 15.41505241394043,
        "distortion": 0.001512597780674696,
        "rotation_rmse": 3.025215593878017,
        "translation_rmse_100": 1.350019931793213,
        "t_final": [
          [
            [
              -0.80908203125,
              -0.2310791015625,
              -0.54052734375,
              0.07938884198665619
            ],
            [
              -0.455322265625,
              -0.3349609375,
              0.8251953125,
              0.26674884557724
            ],
            [
              -0.371337890625,
              0.9140625,
              0.1656494140625,
              -0.3024030327796936
            ]
          ]
        ],
        "t0_rotation_rmse": 5.477606526169746,
        "t0_translation_rmse_100": 0.9098067879676819
      }
    ]
  },
  "Teddy1b47": {
    "best": {
      "psnr": 16.39661979675293,
      "distortion": 0.0011070931795984507,
      "rotation_rmse": 1.354751015267109,
      "translation_rmse_100": 1.3770192861557007,
      "t_final": [
        [
          [
            0.297119140625,
            0.005092620849609375,
            0.955078125,
            0.09327895194292068
          ],
          [
            -0.60498046875,
            -0.7724609375,
            0.1923828125,
            -0.19565320014953613
          ],
          [
            0.73828125,
            -0.634765625,
            -0.226318359375,
            -0.14686502516269684
          ]
        ]
      ],
      "t0_rotation_rmse": 3.420599602784411,
      "t0_translation_rmse_100": 1.4183908700942993
    },
    "stats_list": [
      {
        "psnr": 16.39661979675293,
        "distortion": 0.0011070931795984507,
        "rotation_rmse": 1.354751015267109,
        "translation_rmse_100": 1.3770192861557007,
        "t_final": [
          [
            [
              0.297119140625,
              0.005092620849609375,
              0.955078125,
              0.09327895194292068
            ],
            [
              -0.60498046875,
              -0.7724609375,
              0.1923828125,
              -0.19565320014953613
            ],
            [
              0.73828125,
              -0.634765625,
              -0.226318359375,
              -0.14686502516269684
            ]
          ]
        ],
        "t0_rotation_rmse": 3.420599602784411,
        "t0_translation_rmse_100": 1.4183908700942993
      }
    ]
  },
  "Figura_San_Juan260d": {
    "best": {
      "psnr": 16.6967830657959,
      "distortion": 0.0008638979052193463,
      "rotation_rmse": 3.150923372321435,
      "translation_rmse_100": 1.4925777912139893,
      "t_final": [
        [
          [
            0.6484375,
            0.54931640625,
            -0.52734375,
            -0.1377735584974289
          ],
          [
            0.76171875,
            -0.47900390625,
            0.436767578125,
            -0.020849861204624176
          ],
          [
            -0.01253509521484375,
            -0.6845703125,
            -0.72900390625,
            0.023851769044995308
          ]
        ]
      ],
      "t0_rotation_rmse": 4.165004808225684,
      "t0_translation_rmse_100": 3.5214602947235107
    },
    "stats_list": [
      {
        "psnr": 16.6967830657959,
        "distortion": 0.0008638979052193463,
        "rotation_rmse": 3.150923372321435,
        "translation_rmse_100": 1.4925777912139893,
        "t_final": [
          [
            [
              0.6484375,
              0.54931640625,
              -0.52734375,
              -0.1377735584974289
            ],
            [
              0.76171875,
              -0.47900390625,
              0.436767578125,
              -0.020849861204624176
            ],
            [
              -0.01253509521484375,
              -0.6845703125,
              -0.72900390625,
              0.023851769044995308
            ]
          ]
        ],
        "t0_rotation_rmse": 4.165004808225684,
        "t0_translation_rmse_100": 3.5214602947235107
      }
    ]
  },
  "Stylized_Skateboard10c7": {
    "best": {
      "psnr": 9.861421585083008,
      "distortion": 0.0022948645055294037,
      "rotation_rmse": 178.22985432678954,
      "translation_rmse_100": 5.377573013305664,
      "t_final": [
        [
          [
            -0.5771484375,
            -0.69580078125,
            0.427734375,
            -0.2724422812461853
          ],
          [
            -0.7060546875,
            0.16162109375,
            -0.689453125,
            0.19020968675613403
          ],
          [
            0.410400390625,
            -0.69970703125,
            -0.58447265625,
            0.14132051169872284
          ]
        ]
      ],
      "t0_rotation_rmse": 176.9695427429472,
      "t0_translation_rmse_100": 8.179086685180664
    },
    "stats_list": [
      {
        "psnr": 9.861421585083008,
        "distortion": 0.0022948645055294037,
        "rotation_rmse": 178.22985432678954,
        "translation_rmse_100": 5.377573013305664,
        "t_final": [
          [
            [
              -0.5771484375,
              -0.69580078125,
              0.427734375,
              -0.2724422812461853
            ],
            [
              -0.7060546875,
              0.16162109375,
              -0.689453125,
              0.19020968675613403
            ],
            [
              0.410400390625,
              -0.69970703125,
              -0.58447265625,
              0.14132051169872284
            ]
          ]
        ],
        "t0_rotation_rmse": 176.9695427429472,
        "t0_translation_rmse_100": 8.179086685180664
      }
    ]
  },
  "Lantern0231": {
    "best": {
      "psnr": 17.603668212890625,
      "distortion": 0.001115528168156743,
      "rotation_rmse": 179.0093426136119,
      "translation_rmse_100": 34.222930908203125,
      "t_final": [
        [
          [
            0.03192138671875,
            -0.515625,
            0.8564453125,
            -0.021018914878368378
          ],
          [
            0.998046875,
            -0.031402587890625,
            -0.05609130859375,
            -0.041450537741184235
          ],
          [
            0.055816650390625,
            0.8564453125,
            0.51318359375,
            -0.16684600710868835
          ]
        ]
      ],
      "t0_rotation_rmse": 177.15988129455835,
      "t0_translation_rmse_100": 37.665313720703125
    },
    "stats_list": [
      {
        "psnr": 17.603668212890625,
        "distortion": 0.001115528168156743,
        "rotation_rmse": 179.0093426136119,
        "translation_rmse_100": 34.222930908203125,
        "t_final": [
          [
            [
              0.03192138671875,
              -0.515625,
              0.8564453125,
              -0.021018914878368378
            ],
            [
              0.998046875,
              -0.031402587890625,
              -0.05609130859375,
              -0.041450537741184235
            ],
            [
              0.055816650390625,
              0.8564453125,
              0.51318359375,
              -0.16684600710868835
            ]
          ]
        ],
        "t0_rotation_rmse": 177.15988129455835,
        "t0_translation_rmse_100": 37.665313720703125
      }
    ]
  },
  "model_New_Qlone183a": {
    "best": {
      "psnr": 17.709096908569336,
      "distortion": 0.0011531277559697628,
      "rotation_rmse": 1.1714941130253078,
      "translation_rmse_100": 1.171132206916809,
      "t_final": [
        [
          [
            0.6982421875,
            -0.4873046875,
            0.52392578125,
            0.012767107225954533
          ],
          [
            -0.27197265625,
            -0.85791015625,
            -0.435546875,
            -0.03385014832019806
          ],
          [
            0.66259765625,
            0.1614990234375,
            -0.7314453125,
            -0.07664812356233597
          ]
        ]
      ],
      "t0_rotation_rmse": 2.9847941655053565,
      "t0_translation_rmse_100": 0.10377990454435349
    },
    "stats_list": [
      {
        "psnr": 17.709096908569336,
        "distortion": 0.0011531277559697628,
        "rotation_rmse": 1.1714941130253078,
        "translation_rmse_100": 1.171132206916809,
        "t_final": [
          [
            [
              0.6982421875,
              -0.4873046875,
              0.52392578125,
              0.012767107225954533
            ],
            [
              -0.27197265625,
              -0.85791015625,
              -0.435546875,
              -0.03385014832019806
            ],
            [
              0.66259765625,
              0.1614990234375,
              -0.7314453125,
              -0.07664812356233597
            ]
          ]
        ],
        "t0_rotation_rmse": 2.9847941655053565,
        "t0_translation_rmse_100": 0.10377990454435349
      }
    ]
  },
  "FireHydrant_Fortnite_Style_0152": {
    "best": {
      "psnr": 17.02838134765625,
      "distortion": 0.001078686211258173,
      "rotation_rmse": 1.8673420085422083,
      "translation_rmse_100": 0.24819523096084595,
      "t_final": [
        [
          [
            0.89306640625,
            -0.43896484375,
            0.09991455078125,
            -0.058670565485954285
          ],
          [
            0.445556640625,
            0.82861328125,
            -0.3388671875,
            0.2633777856826782
          ],
          [
            0.0660400390625,
            0.34716796875,
            0.93603515625,
            -0.035247936844825745
          ]
        ]
      ],
      "t0_rotation_rmse": 3.0699820038833447,
      "t0_translation_rmse_100": 7.346583843231201
    },
    "stats_list": [
      {
        "psnr": 17.02838134765625,
        "distortion": 0.001078686211258173,
        "rotation_rmse": 1.8673420085422083,
        "translation_rmse_100": 0.24819523096084595,
        "t_final": [
          [
            [
              0.89306640625,
              -0.43896484375,
              0.09991455078125,
              -0.058670565485954285
            ],
            [
              0.445556640625,
              0.82861328125,
              -0.3388671875,
              0.2633777856826782
            ],
            [
              0.0660400390625,
              0.34716796875,
              0.93603515625,
              -0.035247936844825745
            ]
          ]
        ],
        "t0_rotation_rmse": 3.0699820038833447,
        "t0_translation_rmse_100": 7.346583843231201
      }
    ]
  },
  "chair_teacher4659": {
    "best": {
      "psnr": 10.16499137878418,
      "distortion": 0.001413338934071362,
      "rotation_rmse": 2.0244212496913483,
      "translation_rmse_100": 2.390692710876465,
      "t_final": [
        [
          [
            0.92236328125,
            0.2467041015625,
            -0.298095703125,
            0.08369679003953934
          ],
          [
            0.352294921875,
            -0.215576171875,
            0.91064453125,
            0.19827425479888916
          ],
          [
            0.160400390625,
            -0.9453125,
            -0.28564453125,
            0.06666240096092224
          ]
        ]
      ],
      "t0_rotation_rmse": 1.517320734222784,
      "t0_translation_rmse_100": 0.21093077957630157
    },
    "stats_list": [
      {
        "psnr": 10.16499137878418,
        "distortion": 0.001413338934071362,
        "rotation_rmse": 2.0244212496913483,
        "translation_rmse_100": 2.390692710876465,
        "t_final": [
          [
            [
              0.92236328125,
              0.2467041015625,
              -0.298095703125,
              0.08369679003953934
            ],
            [
              0.352294921875,
              -0.215576171875,
              0.91064453125,
              0.19827425479888916
            ],
            [
              0.160400390625,
              -0.9453125,
              -0.28564453125,
              0.06666240096092224
            ]
          ]
        ],
        "t0_rotation_rmse": 1.517320734222784,
        "t0_translation_rmse_100": 0.21093077957630157
      }
    ]
  },
  "Traffic_Cone37b5": {
    "best": {
      "psnr": 14.526358604431152,
      "distortion": 0.0038845380768179893,
      "rotation_rmse": 68.3126722637181,
      "translation_rmse_100": 19.860939025878906,
      "t_final": [
        [
          [
            -0.62890625,
            -0.77685546875,
            0.039764404296875,
            -0.25748398900032043
          ],
          [
            0.75830078125,
            -0.60107421875,
            0.251953125,
            -0.23588313162326813
          ],
          [
            -0.1717529296875,
            0.1884765625,
            0.966796875,
            0.4217663109302521
          ]
        ]
      ],
      "t0_rotation_rmse": 67.56980661590914,
      "t0_translation_rmse_100": 20.150474548339844
    },
    "stats_list": [
      {
        "psnr": 14.526358604431152,
        "distortion": 0.0038845380768179893,
        "rotation_rmse": 68.3126722637181,
        "translation_rmse_100": 19.860939025878906,
        "t_final": [
          [
            [
              -0.62890625,
              -0.77685546875,
              0.039764404296875,
              -0.25748398900032043
            ],
            [
              0.75830078125,
              -0.60107421875,
