{
  "F_15_C_Jungle_Camo16c6": {
    "best": {
      "psnr": 6.783695220947266,
      "distortion": 0.0010480142664164305,
      "rotation_rmse": 24.87036127960078,
      "translation_rmse_100": 14.904869079589844,
      "t_final": [
        [
          [
            0.07965087890625,
            -0.2008056640625,
            0.9765625,
            -0.21423617005348206
          ],
          [
            -0.865234375,
            0.472412109375,
            0.1678466796875,
            0.12491460144519806
          ],
          [
            -0.494873046875,
            -0.85791015625,
            -0.1361083984375,
            0.00918911024928093
          ]
        ]
      ],
      "t0_rotation_rmse": 24.847149222370945,
      "t0_translation_rmse_100": 15.474784851074219
    },
    "stats_list": [
      {
        "psnr": 6.783695220947266,
        "distortion": 0.0010480142664164305,
        "rotation_rmse": 24.87036127960078,
        "translation_rmse_100": 14.904869079589844,
        "t_final": [
          [
            [
              0.07965087890625,
              -0.2008056640625,
              0.9765625,
              -0.21423617005348206
            ],
            [
              -0.865234375,
              0.472412109375,
              0.1678466796875,
              0.12491460144519806
            ],
            [
              -0.494873046875,
              -0.85791015625,
              -0.1361083984375,
              0.00918911024928093
            ]
          ]
        ],
        "t0_rotation_rmse": 24.847149222370945,
        "t0_translation_rmse_100": 15.474784851074219
      }
    ]
  },
  "Hl_Maximilian09f0": {
    "best": {
      "psnr": 10.252349853515625,
      "distortion": 0.0009961276082322001,
      "rotation_rmse": 174.6119556204651,
      "translation_rmse_100": 14.501131057739258,
      "t_final": [
        [
          [
            0.9853515625,
            -0.037017822265625,
            -0.1666259765625,
            0.07410263270139694
          ],
          [
            0.07269287109375,
            0.97412109375,
            0.2132568359375,
            0.22090479731559753
          ],
          [
            0.154541015625,
            -0.2222900390625,
            0.96240234375,
            0.45674699544906616
          ]
        ]
      ],
      "t0_rotation_rmse": 174.77546192533669,
      "t0_translation_rmse_100": 14.732301712036133
    },
    "stats_list": [
      {
        "psnr": 10.252349853515625,
        "distortion": 0.0009961276082322001,
        "rotation_rmse": 174.6119556204651,
        "translation_rmse_100": 14.501131057739258,
        "t_final": [
          [
            [
              0.9853515625,
              -0.037017822265625,
              -0.1666259765625,
              0.07410263270139694
            ],
            [
              0.07269287109375,
              0.97412109375,
              0.2132568359375,
              0.22090479731559753
            ],
            [
              0.154541015625,
              -0.2222900390625,
              0.96240234375,
              0.45674699544906616
            ]
          ]
        ],
        "t0_rotation_rmse": 174.77546192533669,
        "t0_translation_rmse_100": 14.732301712036133
      }
    ]
  },
  "MiG_23_Desert_Camo089f": {
    "best": {
      "psnr": 8.84878921508789,
      "distortion": 0.0016704100416973233,
      "rotation_rmse": 4.888496381983507,
      "translation_rmse_100": 10.920615196228027,
      "t_final": [
        [
          [
            -0.8076171875,
            -0.358154296875,
            -0.468994140625,
            -0.13875113427639008
          ],
          [
            0.54638671875,
            -0.1546630859375,
            -0.82275390625,
            0.07269690185785294
          ],
          [
            0.22216796875,
            -0.92041015625,
            0.320556640625,
            -0.5835095643997192
          ]
        ]
      ],
      "t0_rotation_rmse": 4.963242916245559,
      "t0_translation_rmse_100": 11.332602500915527
    },
    "stats_list": [
      {
        "psnr": 8.84878921508789,
        "distortion": 0.0016704100416973233,
        "rotation_rmse": 4.888496381983507,
        "translation_rmse_100": 10.920615196228027,
        "t_final": [
          [
            [
              -0.8076171875,
              -0.358154296875,
              -0.468994140625,
              -0.13875113427639008
            ],
            [
              0.54638671875,
              -0.1546630859375,
              -0.82275390625,
              0.07269690185785294
            ],
            [
              0.22216796875,
              -0.92041015625,
              0.320556640625,
              -0.5835095643997192
            ]
          ]
        ],
        "t0_rotation_rmse": 4.963242916245559,
        "t0_translation_rmse_100": 11.332602500915527
      }
    ]
  },
  "Tolix_Industrial_Chairs3f2d": {
    "best": {
      "psnr": 6.251926898956299,
      "distortion": 0.0022254069335758686,
      "rotation_rmse": 144.49834647686754,
      "translation_rmse_100": 2.9562368392944336,
      "t_final": [
        [
          [
            0.94140625,
            -0.3369140625,
            0.01445770263671875,
            0.06987562775611877
          ],
          [
            -0.128662109375,
            -0.319091796875,
            0.93896484375,
            0.09415730834007263
          ],
          [
            -0.311767578125,
            -0.8857421875,
            -0.34375,
            0.09950247406959534
          ]
        ]
      ],
      "t0_rotation_rmse": 144.63173396594652,
      "t0_translation_rmse_100": 2.707709312438965
    },
    "stats_list": [
      {
        "psnr": 6.251926898956299,
        "distortion": 0.0022254069335758686,
        "rotation_rmse": 144.49834647686754,
        "translation_rmse_100": 2.9562368392944336,
        "t_final": [
          [
            [
              0.94140625,
              -0.3369140625,
              0.01445770263671875,
              0.06987562775611877
            ],
            [
              -0.128662109375,
              -0.319091796875,
              0.93896484375,
              0.09415730834007263
            ],
            [
              -0.311767578125,
              -0.8857421875,
              -0.34375,
              0.09950247406959534
            ]
          ]
        ],
        "t0_rotation_rmse": 144.63173396594652,
        "t0_translation_rmse_100": 2.707709312438965
      }
    ]
  },
  "Procedural_Bananas3a07": {
    "best": {
      "psnr": 23.853105545043945,
      "distortion": 0.0006748950108885765,
      "rotation_rmse": 0.6279405904726586,
      "translation_rmse_100": 0.0011816620826721191,
      "t_final": [
        [
          [
            0.97705078125,
            -0.2083740234375,
            -0.046966552734375,
            0.1277122050523758
          ],
          [
            -0.2100830078125,
            -0.8974609375,
            -0.3876953125,
            0.08393847197294235
          ],
          [
            0.038665771484375,
            0.388671875,
            -0.92041015625,
            0.15572328865528107
          ]
        ]
      ],
      "t0_rotation_rmse": 1.8640652686491859,
      "t0_translation_rmse_100": 5.211220741271973
    },
    "stats_list": [
      {
        "psnr": 23.853105545043945,
        "distortion": 0.0006748950108885765,
        "rotation_rmse": 0.6279405904726586,
        "translation_rmse_100": 0.0011816620826721191,
        "t_final": [
          [
            [
              0.97705078125,
              -0.2083740234375,
              -0.046966552734375,
              0.1277122050523758
            ],
            [
              -0.2100830078125,
              -0.8974609375,
              -0.3876953125,
              0.08393847197294235
            ],
            [
              0.038665771484375,
              0.388671875,
              -0.92041015625,
              0.15572328865528107
            ]
          ]
        ],
        "t0_rotation_rmse": 1.8640652686491859,
        "t0_translation_rmse_100": 5.211220741271973
      }
    ]
  },
  "Banana_for_scale0a07": {
    "best": {
      "psnr": 20.14024543762207,
      "distortion": 0.0003070788225159049,
      "rotation_rmse": 3.552803520863867,
      "translation_rmse_100": 0.00499337911605835,
      "t_final": [
        [
          [
            0.775390625,
            -0.60986328125,
            0.16357421875,
            0.15151861310005188
          ],
          [
            -0.62451171875,
            -0.77783203125,
            0.06304931640625,
            -0.03936745971441269
          ],
          [
            0.08880615234375,
            -0.151123046875,
            -0.984375,
            0.056637153029441833
          ]
        ]
      ],
      "t0_rotation_rmse": 9.245783021267465,
      "t0_translation_rmse_100": 3.9287216663360596
    },
    "stats_list": [
      {
        "psnr": 20.14024543762207,
        "distortion": 0.0003070788225159049,
        "rotation_rmse": 3.552803520863867,
        "translation_rmse_100": 0.00499337911605835,
        "t_final": [
          [
            [
              0.775390625,
              -0.60986328125,
              0.16357421875,
              0.15151861310005188
            ],
            [
              -0.62451171875,
              -0.77783203125,
              0.06304931640625,
              -0.03936745971441269
            ],
            [
              0.08880615234375,
              -0.151123046875,
              -0.984375,
              0.056637153029441833
            ]
          ]
        ],
        "t0_rotation_rmse": 9.245783021267465,
        "t0_translation_rmse_100": 3.9287216663360596
      }
    ]
  },
  "PB170_Sneaker_Sm18c3": {
    "best": {
      "psnr": 24.338279724121094,
      "distortion": 0.0011208096984773874,
      "rotation_rmse": 0.02562345176980362,
      "translation_rmse_100": 0.03925114870071411,
      "t_final": [
        [
          [
            0.6259765625,
            -0.7353515625,
            0.26025390625,
            0.1393362283706665
          ],
          [
            0.728515625,
            0.67041015625,
            0.140869140625,
            0.01347547397017479
          ],
          [
            -0.278076171875,
            0.1015625,
            0.95556640625,
            0.3306104838848114
          ]
        ]
      ],
      "t0_rotation_rmse": 1.370272810659923,
      "t0_translation_rmse_100": 1.6337945461273193
    },
    "stats_list": [
      {
        "psnr": 24.338279724121094,
        "distortion": 0.0011208096984773874,
        "rotation_rmse": 0.02562345176980362,
        "translation_rmse_100": 0.03925114870071411,
        "t_final": [
          [
            [
              0.6259765625,
              -0.7353515625,
              0.26025390625,
              0.1393362283706665
            ],
            [
              0.728515625,
              0.67041015625,
              0.140869140625,
              0.01347547397017479
            ],
            [
              -0.278076171875,
              0.1015625,
              0.95556640625,
              0.3306104838848114
            ]
          ]
        ],
        "t0_rotation_rmse": 1.370272810659923,
        "t0_translation_rmse_100": 1.6337945461273193
      }
    ]
  },
  "Acoustic_Guitar0aa0": {
    "best": {
      "psnr": 21.89923667907715,
      "distortion": 0.0005689517129212618,
      "rotation_rmse": 1.0870592454649035,
      "translation_rmse_100": 0.20957216620445251,
      "t_final": [
        [
          [
            0.68798828125,
            -0.182861328125,
            -0.7021484375,
            0.09025943279266357
          ],
          [
            0.1123046875,
            0.98291015625,
            -0.14599609375,
            -0.010429144836962223
          ],
          [
            0.71630859375,
            0.02166748046875,
            0.697265625,
            0.18957734107971191
          ]
        ]
      ],
      "t0_rotation_rmse": 3.0032274401908716,
      "t0_translation_rmse_100": 4.6498799324035645
    },
    "stats_list": [
      {
        "psnr": 21.89923667907715,
        "distortion": 0.0005689517129212618,
        "rotation_rmse": 1.0870592454649035,
        "translation_rmse_100": 0.20957216620445251,
        "t_final": [
          [
            [
              0.68798828125,
              -0.182861328125,
              -0.7021484375,
              0.09025943279266357
            ],
            [
              0.1123046875,
              0.98291015625,
              -0.14599609375,
              -0.010429144836962223
            ],
            [
              0.71630859375,
              0.02166748046875,
              0.697265625,
              0.18957734107971191
            ]
          ]
        ],
        "t0_rotation_rmse": 3.0032274401908716,
        "t0_translation_rmse_100": 4.6498799324035645
      }
    ]
  },
  "Banana_3D_Scan2373": {
    "best": {
      "psnr": 20.858367919921875,
      "distortion": 0.0007727949996478856,
      "rotation_rmse": 4.346592318063554,
      "translation_rmse_100": 0.27674809098243713,
      "t_final": [
        [
          [
            -0.74462890625,
            0.57958984375,
            -0.3310546875,
            -0.09392919391393661
          ],
          [
            0.66748046875,
            0.63671875,
            -0.3857421875,
            0.5033289790153503
          ],
          [
            -0.0128936767578125,
            -0.50830078125,
            -0.86083984375,
            0.14901717007160187
          ]
        ]
      ],
      "t0_rotation_rmse": 4.686494616531201,
      "t0_translation_rmse_100": 2.5873265266418457
    },
    "stats_list": [
      {
        "psnr": 20.858367919921875,
        "distortion": 0.0007727949996478856,
        "rotation_rmse": 4.346592318063554,
        "translation_rmse_100": 0.27674809098243713,
        "t_final": [
          [
            [
              -0.74462890625,
              0.57958984375,
              -0.3310546875,
              -0.09392919391393661
            ],
            [
              0.66748046875,
              0.63671875,
              -0.3857421875,
              0.5033289790153503
            ],
            [
              -0.0128936767578125,
              -0.50830078125,
              -0.86083984375,
              0.14901717007160187
            ]
          ]
        ],
        "t0_rotation_rmse": 4.686494616531201,
        "t0_translation_rmse_100": 2.5873265266418457
      }
    ]
  },
  "Test_Model15b4": {
    "best": {
      "psnr": 15.42577075958252,
      "distortion": 0.0007396367145702243,
      "rotation_rmse": 1.297013868005372,
      "translation_rmse_100": 0.4489481449127197,
      "t_final": [
        [
          [
            0.935546875,
            0.1815185546875,
            -0.30224609375,
            0.3203350007534027
          ],
          [
            -0.09112548828125,
            0.95263671875,
            0.290283203125,
            -0.38638436794281006
          ],
          [
            0.3408203125,
            -0.244140625,
            0.90771484375,
            0.42731842398643494
          ]
        ]
      ],
      "t0_rotation_rmse": 5.033556870817728,
      "t0_translation_rmse_100": 0.6992757320404053
    },
    "stats_list": [
      {
        "psnr": 15.42577075958252,
        "distortion": 0.0007396367145702243,
        "rotation_rmse": 1.297013868005372,
        "translation_rmse_100": 0.4489481449127197,
        "t_final": [
          [
            [
              0.935546875,
              0.1815185546875,
              -0.30224609375,
              0.3203350007534027
            ],
            [
              -0.09112548828125,
              0.95263671875,
              0.290283203125,
              -0.38638436794281006
            ],
            [
              0.3408203125,
              -0.244140625,
              0.90771484375,
              0.42731842398643494
            ]
          ]
        ],
        "t0_rotation_rmse": 5.033556870817728,
        "t0_translation_rmse_100": 0.6992757320404053
      }
    ]
  },
  "Hunter_Boy_With_Rabbit_Figurine0a5b": {
    "best": {
      "psnr": 19.445064544677734,
      "distortion": 0.0011143063893541694,
      "rotation_rmse": 0.9055123178580423,
      "translation_rmse_100": 0.0043451786041259766,
      "t_final": [
        [
          [
            0.837890625,
            -0.476806640625,
            -0.2646484375,
            0.30085331201553345
          ],
          [
            0.060302734375,
            -0.401123046875,
            0.9140625,
            -0.030800681561231613
          ],
          [
            -0.5419921875,
            -0.7822265625,
            -0.307373046875,
            0.02665276825428009
          ]
        ]
      ],
      "t0_rotation_rmse": 3.7993921597856986,
      "t0_translation_rmse_100": 9.334033966064453
    },
    "stats_list": [
      {
        "psnr": 19.445064544677734,
        "distortion": 0.0011143063893541694,
        "rotation_rmse": 0.9055123178580423,
        "translation_rmse_100": 0.0043451786041259766,
        "t_final": [
          [
            [
              0.837890625,
              -0.476806640625,
              -0.2646484375,
              0.30085331201553345
            ],
            [
              0.060302734375,
              -0.401123046875,
              0.9140625,
              -0.030800681561231613
            ],
            [
              -0.5419921875,
              -0.7822265625,
              -0.307373046875,
              0.02665276825428009
            ]
          ]
        ],
        "t0_rotation_rmse": 3.7993921597856986,
        "t0_translation_rmse_100": 9.334033966064453
      }
    ]
  },
  "Elephant1608": {
    "best": {
      "psnr": 16.69730567932129,
      "distortion": 0.001078940462321043,
      "rotation_rmse": 2.8539577002553616,
      "translation_rmse_100": 0.7109731435775757,
      "t_final": [
        [
          [
            -0.03546142578125,
            0.54296875,
            0.8388671875,
            -0.37899085879325867
          ],
          [
            0.481201171875,
            0.74560546875,
            -0.461669921875,
            -0.2521440386772156
          ],
          [
            -0.8759765625,
            0.387451171875,
            -0.28759765625,
            -0.3779624104499817
          ]
        ]
      ],
      "t0_rotation_rmse": 5.799620478816608,
      "t0_translation_rmse_100": 1.6968637704849243
    },
    "stats_list": [
      {
        "psnr": 16.69730567932129,
        "distortion": 0.001078940462321043,
        "rotation_rmse": 2.8539577002553616,
        "translation_rmse_100": 0.7109731435775757,
        "t_final": [
          [
            [
              -0.03546142578125,
              0.54296875,
              0.8388671875,
              -0.37899085879325867
            ],
            [
              0.481201171875,
              0.74560546875,
              -0.461669921875,
              -0.2521440386772156
            ],
            [
              -0.8759765625,
              0.387451171875,
              -0.28759765625,
              -0.3779624104499817
            ]
          ]
        ],
        "t0_rotation_rmse": 5.799620478816608,
        "t0_translation_rmse_100": 1.6968637704849243
      }
    ]
  },
  "Ornate_Medieval_Shield22a7": {
    "best": {
      "psnr": 9.415471076965332,
      "distortion": 0.002027080161496997,
      "rotation_rmse": 5.3961889878626845,
      "translation_rmse_100": 5.852015972137451,
      "t_final": [
        [
          [
            0.931640625,
            0.318359375,
            -0.1756591796875,
            -0.018408777192234993
          ],
          [
            0.2396240234375,
            -0.17431640625,
            0.955078125,
            0.3635064959526062
          ],
          [
            0.2734375,
            -0.93212890625,
            -0.23876953125,
            0.3639304041862488
          ]
        ]
      ],
      "t0_rotation_rmse": 6.911668224650347,
      "t0_translation_rmse_100": 1.9701802730560303
    },
    "stats_list": [
      {
        "psnr": 9.415471076965332,
        "distortion": 0.002027080161496997,
        "rotation_rmse": 5.3961889878626845,
        "translation_rmse_100": 5.852015972137451,
        "t_final": [
          [
            [
              0.931640625,
              0.318359375,
              -0.1756591796875,
              -0.018408777192234993
            ],
            [
              0.2396240234375,
              -0.17431640625,
              0.955078125,
              0.3635064959526062
            ],
            [
              0.2734375,
              -0.93212890625,
              -0.23876953125,
              0.3639304041862488
            ]
          ]
        ],
        "t0_rotation_rmse": 6.911668224650347,
        "t0_translation_rmse_100": 1.9701802730560303
      }
    ]
  },
  "Vikings_shield_and_axe1973": {
    "best": {
      "psnr": 14.925390243530273,
      "distortion": 0.0007658646791242063,
      "rotation_rmse": 1.1901294490187309,
      "translation_rmse_100": 1.3926982879638672,
      "t_final": [
        [
          [
            -0.092041015625,
            -0.982421875,
            0.1619873046875,
            0.38456904888153076
          ],
          [
            0.300537109375,
            -0.1824951171875,
            -0.9365234375,
            0.35420507192611694
          ],
          [
            0.94921875,
            -0.0374755859375,
            0.31201171875,
            0.23265162110328674
          ]
        ]
      ],
      "t0_rotation_rmse": 2.6932413727605824,
      "t0_translation_rmse_100": 3.626585006713867
    },
    "stats_list": [
      {
        "psnr": 14.925390243530273,
        "distortion": 0.0007658646791242063,
        "rotation_rmse": 1.1901294490187309,
        "translation_rmse_100": 1.3926982879638672,
        "t_final": [
          [
            [
              -0.092041015625,
              -0.982421875,
              0.1619873046875,
              0.38456904888153076
            ],
            [
              0.300537109375,
              -0.1824951171875,
              -0.9365234375,
              0.35420507192611694
            ],
            [
              0.94921875,
              -0.0374755859375,
              0.31201171875,
              0.23265162110328674
            ]
          ]
        ],
        "t0_rotation_rmse": 2.6932413727605824,
        "t0_translation_rmse_100": 3.626585006713867
      }
    ]
  },
  "Xbox_360_Controller0866": {
    "best": {
      "psnr": 16.997146606445312,
      "distortion": 0.0013279612176120281,
      "rotation_rmse": 1.3715935475821903,
      "translation_rmse_100": 2.7731916904449463,
      "t_final": [
        [
          [
            -0.056304931640625,
            0.666015625,
            -0.74365234375,
            0.07549434900283813
          ],
          [
            0.52880859375,
            0.65185546875,
            0.5439453125,
            -0.07245394587516785
          ],
          [
            0.84716796875,
            -0.3623046875,
            -0.388916015625,
            0.4620651602745056
          ]
        ]
      ],
      "t0_rotation_rmse": 5.321665512511888,
      "t0_translation_rmse_100": 13.631346702575684
    },
    "stats_list": [
      {
        "psnr": 16.997146606445312,
        "distortion": 0.0013279612176120281,
        "rotation_rmse": 1.3715935475821903,
        "translation_rmse_100": 2.7731916904449463,
        "t_final": [
          [
            [
              -0.056304931640625,
              0.666015625,
              -0.74365234375,
              0.07549434900283813
            ],
            [
              0.52880859375,
              0.65185546875,
              0.5439453125,
              -0.07245394587516785
            ],
            [
              0.84716796875,
              -0.3623046875,
              -0.388916015625,
              0.4620651602745056
            ]
          ]
        ],
        "t0_rotation_rmse": 5.321665512511888,
        "t0_translation_rmse_100": 13.631346702575684
      }
    ]
  },
  "Petroleum_lamp0230": {
    "best": {
      "psnr": 19.165443420410156,
      "distortion": 0.0013125778641551733,
      "rotation_rmse": 1.1911748911156346,
      "translation_rmse_100": 0.572553277015686,
      "t_final": [
        [
          [
            -0.17529296875,
            -0.5361328125,
            0.82568359375,
            0.38135454058647156
          ],
          [
            -0.66259765625,
            0.68505859375,
            0.3037109375,
            -0.18616482615470886
          ],
          [
            -0.72900390625,
            -0.49365234375,
            -0.474853515625,
            -0.04117417708039284
          ]
        ]
      ],
      "t0_rotation_rmse": 2.39576684633163,
      "t0_translation_rmse_100": 4.0996880531311035
    },
    "stats_list": [
      {
        "psnr": 19.165443420410156,
        "distortion": 0.0013125778641551733,
        "rotation_rmse": 1.1911748911156346,
        "translation_rmse_100": 0.572553277015686,
        "t_final": [
          [
            [
              -0.17529296875,
              -0.5361328125,
              0.82568359375,
              0.38135454058647156
            ],
            [
              -0.66259765625,
              0.68505859375,
              0.3037109375,
              -0.18616482615470886
            ],
            [
              -0.72900390625,
              -0.49365234375,
              -0.474853515625,
              -0.04117417708039284
            ]
          ]
        ],
        "t0_rotation_rmse": 2.39576684633163,
        "t0_translation_rmse_100": 4.0996880531311035
      }
    ]
  },
  "26851W_Odeon_Lightab66": {
    "best": {
      "psnr": 15.9064302444458,
      "distortion": 0.0014613488456234336,
      "rotation_rmse": 0.02562345176980362,
      "translation_rmse_100": 0.06494447588920593,
      "t_final": [
        [
          [
            -0.8369140625,
            -0.204345703125,
            -0.5078125,
            0.06523919850587845
          ],
          [
            -0.4189453125,
            -0.357666015625,
            0.8349609375,
            0.3120879828929901
          ],
          [
            -0.352294921875,
            0.9111328125,
            0.2137451171875,
            -0.28649547696113586
          ]
        ]
      ],
      "t0_rotation_rmse": 6.397948643594207,
      "t0_translation_rmse_100": 2.7016632556915283
    },
    "stats_list": [
      {
        "psnr": 15.9064302444458,
        "distortion": 0.0014613488456234336,
        "rotation_rmse": 0.02562345176980362,
        "translation_rmse_100": 0.06494447588920593,
        "t_final": [
          [
            [
              -0.8369140625,
              -0.204345703125,
              -0.5078125,
              0.06523919850587845
            ],
            [
              -0.4189453125,
              -0.357666015625,
              0.8349609375,
              0.3120879828929901
            ],
            [
              -0.352294921875,
              0.9111328125,
              0.2137451171875,
              -0.28649547696113586
            ]
          ]
        ],
        "t0_rotation_rmse": 6.397948643594207,
        "t0_translation_rmse_100": 2.7016632556915283
      }
    ]
  },
  "Teddy1b47": {
    "best": {
      "psnr": 17.47995948791504,
      "distortion": 0.0012429362395778298,
      "rotation_rmse": 5.246814872935888,
      "translation_rmse_100": 4.826778888702393,
      "t_final": [
        [
          [
            0.250732421875,
            -0.03179931640625,
            0.96728515625,
            0.05878135561943054
          ],
          [
            -0.66796875,
            -0.72900390625,
            0.1490478515625,
            -0.17861753702163696
          ],
          [
            0.70068359375,
            -0.68359375,
            -0.203857421875,
            -0.21425706148147583
          ]
        ]
      ],
      "t0_rotation_rmse": 5.14521662926614,
      "t0_translation_rmse_100": 3.1696743965148926
    },
    "stats_list": [
      {
        "psnr": 17.47995948791504,
        "distortion": 0.0012429362395778298,
        "rotation_rmse": 5.246814872935888,
        "translation_rmse_100": 4.826778888702393,
        "t_final": [
          [
            [
              0.250732421875,
              -0.03179931640625,
              0.96728515625,
              0.05878135561943054
            ],
            [
              -0.66796875,
              -0.72900390625,
              0.1490478515625,
              -0.17861753702163696
            ],
            [
              0.70068359375,
              -0.68359375,
              -0.203857421875,
              -0.21425706148147583
            ]
          ]
        ],
        "t0_rotation_rmse": 5.14521662926614,
        "t0_translation_rmse_100": 3.1696743965148926
      }
    ]
  },
  "Figura_San_Juan260d": {
    "best": {
      "psnr": 18.26093101501465,
      "distortion": 0.0007522481610067189,
      "rotation_rmse": 0.02562345176980362,
      "translation_rmse_100": 0.11011362075805664,
      "t_final": [
        [
          [
            0.689453125,
            0.51416015625,
            -0.51025390625,
            -0.15380047261714935
          ],
          [
            0.72509765625,
            -0.495361328125,
            0.479248046875,
            0.00027864426374435425
          ],
          [
            -0.00643157958984375,
            -0.7001953125,
            -0.71435546875,
            0.022936875000596046
          ]
        ]
      ],
      "t0_rotation_rmse": 9.362356310458159,
      "t0_translation_rmse_100": 0.8803009986877441
    },
    "stats_list": [
      {
        "psnr": 18.26093101501465,
        "distortion": 0.0007522481610067189,
        "rotation_rmse": 0.02562345176980362,
        "translation_rmse_100": 0.11011362075805664,
        "t_final": [
          [
            [
              0.689453125,
              0.51416015625,
              -0.51025390625,
              -0.15380047261714935
            ],
            [
              0.72509765625,
              -0.495361328125,
              0.479248046875,
              0.00027864426374435425
            ],
            [
              -0.00643157958984375,
              -0.7001953125,
              -0.71435546875,
              0.022936875000596046
            ]
          ]
        ],
        "t0_rotation_rmse": 9.362356310458159,
        "t0_translation_rmse_100": 0.8803009986877441
      }
    ]
  },
  "Stylized_Skateboard10c7": {
    "best": {
      "psnr": 20.49992561340332,
      "distortion": 0.0021063925232738256,
      "rotation_rmse": 179.4124332406951,
      "translation_rmse_100": 1.7818450927734375,
      "t_final": [
        [
          [
            -0.6376953125,
            -0.64697265625,
            0.41845703125,
            -0.3083995580673218
          ],
          [
            -0.66845703125,
            0.1943359375,
            -0.71826171875,
            0.13871198892593384
          ],
          [
            0.38330078125,
            -0.7373046875,
            -0.55615234375,
            0.19459134340286255
          ]
        ]
      ],
      "t0_rotation_rmse": 179.81125046160014,
      "t0_translation_rmse_100": 0.1819610595703125
    },
    "stats_list": [
      {
        "psnr": 20.49992561340332,
        "distortion": 0.0021063925232738256,
        "rotation_rmse": 179.4124332406951,
        "translation_rmse_100": 1.7818450927734375,
        "t_final": [
          [
            [
              -0.6376953125,
              -0.64697265625,
              0.41845703125,
              -0.3083995580673218
            ],
            [
              -0.66845703125,
              0.1943359375,
              -0.71826171875,
              0.13871198892593384
            ],
            [
              0.38330078125,
              -0.7373046875,
              -0.55615234375,
              0.19459134340286255
            ]
          ]
        ],
        "t0_rotation_rmse": 179.81125046160014,
        "t0_translation_rmse_100": 0.1819610595703125
      }
    ]
  },
  "Lantern0231": {
    "best": {
      "psnr": 14.830492973327637,
      "distortion": 0.0010126651031896472,
      "rotation_rmse": 3.338154184054414,
      "translation_rmse_100": 5.934164047241211,
      "t_final": [
        [
          [
            -0.269287109375,
            0.6552734375,
            -0.7060546875,
            0.26186874508857727
          ],
          [
            0.034637451171875,
            -0.7255859375,
            -0.68701171875,
            -0.141638845205307
          ],
          [
            -0.9619140625,
            -0.20947265625,
            0.172607421875,
            -0.3095410168170929
          ]
        ]
      ],
      "t0_rotation_rmse": 1.614631271848251,
      "t0_translation_rmse_100": 6.432744979858398
    },
    "stats_list": [
      {
        "psnr": 14.830492973327637,
        "distortion": 0.0010126651031896472,
        "rotation_rmse": 3.338154184054414,
        "translation_rmse_100": 5.934164047241211,
        "t_final": [
          [
            [
              -0.269287109375,
              0.6552734375,
              -0.7060546875,
              0.26186874508857727
            ],
            [
              0.034637451171875,
              -0.7255859375,
              -0.68701171875,
              -0.141638845205307
            ],
            [
              -0.9619140625,
              -0.20947265625,
              0.172607421875,
              -0.3095410168170929
            ]
          ]
        ],
        "t0_rotation_rmse": 1.614631271848251,
        "t0_translation_rmse_100": 6.432744979858398
      }
    ]
  },
  "model_New_Qlone183a": {
    "best": {
      "psnr": 16.69778060913086,
      "distortion": 0.001407724223099649,
      "rotation_rmse": 0.02562345176980362,
      "translation_rmse_100": 0.1058272123336792,
      "t_final": [
        [
          [
            0.70166015625,
            -0.4873046875,
            0.52001953125,
            0.0021140575408935547
          ],
          [
            -0.2744140625,
            -0.8583984375,
            -0.433837890625,
            -0.0141758993268013
          ],
          [
            0.65771484375,
            0.1617431640625,
            -0.73583984375,
            -0.07365778833627701
          ]
        ]
      ],
      "t0_rotation_rmse": 4.076689984952634,
      "t0_translation_rmse_100": 3.1926803588867188
    },
    "stats_list": [
      {
        "psnr": 16.69778060913086,
        "distortion": 0.001407724223099649,
        "rotation_rmse": 0.02562345176980362,
        "translation_rmse_100": 0.1058272123336792,
        "t_final": [
          [
            [
              0.70166015625,
              -0.4873046875,
              0.52001953125,
              0.0021140575408935547
            ],
            [
              -0.2744140625,
              -0.8583984375,
              -0.433837890625,
              -0.0141758993268013
            ],
            [
              0.65771484375,
              0.1617431640625,
              -0.73583984375,
              -0.07365778833627701
            ]
          ]
        ],
        "t0_rotation_rmse": 4.076689984952634,
        "t0_translation_rmse_100": 3.1926803588867188
      }
    ]
  },
  "FireHydrant_Fortnite_Style_0152": {
    "best": {
      "psnr": 16.578214645385742,
      "distortion": 0.0010225186124444008,
      "rotation_rmse": 7.071079334414261,
      "translation_rmse_100": 0.34627765417099,
      "t_final": [
        [
          [
            0.94970703125,
            -0.306396484375,
            0.0616455078125,
            -0.052725836634635925
          ],
          [
            0.30615234375,
            0.8720703125,
            -0.3818359375,
            0.2547852396965027
          ],
          [
            0.06329345703125,
            0.381591796875,
            0.92236328125,
            -0.02991676703095436
          ]
        ]
      ],
      "t0_rotation_rmse": 7.33860425665146,
      "t0_translation_rmse_100": 0.2911582589149475
    },
    "stats_list": [
      {
        "psnr": 16.578214645385742,
        "distortion": 0.0010225186124444008,
        "rotation_rmse": 7.071079334414261,
        "translation_rmse_100": 0.34627765417099,
        "t_final": [
          [
            [
              0.94970703125,
              -0.306396484375,
              0.0616455078125,
              -0.052725836634635925
            ],
            [
              0.30615234375,
              0.8720703125,
              -0.3818359375,
              0.2547852396965027
            ],
            [
              0.06329345703125,
              0.381591796875,
              0.92236328125,
              -0.02991676703095436
            ]
          ]
        ],
        "t0_rotation_rmse": 7.33860425665146,
        "t0_translation_rmse_100": 0.2911582589149475
      }
    ]
  },
  "chair_teacher4659": {
    "best": {
      "psnr": 19.97673225402832,
      "distortion": 0.001069229212589562,
      "rotation_rmse": 0.02562345176980362,
      "translation_rmse_100": 0.10375566780567169,
      "t_final": [
        [
          [
            0.9306640625,
            0.219482421875,
            -0.29296875,
            0.06082741916179657
          ],
          [
            0.33544921875,
            -0.189453125,
            0.92236328125,
            0.2082476168870926
          ],
          [
            0.14697265625,
            -0.95751953125,
            -0.2498779296875,
            0.08381707221269608
          ]
        ]
      ],
      "t0_rotation_rmse": 3.475503798368234,
      "t0_translation_rmse_100": 0.3128010630607605
    },
    "stats_list": [
      {
        "psnr": 19.97673225402832,
        "distortion": 0.001069229212589562,
        "rotation_rmse": 0.02562345176980362,
        "translation_rmse_100": 0.10375566780567169,
        "t_final": [
          [
            [
              0.9306640625,
              0.219482421875,
              -0.29296875,
              0.06082741916179657
            ],
            [
              0.33544921875,
              -0.189453125,
              0.92236328125,
              0.2082476168870926
            ],
            [
              0.14697265625,
              -0.95751953125,
              -0.2498779296875,
              0.08381707221269608
            ]
          ]
        ],
        "t0_rotation_rmse": 3.475503798368234,
        "t0_translation_rmse_100": 0.3128010630607605
      }
    ]
  },
  "Traffic_Cone37b5": {
    "best": {
      "psnr": 25.76313018798828,
      "distortion": 0.004028616938740015,
      "rotation_rmse": 139.27499234090172,
      "translation_rmse_100": 0.5492873191833496,
      "t_final": [
        [
          [
            -0.9365234375,
            0.2152099609375,
            0.27685546875,
            -0.053381722420454025
          ],
          [
            -0.250732421875,
            -0.962890625,
            -0.09979248046875,
            -0.4644530415534973
          ],
          [
            0.2452392578125,
            -0.1629638671875,
            0.95556640625,
            0.4777902364730835
          ]
        ]
      ],
      "t0_rotation_rmse": 139.8789717508096,
      "t0_translation_rmse_100": 1.9714064598083496
    },
    "stats_list": [
      {
        "psnr": 25.76313018798828,
        "distortion": 0.004028616938740015,
        "rotation_rmse": 139.27499234090172,
        "translation_rmse_100": 0.5492873191833496,
        "t_final": [
          [
            [
              -0.9365234375,
              0.2152099609375,
              0.27685546875,
