{
  "F_15_C_Jungle_Camo16c6": {
    "best": {
      "psnr": 21.87148666381836,
      "distortion": 0.0006042005261406302,
      "rotation_rmse": 0.02562345176980362,
      "translation_rmse_100": 0.12598037719726562,
      "t_final": [
        [
          [
            0.11199951171875,
            -0.525390625,
            0.84375,
            -0.06392768025398254
          ],
          [
            -0.68994140625,
            0.5703125,
            0.4462890625,
            -0.022486470639705658
          ],
          [
            -0.71533203125,
            -0.63232421875,
            -0.29833984375,
            0.09961188584566116
          ]
        ]
      ],
      "t0_rotation_rmse": 1.4975353238242481,
      "t0_translation_rmse_100": 1.1750224828720093
    },
    "stats_list": [
      {
        "psnr": 21.87148666381836,
        "distortion": 0.0006042005261406302,
        "rotation_rmse": 0.02562345176980362,
        "translation_rmse_100": 0.12598037719726562,
        "t_final": [
          [
            [
              0.11199951171875,
              -0.525390625,
              0.84375,
              -0.06392768025398254
            ],
            [
              -0.68994140625,
              0.5703125,
              0.4462890625,
              -0.022486470639705658
            ],
            [
              -0.71533203125,
              -0.63232421875,
              -0.29833984375,
              0.09961188584566116
            ]
          ]
        ],
        "t0_rotation_rmse": 1.4975353238242481,
        "t0_translation_rmse_100": 1.1750224828720093
      }
    ]
  },
  "Hl_Maximilian09f0": {
    "best": {
      "psnr": 21.796968460083008,
      "distortion": 0.0006800007540732622,
      "rotation_rmse": 1.716890942618196,
      "translation_rmse_100": 0.13357996940612793,
      "t_final": [
        [
          [
            0.28076171875,
            0.5927734375,
            -0.75390625,
            -0.06957286596298218
          ],
          [
            0.2252197265625,
            -0.8046875,
            -0.548828125,
            -0.14590147137641907
          ],
          [
            -0.93310546875,
            -0.015625,
            -0.359619140625,
            -0.018136274069547653
          ]
        ]
      ],
      "t0_rotation_rmse": 9.803346124245627,
      "t0_translation_rmse_100": 3.159266710281372
    },
    "stats_list": [
      {
        "psnr": 21.796968460083008,
        "distortion": 0.0006800007540732622,
        "rotation_rmse": 1.716890942618196,
        "translation_rmse_100": 0.13357996940612793,
        "t_final": [
          [
            [
              0.28076171875,
              0.5927734375,
              -0.75390625,
              -0.06957286596298218
            ],
            [
              0.2252197265625,
              -0.8046875,
              -0.548828125,
              -0.14590147137641907
            ],
            [
              -0.93310546875,
              -0.015625,
              -0.359619140625,
              -0.018136274069547653
            ]
          ]
        ],
        "t0_rotation_rmse": 9.803346124245627,
        "t0_translation_rmse_100": 3.159266710281372
      }
    ]
  },
  "MiG_23_Desert_Camo089f": {
    "best": {
      "psnr": 19.99960708618164,
      "distortion": 0.0008619360742159188,
      "rotation_rmse": 0.02562345176980362,
      "translation_rmse_100": 0.15112757682800293,
      "t_final": [
        [
          [
            -0.8447265625,
            -0.3271484375,
            -0.424072265625,
            -0.24946856498718262
          ],
          [
            0.505859375,
            -0.2274169921875,
            -0.83251953125,
            0.08767920732498169
          ],
          [
            0.17578125,
            -0.9169921875,
            0.357421875,
            -0.4575222134590149
          ]
        ]
      ],
      "t0_rotation_rmse": 3.5460733262634188,
      "t0_translation_rmse_100": 3.974980115890503
    },
    "stats_list": [
      {
        "psnr": 19.99960708618164,
        "distortion": 0.0008619360742159188,
        "rotation_rmse": 0.02562345176980362,
        "translation_rmse_100": 0.15112757682800293,
        "t_final": [
          [
            [
              -0.8447265625,
              -0.3271484375,
              -0.424072265625,
              -0.24946856498718262
            ],
            [
              0.505859375,
              -0.2274169921875,
              -0.83251953125,
              0.08767920732498169
            ],
            [
              0.17578125,
              -0.9169921875,
              0.357421875,
              -0.4575222134590149
            ]
          ]
        ],
        "t0_rotation_rmse": 3.5460733262634188,
        "t0_translation_rmse_100": 3.974980115890503
      }
    ]
  },
  "Tolix_Industrial_Chairs3f2d": {
    "best": {
      "psnr": 13.903024673461914,
      "distortion": 0.001434934325516224,
      "rotation_rmse": 2.0482485481122783,
      "translation_rmse_100": 1.0212153196334839,
      "t_final": [
        [
          [
            -0.171142578125,
            0.14892578125,
            0.9736328125,
            0.08922584354877472
          ],
          [
            0.5615234375,
            -0.79736328125,
            0.2205810546875,
            -0.012752935290336609
          ],
          [
            0.8095703125,
            0.58447265625,
            0.05291748046875,
            -0.04104578495025635
          ]
        ]
      ],
      "t0_rotation_rmse": 4.0590340891473105,
      "t0_translation_rmse_100": 0.4509180784225464
    },
    "stats_list": [
      {
        "psnr": 13.903024673461914,
        "distortion": 0.001434934325516224,
        "rotation_rmse": 2.0482485481122783,
        "translation_rmse_100": 1.0212153196334839,
        "t_final": [
          [
            [
              -0.171142578125,
              0.14892578125,
              0.9736328125,
              0.08922584354877472
            ],
            [
              0.5615234375,
              -0.79736328125,
              0.2205810546875,
              -0.012752935290336609
            ],
            [
              0.8095703125,
              0.58447265625,
              0.05291748046875,
              -0.04104578495025635
            ]
          ]
        ],
        "t0_rotation_rmse": 4.0590340891473105,
        "t0_translation_rmse_100": 0.4509180784225464
      }
    ]
  },
  "Procedural_Bananas3a07": {
    "best": {
      "psnr": 22.11442756652832,
      "distortion": 0.0006891482044011354,
      "rotation_rmse": 0.30215941019836856,
      "translation_rmse_100": 0.23931562900543213,
      "t_final": [
        [
          [
            0.9775390625,
            -0.206787109375,
            -0.048370361328125,
            0.12530723214149475
          ],
          [
            -0.2091064453125,
            -0.89501953125,
            -0.39306640625,
            0.09895012527704239
          ],
          [
            0.037994384765625,
            0.39404296875,
            -0.91845703125,
            0.14940452575683594
          ]
        ]
      ],
      "t0_rotation_rmse": 2.0619998715837684,
      "t0_translation_rmse_100": 0.5045503377914429
    },
    "stats_list": [
      {
        "psnr": 22.11442756652832,
        "distortion": 0.0006891482044011354,
        "rotation_rmse": 0.30215941019836856,
        "translation_rmse_100": 0.23931562900543213,
        "t_final": [
          [
            [
              0.9775390625,
              -0.206787109375,
              -0.048370361328125,
              0.12530723214149475
            ],
            [
              -0.2091064453125,
              -0.89501953125,
              -0.39306640625,
              0.09895012527704239
            ],
            [
              0.037994384765625,
              0.39404296875,
              -0.91845703125,
              0.14940452575683594
            ]
          ]
        ],
        "t0_rotation_rmse": 2.0619998715837684,
        "t0_translation_rmse_100": 0.5045503377914429
      }
    ]
  },
  "Banana_for_scale0a07": {
    "best": {
      "psnr": 21.433712005615234,
      "distortion": 0.0002446798316668719,
      "rotation_rmse": 0.02562345176980362,
      "translation_rmse_100": 0.7534950971603394,
      "t_final": [
        [
          [
            0.79833984375,
            -0.58251953125,
            0.1519775390625,
            0.1590036302804947
          ],
          [
            -0.59814453125,
            -0.79638671875,
            0.09210205078125,
            -0.02326457016170025
          ],
          [
            0.0672607421875,
            -0.1644287109375,
            -0.984375,
            0.08265084773302078
          ]
        ]
      ],
      "t0_rotation_rmse": 1.7390884241136235,
      "t0_translation_rmse_100": 3.014847755432129
    },
    "stats_list": [
      {
        "psnr": 21.433712005615234,
        "distortion": 0.0002446798316668719,
        "rotation_rmse": 0.02562345176980362,
        "translation_rmse_100": 0.7534950971603394,
        "t_final": [
          [
            [
              0.79833984375,
              -0.58251953125,
              0.1519775390625,
              0.1590036302804947
            ],
            [
              -0.59814453125,
              -0.79638671875,
              0.09210205078125,
              -0.02326457016170025
            ],
            [
              0.0672607421875,
              -0.1644287109375,
              -0.984375,
              0.08265084773302078
            ]
          ]
        ],
        "t0_rotation_rmse": 1.7390884241136235,
        "t0_translation_rmse_100": 3.014847755432129
      }
    ]
  },
  "PB170_Sneaker_Sm18c3": {
    "best": {
      "psnr": 23.950820922851562,
      "distortion": 0.0011468421434983611,
      "rotation_rmse": 1.1211072248467637,
      "translation_rmse_100": 0.002537667751312256,
      "t_final": [
        [
          [
            0.6259765625,
            -0.734375,
            0.26220703125,
            0.13896909356117249
          ],
          [
            0.72802734375,
            0.6708984375,
            0.1396484375,
            0.014122433960437775
          ],
          [
            -0.27880859375,
            0.1036376953125,
            0.95458984375,
            0.3292665481567383
          ]
        ]
      ],
      "t0_rotation_rmse": 2.0708390282250795,
      "t0_translation_rmse_100": 1.334630012512207
    },
    "stats_list": [
      {
        "psnr": 23.950820922851562,
        "distortion": 0.0011468421434983611,
        "rotation_rmse": 1.1211072248467637,
        "translation_rmse_100": 0.002537667751312256,
        "t_final": [
          [
            [
              0.6259765625,
              -0.734375,
              0.26220703125,
              0.13896909356117249
            ],
            [
              0.72802734375,
              0.6708984375,
              0.1396484375,
              0.014122433960437775
            ],
            [
              -0.27880859375,
              0.1036376953125,
              0.95458984375,
              0.3292665481567383
            ]
          ]
        ],
        "t0_rotation_rmse": 2.0708390282250795,
        "t0_translation_rmse_100": 1.334630012512207
      }
    ]
  },
  "Acoustic_Guitar0aa0": {
    "best": {
      "psnr": 21.520715713500977,
      "distortion": 0.00020415634207893163,
      "rotation_rmse": 1.1866929949375813,
      "translation_rmse_100": 0.31560882925987244,
      "t_final": [
        [
          [
            0.69384765625,
            -0.178955078125,
            -0.697265625,
            0.09131979942321777
          ],
          [
            0.1033935546875,
            0.9833984375,
            -0.1492919921875,
            -0.005550958216190338
          ],
          [
            0.71240234375,
            0.031463623046875,
            0.70068359375,
            0.18281500041484833
          ]
        ]
      ],
      "t0_rotation_rmse": 2.4436038523526356,
      "t0_translation_rmse_100": 1.1599160432815552
    },
    "stats_list": [
      {
        "psnr": 21.520715713500977,
        "distortion": 0.00020415634207893163,
        "rotation_rmse": 1.1866929949375813,
        "translation_rmse_100": 0.31560882925987244,
        "t_final": [
          [
            [
              0.69384765625,
              -0.178955078125,
              -0.697265625,
              0.09131979942321777
            ],
            [
              0.1033935546875,
              0.9833984375,
              -0.1492919921875,
              -0.005550958216190338
            ],
            [
              0.71240234375,
              0.031463623046875,
              0.70068359375,
              0.18281500041484833
            ]
          ]
        ],
        "t0_rotation_rmse": 2.4436038523526356,
        "t0_translation_rmse_100": 1.1599160432815552
      }
    ]
  },
  "Banana_3D_Scan2373": {
    "best": {
      "psnr": 22.285594940185547,
      "distortion": 0.000324894703226164,
      "rotation_rmse": 1.035613739684365,
      "translation_rmse_100": 0.4637598991394043,
      "t_final": [
        [
          [
            -0.70703125,
            0.607421875,
            -0.362060546875,
            -0.09579931199550629
          ],
          [
            0.70703125,
            0.61572265625,
            -0.34716796875,
            0.49903246760368347
          ],
          [
            0.0120086669921875,
            -0.50146484375,
            -0.865234375,
            0.14799126982688904
          ]
        ]
      ],
      "t0_rotation_rmse": 1.6901980815169422,
      "t0_translation_rmse_100": 0.1337885856628418
    },
    "stats_list": [
      {
        "psnr": 22.285594940185547,
        "distortion": 0.000324894703226164,
        "rotation_rmse": 1.035613739684365,
        "translation_rmse_100": 0.4637598991394043,
        "t_final": [
          [
            [
              -0.70703125,
              0.607421875,
              -0.362060546875,
              -0.09579931199550629
            ],
            [
              0.70703125,
              0.61572265625,
              -0.34716796875,
              0.49903246760368347
            ],
            [
              0.0120086669921875,
              -0.50146484375,
              -0.865234375,
              0.14799126982688904
            ]
          ]
        ],
        "t0_rotation_rmse": 1.6901980815169422,
        "t0_translation_rmse_100": 0.1337885856628418
      }
    ]
  },
  "Test_Model15b4": {
    "best": {
      "psnr": 14.745853424072266,
      "distortion": 0.000581530446652323,
      "rotation_rmse": 1.8575039079149855,
      "translation_rmse_100": 0.5484253168106079,
      "t_final": [
        [
          [
            0.94287109375,
            0.157958984375,
            -0.291748046875,
            0.330308735370636
          ],
          [
            -0.077392578125,
            0.9599609375,
            0.269287109375,
            -0.3857473134994507
          ],
          [
            0.32275390625,
            -0.2313232421875,
            0.91748046875,
            0.42033103108406067
          ]
        ]
      ],
      "t0_rotation_rmse": 1.8380423170481675,
      "t0_translation_rmse_100": 2.1460204124450684
    },
    "stats_list": [
      {
        "psnr": 14.745853424072266,
        "distortion": 0.000581530446652323,
        "rotation_rmse": 1.8575039079149855,
        "translation_rmse_100": 0.5484253168106079,
        "t_final": [
          [
            [
              0.94287109375,
              0.157958984375,
              -0.291748046875,
              0.330308735370636
            ],
            [
              -0.077392578125,
              0.9599609375,
              0.269287109375,
              -0.3857473134994507
            ],
            [
              0.32275390625,
              -0.2313232421875,
              0.91748046875,
              0.42033103108406067
            ]
          ]
        ],
        "t0_rotation_rmse": 1.8380423170481675,
        "t0_translation_rmse_100": 2.1460204124450684
      }
    ]
  },
  "Hunter_Boy_With_Rabbit_Figurine0a5b": {
    "best": {
      "psnr": 19.973966598510742,
      "distortion": 0.0008004625560715795,
      "rotation_rmse": 2.528981616682112,
      "translation_rmse_100": 1.6290545463562012,
      "t_final": [
        [
          [
            0.8583984375,
            -0.453369140625,
            -0.240234375,
            0.3171004056930542
          ],
          [
            0.048828125,
            -0.393798828125,
            0.91796875,
            -0.02493247762322426
          ],
          [
            -0.5107421875,
            -0.79931640625,
            -0.316162109375,
            -0.007513953372836113
          ]
        ]
      ],
      "t0_rotation_rmse": 4.270791589164713,
      "t0_translation_rmse_100": 0.5544781684875488
    },
    "stats_list": [
      {
        "psnr": 19.973966598510742,
        "distortion": 0.0008004625560715795,
        "rotation_rmse": 2.528981616682112,
        "translation_rmse_100": 1.6290545463562012,
        "t_final": [
          [
            [
              0.8583984375,
              -0.453369140625,
              -0.240234375,
              0.3171004056930542
            ],
            [
              0.048828125,
              -0.393798828125,
              0.91796875,
              -0.02493247762322426
            ],
            [
              -0.5107421875,
              -0.79931640625,
              -0.316162109375,
              -0.007513953372836113
            ]
          ]
        ],
        "t0_rotation_rmse": 4.270791589164713,
        "t0_translation_rmse_100": 0.5544781684875488
      }
    ]
  },
  "Elephant1608": {
    "best": {
      "psnr": 14.55697250366211,
      "distortion": 0.0013343001483008265,
      "rotation_rmse": 2.6159713017224986,
      "translation_rmse_100": 3.4425973892211914,
      "t_final": [
        [
          [
            -0.080810546875,
            0.58203125,
            0.80908203125,
            -0.4063071012496948
          ],
          [
            0.45068359375,
            0.74560546875,
            -0.490966796875,
            -0.28039973974227905
          ],
          [
            -0.88916015625,
            0.324951171875,
            -0.322509765625,
            -0.32261204719543457
          ]
        ]
      ],
      "t0_rotation_rmse": 8.300297412178725,
      "t0_translation_rmse_100": 3.8805246353149414
    },
    "stats_list": [
      {
        "psnr": 14.55697250366211,
        "distortion": 0.0013343001483008265,
        "rotation_rmse": 2.6159713017224986,
        "translation_rmse_100": 3.4425973892211914,
        "t_final": [
          [
            [
              -0.080810546875,
              0.58203125,
              0.80908203125,
              -0.4063071012496948
            ],
            [
              0.45068359375,
              0.74560546875,
              -0.490966796875,
              -0.28039973974227905
            ],
            [
              -0.88916015625,
              0.324951171875,
              -0.322509765625,
              -0.32261204719543457
            ]
          ]
        ],
        "t0_rotation_rmse": 8.300297412178725,
        "t0_translation_rmse_100": 3.8805246353149414
      }
    ]
  },
  "Ornate_Medieval_Shield22a7": {
    "best": {
      "psnr": 8.634184837341309,
      "distortion": 0.0015602607745677233,
      "rotation_rmse": 16.305299900031603,
      "translation_rmse_100": 54.09276580810547,
      "t_final": [
        [
          [
            0.9619140625,
            0.0506591796875,
            -0.269287109375,
            -0.500816285610199
          ],
          [
            0.27392578125,
            -0.1939697265625,
            0.9423828125,
            0.6817564964294434
          ],
          [
            -0.00458526611328125,
            -0.9794921875,
            -0.200439453125,
            0.18712866306304932
          ]
        ]
      ],
      "t0_rotation_rmse": 1.2941129580863677,
      "t0_translation_rmse_100": 3.067375659942627
    },
    "stats_list": [
      {
        "psnr": 8.634184837341309,
        "distortion": 0.0015602607745677233,
        "rotation_rmse": 16.305299900031603,
        "translation_rmse_100": 54.09276580810547,
        "t_final": [
          [
            [
              0.9619140625,
              0.0506591796875,
              -0.269287109375,
              -0.500816285610199
            ],
            [
              0.27392578125,
              -0.1939697265625,
              0.9423828125,
              0.6817564964294434
            ],
            [
              -0.00458526611328125,
              -0.9794921875,
              -0.200439453125,
              0.18712866306304932
            ]
          ]
        ],
        "t0_rotation_rmse": 1.2941129580863677,
        "t0_translation_rmse_100": 3.067375659942627
      }
    ]
  },
  "Vikings_shield_and_axe1973": {
    "best": {
      "psnr": 14.819758415222168,
      "distortion": 0.0005866852588951588,
      "rotation_rmse": 2.555196184414793,
      "translation_rmse_100": 1.2546956539154053,
      "t_final": [
        [
          [
            -0.141357421875,
            -0.97998046875,
            0.1434326171875,
            0.3859490752220154
          ],
          [
            0.303955078125,
            -0.1807861328125,
            -0.93505859375,
            0.3757311701774597
          ],
          [
            0.9423828125,
            -0.088623046875,
            0.3232421875,
            0.2643582820892334
          ]
        ]
      ],
      "t0_rotation_rmse": 3.9162446225306433,
      "t0_translation_rmse_100": 1.5190541744232178
    },
    "stats_list": [
      {
        "psnr": 14.819758415222168,
        "distortion": 0.0005866852588951588,
        "rotation_rmse": 2.555196184414793,
        "translation_rmse_100": 1.2546956539154053,
        "t_final": [
          [
            [
              -0.141357421875,
              -0.97998046875,
              0.1434326171875,
              0.3859490752220154
            ],
            [
              0.303955078125,
              -0.1807861328125,
              -0.93505859375,
              0.3757311701774597
            ],
            [
              0.9423828125,
              -0.088623046875,
              0.3232421875,
              0.2643582820892334
            ]
          ]
        ],
        "t0_rotation_rmse": 3.9162446225306433,
        "t0_translation_rmse_100": 1.5190541744232178
      }
    ]
  },
  "Xbox_360_Controller0866": {
    "best": {
      "psnr": 18.69709587097168,
      "distortion": 0.0007216147496365011,
      "rotation_rmse": 0.02562345176980362,
      "translation_rmse_100": 0.9414829015731812,
      "t_final": [
        [
          [
            -0.03509521484375,
            0.65771484375,
            -0.75244140625,
            0.057177260518074036
          ],
          [
            0.52490234375,
            0.6533203125,
            0.5458984375,
            -0.05722314119338989
          ],
          [
            0.8505859375,
            -0.375732421875,
            -0.367919921875,
            0.47071903944015503
          ]
        ]
      ],
      "t0_rotation_rmse": 7.13932478106983,
      "t0_translation_rmse_100": 4.124466419219971
    },
    "stats_list": [
      {
        "psnr": 18.69709587097168,
        "distortion": 0.0007216147496365011,
        "rotation_rmse": 0.02562345176980362,
        "translation_rmse_100": 0.9414829015731812,
        "t_final": [
          [
            [
              -0.03509521484375,
              0.65771484375,
              -0.75244140625,
              0.057177260518074036
            ],
            [
              0.52490234375,
              0.6533203125,
              0.5458984375,
              -0.05722314119338989
            ],
            [
              0.8505859375,
              -0.375732421875,
              -0.367919921875,
              0.47071903944015503
            ]
          ]
        ],
        "t0_rotation_rmse": 7.13932478106983,
        "t0_translation_rmse_100": 4.124466419219971
      }
    ]
  },
  "Petroleum_lamp0230": {
    "best": {
      "psnr": 18.835535049438477,
      "distortion": 0.0010064105736091733,
      "rotation_rmse": 1.606395280652413,
      "translation_rmse_100": 1.1033624410629272,
      "t_final": [
        [
          [
            -0.1734619140625,
            -0.52978515625,
            0.83056640625,
            0.37604644894599915
          ],
          [
            -0.66796875,
            0.68212890625,
            0.2958984375,
            -0.18252450227737427
          ],
          [
            -0.72314453125,
            -0.50341796875,
            -0.472412109375,
            -0.03732111304998398
          ]
        ]
      ],
      "t0_rotation_rmse": 2.8166886491709127,
      "t0_translation_rmse_100": 0.9120553731918335
    },
    "stats_list": [
      {
        "psnr": 18.835535049438477,
        "distortion": 0.0010064105736091733,
        "rotation_rmse": 1.606395280652413,
        "translation_rmse_100": 1.1033624410629272,
        "t_final": [
          [
            [
              -0.1734619140625,
              -0.52978515625,
              0.83056640625,
              0.37604644894599915
            ],
            [
              -0.66796875,
              0.68212890625,
              0.2958984375,
              -0.18252450227737427
            ],
            [
              -0.72314453125,
              -0.50341796875,
              -0.472412109375,
              -0.03732111304998398
            ]
          ]
        ],
        "t0_rotation_rmse": 2.8166886491709127,
        "t0_translation_rmse_100": 0.9120553731918335
      }
    ]
  },
  "26851W_Odeon_Lightab66": {
    "best": {
      "psnr": 15.655745506286621,
      "distortion": 0.001190507085993886,
      "rotation_rmse": 1.4638979409662056,
      "translation_rmse_100": 1.0324041843414307,
      "t_final": [
        [
          [
            -0.8310546875,
            -0.1812744140625,
            -0.5263671875,
            0.055564600974321365
          ],
          [
            -0.442626953125,
            -0.359619140625,
            0.8212890625,
            0.3352430462837219
          ],
          [
            -0.33837890625,
            0.91552734375,
            0.2183837890625,
            -0.30252692103385925
          ]
        ]
      ],
      "t0_rotation_rmse": 1.9751220758219012,
      "t0_translation_rmse_100": 3.0709784030914307
    },
    "stats_list": [
      {
        "psnr": 15.655745506286621,
        "distortion": 0.001190507085993886,
        "rotation_rmse": 1.4638979409662056,
        "translation_rmse_100": 1.0324041843414307,
        "t_final": [
          [
            [
              -0.8310546875,
              -0.1812744140625,
              -0.5263671875,
              0.055564600974321365
            ],
            [
              -0.442626953125,
              -0.359619140625,
              0.8212890625,
              0.3352430462837219
            ],
            [
              -0.33837890625,
              0.91552734375,
              0.2183837890625,
              -0.30252692103385925
            ]
          ]
        ],
        "t0_rotation_rmse": 1.9751220758219012,
        "t0_translation_rmse_100": 3.0709784030914307
      }
    ]
  },
  "Teddy1b47": {
    "best": {
      "psnr": 18.3463077545166,
      "distortion": 0.001110499375499785,
      "rotation_rmse": 3.7684909388696255,
      "translation_rmse_100": 4.453542709350586,
      "t_final": [
        [
          [
            0.298828125,
            -0.033050537109375,
            0.9541015625,
            0.06251371651887894
          ],
          [
            -0.65087890625,
            -0.73779296875,
            0.178466796875,
            -0.17027530074119568
          ],
          [
            0.69775390625,
            -0.67431640625,
            -0.2420654296875,
            -0.2246328741312027
          ]
        ]
      ],
      "t0_rotation_rmse": 7.137316986572657,
      "t0_translation_rmse_100": 6.543996810913086
    },
    "stats_list": [
      {
        "psnr": 18.3463077545166,
        "distortion": 0.001110499375499785,
        "rotation_rmse": 3.7684909388696255,
        "translation_rmse_100": 4.453542709350586,
        "t_final": [
          [
            [
              0.298828125,
              -0.033050537109375,
              0.9541015625,
              0.06251371651887894
            ],
            [
              -0.65087890625,
              -0.73779296875,
              0.178466796875,
              -0.17027530074119568
            ],
            [
              0.69775390625,
              -0.67431640625,
              -0.2420654296875,
              -0.2246328741312027
            ]
          ]
        ],
        "t0_rotation_rmse": 7.137316986572657,
        "t0_translation_rmse_100": 6.543996810913086
      }
    ]
  },
  "Figura_San_Juan260d": {
    "best": {
      "psnr": 19.935976028442383,
      "distortion": 0.0011395131004974246,
      "rotation_rmse": 1.3763569139508827,
      "translation_rmse_100": 0.3596797585487366,
      "t_final": [
        [
          [
            0.68896484375,
            0.5146484375,
            -0.509765625,
            -0.15629613399505615
          ],
          [
            0.72412109375,
            -0.49365234375,
            0.481201171875,
            -0.007729342207312584
          ],
          [
            -0.00376129150390625,
            -0.701171875,
            -0.712890625,
            0.01103723980486393
          ]
        ]
      ],
      "t0_rotation_rmse": 4.311961887039795,
      "t0_translation_rmse_100": 2.820922374725342
    },
    "stats_list": [
      {
        "psnr": 19.935976028442383,
        "distortion": 0.0011395131004974246,
        "rotation_rmse": 1.3763569139508827,
        "translation_rmse_100": 0.3596797585487366,
        "t_final": [
          [
            [
              0.68896484375,
              0.5146484375,
              -0.509765625,
              -0.15629613399505615
            ],
            [
              0.72412109375,
              -0.49365234375,
              0.481201171875,
              -0.007729342207312584
            ],
            [
              -0.00376129150390625,
              -0.701171875,
              -0.712890625,
              0.01103723980486393
            ]
          ]
        ],
        "t0_rotation_rmse": 4.311961887039795,
        "t0_translation_rmse_100": 2.820922374725342
      }
    ]
  },
  "Stylized_Skateboard10c7": {
    "best": {
      "psnr": 21.424951553344727,
      "distortion": 0.000626620720140636,
      "rotation_rmse": 179.66802726180015,
      "translation_rmse_100": 2.0954012870788574,
      "t_final": [
        [
          [
            -0.6376953125,
            -0.64990234375,
            0.412841796875,
            -0.3052639961242676
          ],
          [
            -0.66650390625,
            0.1973876953125,
            -0.71923828125,
            0.13755665719509125
          ],
          [
            0.385986328125,
            -0.73388671875,
            -0.5595703125,
            0.197625070810318
          ]
        ]
      ],
      "t0_rotation_rmse": 179.4499023390445,
      "t0_translation_rmse_100": 3.0437350273132324
    },
    "stats_list": [
      {
        "psnr": 21.424951553344727,
        "distortion": 0.000626620720140636,
        "rotation_rmse": 179.66802726180015,
        "translation_rmse_100": 2.0954012870788574,
        "t_final": [
          [
            [
              -0.6376953125,
              -0.64990234375,
              0.412841796875,
              -0.3052639961242676
            ],
            [
              -0.66650390625,
              0.1973876953125,
              -0.71923828125,
              0.13755665719509125
            ],
            [
              0.385986328125,
              -0.73388671875,
              -0.5595703125,
              0.197625070810318
            ]
          ]
        ],
        "t0_rotation_rmse": 179.4499023390445,
        "t0_translation_rmse_100": 3.0437350273132324
      }
    ]
  },
  "Lantern0231": {
    "best": {
      "psnr": 17.927154541015625,
      "distortion": 0.0009484469192102551,
      "rotation_rmse": 1.5611315564526622,
      "translation_rmse_100": 0.9069472551345825,
      "t_final": [
        [
          [
            -0.225341796875,
            0.67919921875,
            -0.6982421875,
            0.31214091181755066
          ],
          [
            0.03619384765625,
            -0.71044921875,
            -0.70263671875,
            -0.10586633533239365
          ],
          [
            -0.97314453125,
            -0.1837158203125,
            0.1356201171875,
            -0.317761093378067
          ]
        ]
      ],
      "t0_rotation_rmse": 2.687362058504004,
      "t0_translation_rmse_100": 2.428624153137207
    },
    "stats_list": [
      {
        "psnr": 17.927154541015625,
        "distortion": 0.0009484469192102551,
        "rotation_rmse": 1.5611315564526622,
        "translation_rmse_100": 0.9069472551345825,
        "t_final": [
          [
            [
              -0.225341796875,
              0.67919921875,
              -0.6982421875,
              0.31214091181755066
            ],
            [
              0.03619384765625,
              -0.71044921875,
              -0.70263671875,
              -0.10586633533239365
            ],
            [
              -0.97314453125,
              -0.1837158203125,
              0.1356201171875,
              -0.317761093378067
            ]
          ]
        ],
        "t0_rotation_rmse": 2.687362058504004,
        "t0_translation_rmse_100": 2.428624153137207
      }
    ]
  },
  "model_New_Qlone183a": {
    "best": {
      "psnr": 20.873441696166992,
      "distortion": 0.0006113016279414296,
      "rotation_rmse": 0.02562345176980362,
      "translation_rmse_100": 1.7991132736206055,
      "t_final": [
        [
          [
            0.70654296875,
            -0.485107421875,
            0.515625,
            0.01904691942036152
          ],
          [
            -0.27197265625,
            -0.85888671875,
            -0.434814453125,
            -0.010526309721171856
          ],
          [
            0.65380859375,
            0.1668701171875,
            -0.73876953125,
            -0.07488752156496048
          ]
        ]
      ],
      "t0_rotation_rmse": 1.2322913667457298,
      "t0_translation_rmse_100": 0.296122670173645
    },
    "stats_list": [
      {
        "psnr": 20.873441696166992,
        "distortion": 0.0006113016279414296,
        "rotation_rmse": 0.02562345176980362,
        "translation_rmse_100": 1.7991132736206055,
        "t_final": [
          [
            [
              0.70654296875,
              -0.485107421875,
              0.515625,
              0.01904691942036152
            ],
            [
              -0.27197265625,
              -0.85888671875,
              -0.434814453125,
              -0.010526309721171856
            ],
            [
              0.65380859375,
              0.1668701171875,
              -0.73876953125,
              -0.07488752156496048
            ]
          ]
        ],
        "t0_rotation_rmse": 1.2322913667457298,
        "t0_translation_rmse_100": 0.296122670173645
      }
    ]
  },
  "FireHydrant_Fortnite_Style_0152": {
    "best": {
      "psnr": 16.476299285888672,
      "distortion": 0.0012957531725987792,
      "rotation_rmse": 0.8262966247438671,
      "translation_rmse_100": 3.099719524383545,
      "t_final": [
        [
          [
            0.91357421875,
            -0.398193359375,
            0.083251953125,
            -0.0871858075261116
          ],
          [
            0.403564453125,
            0.861328125,
            -0.308837890625,
            0.30079567432403564
          ],
          [
            0.05120849609375,
            0.315673828125,
            0.94775390625,
            -0.05267072841525078
          ]
        ]
      ],
      "t0_rotation_rmse": 1.5280274545114743,
      "t0_translation_rmse_100": 2.980128765106201
    },
    "stats_list": [
      {
        "psnr": 16.476299285888672,
        "distortion": 0.0012957531725987792,
        "rotation_rmse": 0.8262966247438671,
        "translation_rmse_100": 3.099719524383545,
        "t_final": [
          [
            [
              0.91357421875,
              -0.398193359375,
              0.083251953125,
              -0.0871858075261116
            ],
            [
              0.403564453125,
              0.861328125,
              -0.308837890625,
              0.30079567432403564
            ],
            [
              0.05120849609375,
              0.315673828125,
              0.94775390625,
              -0.05267072841525078
            ]
          ]
        ],
        "t0_rotation_rmse": 1.5280274545114743,
        "t0_translation_rmse_100": 2.980128765106201
      }
    ]
  },
  "chair_teacher4659": {
    "best": {
      "psnr": 19.008365631103516,
      "distortion": 0.0008609544020146132,
      "rotation_rmse": 1.2555825352168626,
      "translation_rmse_100": 0.6126549243927002,
      "t_final": [
        [
          [
            0.9306640625,
            0.2200927734375,
            -0.291748046875,
            0.06591641157865524
          ],
          [
            0.33447265625,
            -0.1903076171875,
            0.9228515625,
            0.21128642559051514
          ],
          [
            0.1475830078125,
            -0.95654296875,
            -0.250732421875,
            0.07569172978401184
          ]
        ]
      ],
      "t0_rotation_rmse": 1.9092347917418617,
      "t0_translation_rmse_100": 3.4065101146698
    },
    "stats_list": [
      {
        "psnr": 19.008365631103516,
        "distortion": 0.0008609544020146132,
        "rotation_rmse": 1.2555825352168626,
        "translation_rmse_100": 0.6126549243927002,
        "t_final": [
          [
            [
              0.9306640625,
              0.2200927734375,
              -0.291748046875,
              0.06591641157865524
            ],
            [
              0.33447265625,
              -0.1903076171875,
              0.9228515625,
              0.21128642559051514
            ],
            [
              0.1475830078125,
              -0.95654296875,
              -0.250732421875,
              0.07569172978401184
            ]
          ]
        ],
        "t0_rotation_rmse": 1.9092347917418617,
        "t0_translation_rmse_100": 3.4065101146698
      }
    ]
  },
  "Traffic_Cone37b5": {
    "best": {
      "psnr": 23.808435440063477,
      "distortion": 0.0018803274724632502,
      "rotation_rmse": 53.17635026183356,
      "translation_rmse_100": 25.14292335510254,
      "t_final": [
        [
          [
            0.7861328125,
            -0.31103515625,
            0.533203125,
            0.19255462288856506
          ],
          [
            -0.09033203125,
            0.7958984375,
            0.59765625,
            0.03657075762748718
          ],
          [
            -0.61083984375,
            -0.5185546875,
            0.59814453125,
            0.18709702789783478
          ]
        ]
      ],
      "t0_rotation_rmse": 54.51977999961969,
      "t0_translation_rmse_100": 23.98249053955078
    },
    "stats_list": [
      {
        "psnr": 23.808435440063477,
        "distortion": 0.0018803274724632502,
        "rotation_rmse": 53.17635026183356,
        "translation_rmse_100": 25.14292335510254,
        "t_final": [
          [
            [
              0.7861328125,
              -0.31103515625,
