{
  "F_15_C_Jungle_Camo16c6": {
    "best": {
      "psnr": 23.940664291381836,
      "distortion": 0.0007584294653497636,
      "rotation_rmse": 0.3145995311843255,
      "translation_rmse_100": 0.11763870716094971,
      "t_final": [
        [
          [
            0.11322021484375,
            -0.52783203125,
            0.84228515625,
            -0.0640110969543457
          ],
          [
            -0.689453125,
            0.56787109375,
            0.44873046875,
            -0.021316375583410263
          ],
          [
            -0.71533203125,
            -0.63134765625,
            -0.29931640625,
            0.09963084757328033
          ]
        ]
      ],
      "t0_rotation_rmse": 2.000375179412843,
      "t0_translation_rmse_100": 2.54654598236084
    },
    "stats_list": [
      {
        "psnr": 23.940664291381836,
        "distortion": 0.0007584294653497636,
        "rotation_rmse": 0.3145995311843255,
        "translation_rmse_100": 0.11763870716094971,
        "t_final": [
          [
            [
              0.11322021484375,
              -0.52783203125,
              0.84228515625,
              -0.0640110969543457
            ],
            [
              -0.689453125,
              0.56787109375,
              0.44873046875,
              -0.021316375583410263
            ],
            [
              -0.71533203125,
              -0.63134765625,
              -0.29931640625,
              0.09963084757328033
            ]
          ]
        ],
        "t0_rotation_rmse": 2.000375179412843,
        "t0_translation_rmse_100": 2.54654598236084
      }
    ]
  },
  "Hl_Maximilian09f0": {
    "best": {
      "psnr": 23.26921844482422,
      "distortion": 0.0009325877763330936,
      "rotation_rmse": 1.5250958980569562,
      "translation_rmse_100": 0.16516894102096558,
      "t_final": [
        [
          [
            0.280517578125,
            0.595703125,
            -0.75244140625,
            -0.0692569762468338
          ],
          [
            0.226806640625,
            -0.80322265625,
            -0.55078125,
            -0.14551950991153717
          ],
          [
            -0.93212890625,
            -0.0162200927734375,
            -0.3603515625,
            -0.018763791769742966
          ]
        ]
      ],
      "t0_rotation_rmse": 21.39244283031827,
      "t0_translation_rmse_100": 4.534538269042969
    },
    "stats_list": [
      {
        "psnr": 23.26921844482422,
        "distortion": 0.0009325877763330936,
        "rotation_rmse": 1.5250958980569562,
        "translation_rmse_100": 0.16516894102096558,
        "t_final": [
          [
            [
              0.280517578125,
              0.595703125,
              -0.75244140625,
              -0.0692569762468338
            ],
            [
              0.226806640625,
              -0.80322265625,
              -0.55078125,
              -0.14551950991153717
            ],
            [
              -0.93212890625,
              -0.0162200927734375,
              -0.3603515625,
              -0.018763791769742966
            ]
          ]
        ],
        "t0_rotation_rmse": 21.39244283031827,
        "t0_translation_rmse_100": 4.534538269042969
      }
    ]
  },
  "MiG_23_Desert_Camo089f": {
    "best": {
      "psnr": 20.090639114379883,
      "distortion": 0.0011200247099623084,
      "rotation_rmse": 0.02562345176980362,
      "translation_rmse_100": 0.030425190925598145,
      "t_final": [
        [
          [
            -0.84228515625,
            -0.327880859375,
            -0.42822265625,
            -0.24826154112815857
          ],
          [
            0.509765625,
            -0.2244873046875,
            -0.83056640625,
            0.09952779859304428
          ],
          [
            0.1761474609375,
            -0.91796875,
            0.356201171875,
            -0.452487587928772
          ]
        ]
      ],
      "t0_rotation_rmse": 3.773725669806354,
      "t0_translation_rmse_100": 3.4211130142211914
    },
    "stats_list": [
      {
        "psnr": 20.090639114379883,
        "distortion": 0.0011200247099623084,
        "rotation_rmse": 0.02562345176980362,
        "translation_rmse_100": 0.030425190925598145,
        "t_final": [
          [
            [
              -0.84228515625,
              -0.327880859375,
              -0.42822265625,
              -0.24826154112815857
            ],
            [
              0.509765625,
              -0.2244873046875,
              -0.83056640625,
              0.09952779859304428
            ],
            [
              0.1761474609375,
              -0.91796875,
              0.356201171875,
              -0.452487587928772
            ]
          ]
        ],
        "t0_rotation_rmse": 3.773725669806354,
        "t0_translation_rmse_100": 3.4211130142211914
      }
    ]
  },
  "Tolix_Industrial_Chairs3f2d": {
    "best": {
      "psnr": 12.563352584838867,
      "distortion": 0.0028754835948348045,
      "rotation_rmse": 2.097675890131772,
      "translation_rmse_100": 1.0989516973495483,
      "t_final": [
        [
          [
            -0.1783447265625,
            0.130126953125,
            0.97509765625,
            0.08844847977161407
          ],
          [
            0.57958984375,
            -0.78662109375,
            0.2110595703125,
            -0.025802668184041977
          ],
          [
            0.79443359375,
            0.60302734375,
            0.06488037109375,
            -0.04636941850185394
          ]
        ]
      ],
      "t0_rotation_rmse": 6.235253353596635,
      "t0_translation_rmse_100": 0.21851956844329834
    },
    "stats_list": [
      {
        "psnr": 12.563352584838867,
        "distortion": 0.0028754835948348045,
        "rotation_rmse": 2.097675890131772,
        "translation_rmse_100": 1.0989516973495483,
        "t_final": [
          [
            [
              -0.1783447265625,
              0.130126953125,
              0.97509765625,
              0.08844847977161407
            ],
            [
              0.57958984375,
              -0.78662109375,
              0.2110595703125,
              -0.025802668184041977
            ],
            [
              0.79443359375,
              0.60302734375,
              0.06488037109375,
              -0.04636941850185394
            ]
          ]
        ],
        "t0_rotation_rmse": 6.235253353596635,
        "t0_translation_rmse_100": 0.21851956844329834
      }
    ]
  },
  "Procedural_Bananas3a07": {
    "best": {
      "psnr": 24.515377044677734,
      "distortion": 0.0006726699066348374,
      "rotation_rmse": 1.162242254246699,
      "translation_rmse_100": 0.2906091511249542,
      "t_final": [
        [
          [
            0.9775390625,
            -0.204345703125,
            -0.04638671875,
            0.12479429692029953
          ],
          [
            -0.2059326171875,
            -0.896484375,
            -0.392578125,
            0.07989159971475601
          ],
          [
            0.03857421875,
            0.393310546875,
            -0.91845703125,
            0.15958139300346375
          ]
        ]
      ],
      "t0_rotation_rmse": 2.6594777744317106,
      "t0_translation_rmse_100": 1.7913110256195068
    },
    "stats_list": [
      {
        "psnr": 24.515377044677734,
        "distortion": 0.0006726699066348374,
        "rotation_rmse": 1.162242254246699,
        "translation_rmse_100": 0.2906091511249542,
        "t_final": [
          [
            [
              0.9775390625,
              -0.204345703125,
              -0.04638671875,
              0.12479429692029953
            ],
            [
              -0.2059326171875,
              -0.896484375,
              -0.392578125,
              0.07989159971475601
            ],
            [
              0.03857421875,
              0.393310546875,
              -0.91845703125,
              0.15958139300346375
            ]
          ]
        ],
        "t0_rotation_rmse": 2.6594777744317106,
        "t0_translation_rmse_100": 1.7913110256195068
      }
    ]
  },
  "Banana_for_scale0a07": {
    "best": {
      "psnr": 20.204448699951172,
      "distortion": 0.00036800449015572667,
      "rotation_rmse": 4.235721531071751,
      "translation_rmse_100": 1.3321294784545898,
      "t_final": [
        [
          [
            0.83447265625,
            -0.53173828125,
            0.1436767578125,
            0.16478997468948364
          ],
          [
            -0.55029296875,
            -0.81982421875,
            0.1583251953125,
            -0.10015285015106201
          ],
          [
            0.033599853515625,
            -0.2110595703125,
            -0.97705078125,
            0.05299694091081619
          ]
        ]
      ],
      "t0_rotation_rmse": 2.2151175297969496,
      "t0_translation_rmse_100": 1.1336908340454102
    },
    "stats_list": [
      {
        "psnr": 20.204448699951172,
        "distortion": 0.00036800449015572667,
        "rotation_rmse": 4.235721531071751,
        "translation_rmse_100": 1.3321294784545898,
        "t_final": [
          [
            [
              0.83447265625,
              -0.53173828125,
              0.1436767578125,
              0.16478997468948364
            ],
            [
              -0.55029296875,
              -0.81982421875,
              0.1583251953125,
              -0.10015285015106201
            ],
            [
              0.033599853515625,
              -0.2110595703125,
              -0.97705078125,
              0.05299694091081619
            ]
          ]
        ],
        "t0_rotation_rmse": 2.2151175297969496,
        "t0_translation_rmse_100": 1.1336908340454102
      }
    ]
  },
  "PB170_Sneaker_Sm18c3": {
    "best": {
      "psnr": 24.76128578186035,
      "distortion": 0.0011305860243737698,
      "rotation_rmse": 0.02562345176980362,
      "translation_rmse_100": 0.060026347637176514,
      "t_final": [
        [
          [
            0.62841796875,
            -0.7333984375,
            0.259765625,
            0.1383434534072876
          ],
          [
            0.7265625,
            0.6728515625,
            0.139892578125,
            0.014653423801064491
          ],
          [
            -0.27734375,
            0.10101318359375,
            0.95556640625,
            0.3289439380168915
          ]
        ]
      ],
      "t0_rotation_rmse": 6.779667857968356,
      "t0_translation_rmse_100": 0.264112651348114
    },
    "stats_list": [
      {
        "psnr": 24.76128578186035,
        "distortion": 0.0011305860243737698,
        "rotation_rmse": 0.02562345176980362,
        "translation_rmse_100": 0.060026347637176514,
        "t_final": [
          [
            [
              0.62841796875,
              -0.7333984375,
              0.259765625,
              0.1383434534072876
            ],
            [
              0.7265625,
              0.6728515625,
              0.139892578125,
              0.014653423801064491
            ],
            [
              -0.27734375,
              0.10101318359375,
              0.95556640625,
              0.3289439380168915
            ]
          ]
        ],
        "t0_rotation_rmse": 6.779667857968356,
        "t0_translation_rmse_100": 0.264112651348114
      }
    ]
  },
  "Acoustic_Guitar0aa0": {
    "best": {
      "psnr": 22.13313102722168,
      "distortion": 0.0006014521350152791,
      "rotation_rmse": 1.7113838134956991,
      "translation_rmse_100": 0.47510266304016113,
      "t_final": [
        [
          [
            0.68798828125,
            -0.1851806640625,
            -0.70166015625,
            0.09291473776102066
          ],
          [
            0.1146240234375,
            0.98193359375,
            -0.14697265625,
            -0.010698838159441948
          ],
          [
            0.716796875,
            0.0205841064453125,
            0.69677734375,
            0.1895512342453003
          ]
        ]
      ],
      "t0_rotation_rmse": 2.421987843581289,
      "t0_translation_rmse_100": 3.389531373977661
    },
    "stats_list": [
      {
        "psnr": 22.13313102722168,
        "distortion": 0.0006014521350152791,
        "rotation_rmse": 1.7113838134956991,
        "translation_rmse_100": 0.47510266304016113,
        "t_final": [
          [
            [
              0.68798828125,
              -0.1851806640625,
              -0.70166015625,
              0.09291473776102066
            ],
            [
              0.1146240234375,
              0.98193359375,
              -0.14697265625,
              -0.010698838159441948
            ],
            [
              0.716796875,
              0.0205841064453125,
              0.69677734375,
              0.1895512342453003
            ]
          ]
        ],
        "t0_rotation_rmse": 2.421987843581289,
        "t0_translation_rmse_100": 3.389531373977661
      }
    ]
  },
  "Banana_3D_Scan2373": {
    "best": {
      "psnr": 21.312517166137695,
      "distortion": 0.0007454333826899529,
      "rotation_rmse": 4.157608234843103,
      "translation_rmse_100": 0.0792086124420166,
      "t_final": [
        [
          [
            -0.7451171875,
            0.57958984375,
            -0.330078125,
            -0.09195379912853241
          ],
          [
            0.66650390625,
            0.63671875,
            -0.387939453125,
            0.5042845010757446
          ],
          [
            -0.0146942138671875,
            -0.50927734375,
            -0.86083984375,
            0.14918744564056396
          ]
        ]
      ],
      "t0_rotation_rmse": 2.04330527008247,
      "t0_translation_rmse_100": 4.1410980224609375
    },
    "stats_list": [
      {
        "psnr": 21.312517166137695,
        "distortion": 0.0007454333826899529,
        "rotation_rmse": 4.157608234843103,
        "translation_rmse_100": 0.0792086124420166,
        "t_final": [
          [
            [
              -0.7451171875,
              0.57958984375,
              -0.330078125,
              -0.09195379912853241
            ],
            [
              0.66650390625,
              0.63671875,
              -0.387939453125,
              0.5042845010757446
            ],
            [
              -0.0146942138671875,
              -0.50927734375,
              -0.86083984375,
              0.14918744564056396
            ]
          ]
        ],
        "t0_rotation_rmse": 2.04330527008247,
        "t0_translation_rmse_100": 4.1410980224609375
      }
    ]
  },
  "Test_Model15b4": {
    "best": {
      "psnr": 15.616233825683594,
      "distortion": 0.0007596006616950035,
      "rotation_rmse": 0.02562345176980362,
      "translation_rmse_100": 0.361064076423645,
      "t_final": [
        [
          [
            0.93701171875,
            0.178466796875,
            -0.300048828125,
            0.32121384143829346
          ],
          [
            -0.088623046875,
            0.953125,
            0.2900390625,
            -0.3832749128341675
          ],
          [
            0.337646484375,
            -0.2449951171875,
            0.9091796875,
            0.42264994978904724
          ]
        ]
      ],
      "t0_rotation_rmse": 1.9967032529228497,
      "t0_translation_rmse_100": 0.02193152904510498
    },
    "stats_list": [
      {
        "psnr": 15.616233825683594,
        "distortion": 0.0007596006616950035,
        "rotation_rmse": 0.02562345176980362,
        "translation_rmse_100": 0.361064076423645,
        "t_final": [
          [
            [
              0.93701171875,
              0.178466796875,
              -0.300048828125,
              0.32121384143829346
            ],
            [
              -0.088623046875,
              0.953125,
              0.2900390625,
              -0.3832749128341675
            ],
            [
              0.337646484375,
              -0.2449951171875,
              0.9091796875,
              0.42264994978904724
            ]
          ]
        ],
        "t0_rotation_rmse": 1.9967032529228497,
        "t0_translation_rmse_100": 0.02193152904510498
      }
    ]
  },
  "Hunter_Boy_With_Rabbit_Figurine0a5b": {
    "best": {
      "psnr": 20.494062423706055,
      "distortion": 0.001113577396608889,
      "rotation_rmse": 0.02562345176980362,
      "translation_rmse_100": 0.35738348960876465,
      "t_final": [
        [
          [
            0.8388671875,
            -0.4755859375,
            -0.26611328125,
            0.30438369512557983
          ],
          [
            0.06268310546875,
            -0.400634765625,
            0.91455078125,
            -0.03206528350710869
          ],
          [
            -0.54150390625,
            -0.783203125,
            -0.30615234375,
            0.023549705743789673
          ]
        ]
      ],
      "t0_rotation_rmse": 4.676802188071502,
      "t0_translation_rmse_100": 3.7228167057037354
    },
    "stats_list": [
      {
        "psnr": 20.494062423706055,
        "distortion": 0.001113577396608889,
        "rotation_rmse": 0.02562345176980362,
        "translation_rmse_100": 0.35738348960876465,
        "t_final": [
          [
            [
              0.8388671875,
              -0.4755859375,
              -0.26611328125,
              0.30438369512557983
            ],
            [
              0.06268310546875,
              -0.400634765625,
              0.91455078125,
              -0.03206528350710869
            ],
            [
              -0.54150390625,
              -0.783203125,
              -0.30615234375,
              0.023549705743789673
            ]
          ]
        ],
        "t0_rotation_rmse": 4.676802188071502,
        "t0_translation_rmse_100": 3.7228167057037354
      }
    ]
  },
  "Elephant1608": {
    "best": {
      "psnr": 16.024009704589844,
      "distortion": 0.0012870908249169588,
      "rotation_rmse": 2.225371499328934,
      "translation_rmse_100": 1.530003547668457,
      "t_final": [
        [
          [
            -0.046142578125,
            0.55126953125,
            0.8330078125,
            -0.3871811628341675
          ],
          [
            0.47021484375,
            0.74755859375,
            -0.469482421875,
            -0.258746862411499
          ],
          [
            -0.88134765625,
            0.369873046875,
            -0.293701171875,
            -0.36756694316864014
          ]
        ]
      ],
      "t0_rotation_rmse": 4.900279771940275,
      "t0_translation_rmse_100": 2.876734733581543
    },
    "stats_list": [
      {
        "psnr": 16.024009704589844,
        "distortion": 0.0012870908249169588,
        "rotation_rmse": 2.225371499328934,
        "translation_rmse_100": 1.530003547668457,
        "t_final": [
          [
            [
              -0.046142578125,
              0.55126953125,
              0.8330078125,
              -0.3871811628341675
            ],
            [
              0.47021484375,
              0.74755859375,
              -0.469482421875,
              -0.258746862411499
            ],
            [
              -0.88134765625,
              0.369873046875,
              -0.293701171875,
              -0.36756694316864014
            ]
          ]
        ],
        "t0_rotation_rmse": 4.900279771940275,
        "t0_translation_rmse_100": 2.876734733581543
      }
    ]
  },
  "Ornate_Medieval_Shield22a7": {
    "best": {
      "psnr": 9.673747062683105,
      "distortion": 0.00193890742957592,
      "rotation_rmse": 5.877341355755405,
      "translation_rmse_100": 10.231751441955566,
      "t_final": [
        [
          [
            0.95361328125,
            0.27294921875,
            -0.1279296875,
            -0.06220612674951553
          ],
          [
            0.2056884765625,
            -0.2783203125,
            0.9384765625,
            0.38414281606674194
          ],
          [
            0.2205810546875,
            -0.9208984375,
            -0.321533203125,
            0.32451120018959045
          ]
        ]
      ],
      "t0_rotation_rmse": 7.834235921238797,
      "t0_translation_rmse_100": 0.3273308277130127
    },
    "stats_list": [
      {
        "psnr": 9.673747062683105,
        "distortion": 0.00193890742957592,
        "rotation_rmse": 5.877341355755405,
        "translation_rmse_100": 10.231751441955566,
        "t_final": [
          [
            [
              0.95361328125,
              0.27294921875,
              -0.1279296875,
              -0.06220612674951553
            ],
            [
              0.2056884765625,
              -0.2783203125,
              0.9384765625,
              0.38414281606674194
            ],
            [
              0.2205810546875,
              -0.9208984375,
              -0.321533203125,
              0.32451120018959045
            ]
          ]
        ],
        "t0_rotation_rmse": 7.834235921238797,
        "t0_translation_rmse_100": 0.3273308277130127
      }
    ]
  },
  "Vikings_shield_and_axe1973": {
    "best": {
      "psnr": 13.988186836242676,
      "distortion": 0.0008442205144092441,
      "rotation_rmse": 1.5213815672881814,
      "translation_rmse_100": 2.738764762878418,
      "t_final": [
        [
          [
            -0.1195068359375,
            -0.97412109375,
            0.190185546875,
            0.37110838294029236
          ],
          [
            0.3212890625,
            -0.218994140625,
            -0.92138671875,
            0.377849280834198
          ],
          [
            0.939453125,
            -0.04901123046875,
            0.339599609375,
            0.2398499846458435
          ]
        ]
      ],
      "t0_rotation_rmse": 14.186252997098595,
      "t0_translation_rmse_100": 8.750727653503418
    },
    "stats_list": [
      {
        "psnr": 13.988186836242676,
        "distortion": 0.0008442205144092441,
        "rotation_rmse": 1.5213815672881814,
        "translation_rmse_100": 2.738764762878418,
        "t_final": [
          [
            [
              -0.1195068359375,
              -0.97412109375,
              0.190185546875,
              0.37110838294029236
            ],
            [
              0.3212890625,
              -0.218994140625,
              -0.92138671875,
              0.377849280834198
            ],
            [
              0.939453125,
              -0.04901123046875,
              0.339599609375,
              0.2398499846458435
            ]
          ]
        ],
        "t0_rotation_rmse": 14.186252997098595,
        "t0_translation_rmse_100": 8.750727653503418
      }
    ]
  },
  "Xbox_360_Controller0866": {
    "best": {
      "psnr": 13.4476957321167,
      "distortion": 0.0006875406834296882,
      "rotation_rmse": 177.2453396271952,
      "translation_rmse_100": 55.61483383178711,
      "t_final": [
        [
          [
            0.7880859375,
            -0.5556640625,
            -0.26513671875,
            0.6039108037948608
          ],
          [
            -0.615234375,
            -0.6962890625,
            -0.368408203125,
            0.0374412015080452
          ],
          [
            0.02001953125,
            0.45361328125,
            -0.89111328125,
            0.48038989305496216
          ]
        ]
      ],
      "t0_rotation_rmse": 178.29419170130907,
      "t0_translation_rmse_100": 51.51632308959961
    },
    "stats_list": [
      {
        "psnr": 13.4476957321167,
        "distortion": 0.0006875406834296882,
        "rotation_rmse": 177.2453396271952,
        "translation_rmse_100": 55.61483383178711,
        "t_final": [
          [
            [
              0.7880859375,
              -0.5556640625,
              -0.26513671875,
              0.6039108037948608
            ],
            [
              -0.615234375,
              -0.6962890625,
              -0.368408203125,
              0.0374412015080452
            ],
            [
              0.02001953125,
              0.45361328125,
              -0.89111328125,
              0.48038989305496216
            ]
          ]
        ],
        "t0_rotation_rmse": 178.29419170130907,
        "t0_translation_rmse_100": 51.51632308959961
      }
    ]
  },
  "Petroleum_lamp0230": {
    "best": {
      "psnr": 20.156965255737305,
      "distortion": 0.001402590423822403,
      "rotation_rmse": 0.02562345176980362,
      "translation_rmse_100": 0.11672079563140869,
      "t_final": [
        [
          [
            -0.1702880859375,
            -0.52685546875,
            0.8330078125,
            0.38591286540031433
          ],
          [
            -0.6728515625,
            0.6796875,
            0.29248046875,
            -0.1898132711648941
          ],
          [
            -0.72021484375,
            -0.51025390625,
            -0.47021484375,
            -0.03459715470671654
          ]
        ]
      ],
      "t0_rotation_rmse": 3.7125620698615123,
      "t0_translation_rmse_100": 0.1327604055404663
    },
    "stats_list": [
      {
        "psnr": 20.156965255737305,
        "distortion": 0.001402590423822403,
        "rotation_rmse": 0.02562345176980362,
        "translation_rmse_100": 0.11672079563140869,
        "t_final": [
          [
            [
              -0.1702880859375,
              -0.52685546875,
              0.8330078125,
              0.38591286540031433
            ],
            [
              -0.6728515625,
              0.6796875,
              0.29248046875,
              -0.1898132711648941
            ],
            [
              -0.72021484375,
              -0.51025390625,
              -0.47021484375,
              -0.03459715470671654
            ]
          ]
        ],
        "t0_rotation_rmse": 3.7125620698615123,
        "t0_translation_rmse_100": 0.1327604055404663
      }
    ]
  },
  "26851W_Odeon_Lightab66": {
    "best": {
      "psnr": 16.546550750732422,
      "distortion": 0.001552873058244586,
      "rotation_rmse": 1.1004767113385816,
      "translation_rmse_100": 0.3868579864501953,
      "t_final": [
        [
          [
            -0.841796875,
            -0.207763671875,
            -0.49853515625,
            0.062020063400268555
          ],
          [
            -0.4150390625,
            -0.340576171875,
            0.84375,
            0.2834054231643677
          ],
          [
            -0.344970703125,
            0.91650390625,
            0.20068359375,
            -0.2784171998500824
          ]
        ]
      ],
      "t0_rotation_rmse": 1.3589560733844082,
      "t0_translation_rmse_100": 0.05335807800292969
    },
    "stats_list": [
      {
        "psnr": 16.546550750732422,
        "distortion": 0.001552873058244586,
        "rotation_rmse": 1.1004767113385816,
        "translation_rmse_100": 0.3868579864501953,
        "t_final": [
          [
            [
              -0.841796875,
              -0.207763671875,
              -0.49853515625,
              0.062020063400268555
            ],
            [
              -0.4150390625,
              -0.340576171875,
              0.84375,
              0.2834054231643677
            ],
            [
              -0.344970703125,
              0.91650390625,
              0.20068359375,
              -0.2784171998500824
            ]
          ]
        ],
        "t0_rotation_rmse": 1.3589560733844082,
        "t0_translation_rmse_100": 0.05335807800292969
      }
    ]
  },
  "Teddy1b47": {
    "best": {
      "psnr": 18.112279891967773,
      "distortion": 0.0013618464581668377,
      "rotation_rmse": 6.963100167176787,
      "translation_rmse_100": 7.2056660652160645,
      "t_final": [
        [
          [
            0.229248046875,
            -0.044464111328125,
            0.97265625,
            0.034992486238479614
          ],
          [
            -0.69140625,
            -0.7109375,
            0.1304931640625,
            -0.16994193196296692
          ],
          [
            0.68505859375,
            -0.70263671875,
            -0.193603515625,
            -0.24603869020938873
          ]
        ]
      ],
      "t0_rotation_rmse": 5.188564895776449,
      "t0_translation_rmse_100": 0.08193179965019226
    },
    "stats_list": [
      {
        "psnr": 18.112279891967773,
        "distortion": 0.0013618464581668377,
        "rotation_rmse": 6.963100167176787,
        "translation_rmse_100": 7.2056660652160645,
        "t_final": [
          [
            [
              0.229248046875,
              -0.044464111328125,
              0.97265625,
              0.034992486238479614
            ],
            [
              -0.69140625,
              -0.7109375,
              0.1304931640625,
              -0.16994193196296692
            ],
            [
              0.68505859375,
              -0.70263671875,
              -0.193603515625,
              -0.24603869020938873
            ]
          ]
        ],
        "t0_rotation_rmse": 5.188564895776449,
        "t0_translation_rmse_100": 0.08193179965019226
      }
    ]
  },
  "Figura_San_Juan260d": {
    "best": {
      "psnr": 19.057376861572266,
      "distortion": 0.0007479041232727468,
      "rotation_rmse": 0.9534188318429673,
      "translation_rmse_100": 0.03536492586135864,
      "t_final": [
        [
          [
            0.689453125,
            0.51318359375,
            -0.5107421875,
            -0.15305298566818237
          ],
          [
            0.72412109375,
            -0.496826171875,
            0.478271484375,
            -6.019324064254761e-05
          ],
          [
            -0.00835418701171875,
            -0.69970703125,
            -0.71435546875,
            0.02349139004945755
          ]
        ]
      ],
      "t0_rotation_rmse": 4.303770423467604,
      "t0_translation_rmse_100": 0.40348321199417114
    },
    "stats_list": [
      {
        "psnr": 19.057376861572266,
        "distortion": 0.0007479041232727468,
        "rotation_rmse": 0.9534188318429673,
        "translation_rmse_100": 0.03536492586135864,
        "t_final": [
          [
            [
              0.689453125,
              0.51318359375,
              -0.5107421875,
              -0.15305298566818237
            ],
            [
              0.72412109375,
              -0.496826171875,
              0.478271484375,
              -6.019324064254761e-05
            ],
            [
              -0.00835418701171875,
              -0.69970703125,
              -0.71435546875,
              0.02349139004945755
            ]
          ]
        ],
        "t0_rotation_rmse": 4.303770423467604,
        "t0_translation_rmse_100": 0.40348321199417114
      }
    ]
  },
  "Stylized_Skateboard10c7": {
    "best": {
      "psnr": 20.277233123779297,
      "distortion": 0.0022216637153178453,
      "rotation_rmse": 178.91788729746824,
      "translation_rmse_100": 2.04426646232605,
      "t_final": [
        [
          [
            -0.6376953125,
            -0.6455078125,
            0.42041015625,
            -0.30577534437179565
          ],
          [
            -0.6689453125,
            0.193115234375,
            -0.71826171875,
            0.1388166844844818
          ],
          [
            0.38232421875,
            -0.73876953125,
            -0.5546875,
            0.19734854996204376
          ]
        ]
      ],
      "t0_rotation_rmse": 175.67104355545254,
      "t0_translation_rmse_100": 2.96366810798645
    },
    "stats_list": [
      {
        "psnr": 20.277233123779297,
        "distortion": 0.0022216637153178453,
        "rotation_rmse": 178.91788729746824,
        "translation_rmse_100": 2.04426646232605,
        "t_final": [
          [
            [
              -0.6376953125,
              -0.6455078125,
              0.42041015625,
              -0.30577534437179565
            ],
            [
              -0.6689453125,
              0.193115234375,
              -0.71826171875,
              0.1388166844844818
            ],
            [
              0.38232421875,
              -0.73876953125,
              -0.5546875,
              0.19734854996204376
            ]
          ]
        ],
        "t0_rotation_rmse": 175.67104355545254,
        "t0_translation_rmse_100": 2.96366810798645
      }
    ]
  },
  "Lantern0231": {
    "best": {
      "psnr": 20.199440002441406,
      "distortion": 0.0009519925224594772,
      "rotation_rmse": 179.1445208575456,
      "translation_rmse_100": 35.10841751098633,
      "t_final": [
        [
          [
            0.0116424560546875,
            -0.529296875,
            0.84814453125,
            -0.0298738032579422
          ],
          [
            0.99853515625,
            -0.03790283203125,
            -0.037322998046875,
            -0.04600655287504196
          ],
          [
            0.051910400390625,
            0.84765625,
            0.52880859375,
            -0.17664675414562225
          ]
        ]
      ],
      "t0_rotation_rmse": 177.6368360512989,
      "t0_translation_rmse_100": 35.86220169067383
    },
    "stats_list": [
      {
        "psnr": 20.199440002441406,
        "distortion": 0.0009519925224594772,
        "rotation_rmse": 179.1445208575456,
        "translation_rmse_100": 35.10841751098633,
        "t_final": [
          [
            [
              0.0116424560546875,
              -0.529296875,
              0.84814453125,
              -0.0298738032579422
            ],
            [
              0.99853515625,
              -0.03790283203125,
              -0.037322998046875,
              -0.04600655287504196
            ],
            [
              0.051910400390625,
              0.84765625,
              0.52880859375,
              -0.17664675414562225
            ]
          ]
        ],
        "t0_rotation_rmse": 177.6368360512989,
        "t0_translation_rmse_100": 35.86220169067383
      }
    ]
  },
  "model_New_Qlone183a": {
    "best": {
      "psnr": 20.07628631591797,
      "distortion": 0.0011085383594036102,
      "rotation_rmse": 0.02562345176980362,
      "translation_rmse_100": 0.4992610812187195,
      "t_final": [
        [
          [
            0.7001953125,
            -0.48876953125,
            0.5205078125,
            0.0060483962297439575
          ],
          [
            -0.275390625,
            -0.857421875,
            -0.434814453125,
            -0.013141389936208725
          ],
          [
            0.6591796875,
            0.1611328125,
            -0.73486328125,
            -0.081069715321064
          ]
        ]
      ],
      "t0_rotation_rmse": 0.25675245179406403,
      "t0_translation_rmse_100": 2.6400692462921143
    },
    "stats_list": [
      {
        "psnr": 20.07628631591797,
        "distortion": 0.0011085383594036102,
        "rotation_rmse": 0.02562345176980362,
        "translation_rmse_100": 0.4992610812187195,
        "t_final": [
          [
            [
              0.7001953125,
              -0.48876953125,
              0.5205078125,
              0.0060483962297439575
            ],
            [
              -0.275390625,
              -0.857421875,
              -0.434814453125,
              -0.013141389936208725
            ],
            [
              0.6591796875,
              0.1611328125,
              -0.73486328125,
              -0.081069715321064
            ]
          ]
        ],
        "t0_rotation_rmse": 0.25675245179406403,
        "t0_translation_rmse_100": 2.6400692462921143
      }
    ]
  },
  "FireHydrant_Fortnite_Style_0152": {
    "best": {
      "psnr": 18.01872444152832,
      "distortion": 0.0009065827471204102,
      "rotation_rmse": 0.6201787361151286,
      "translation_rmse_100": 1.3581268787384033,
      "t_final": [
        [
          [
            0.91552734375,
            -0.391357421875,
            0.09393310546875,
            -0.06976988166570663
          ],
          [
            0.399658203125,
            0.85546875,
            -0.329345703125,
            0.2741541266441345
          ],
          [
            0.048614501953125,
            0.33935546875,
            0.939453125,
            -0.04052843153476715
          ]
        ]
      ],
      "t0_rotation_rmse": 4.958463549490995,
      "t0_translation_rmse_100": 6.326388359069824
    },
    "stats_list": [
      {
        "psnr": 18.01872444152832,
        "distortion": 0.0009065827471204102,
        "rotation_rmse": 0.6201787361151286,
        "translation_rmse_100": 1.3581268787384033,
        "t_final": [
          [
            [
              0.91552734375,
              -0.391357421875,
              0.09393310546875,
              -0.06976988166570663
            ],
            [
              0.399658203125,
              0.85546875,
              -0.329345703125,
              0.2741541266441345
            ],
            [
              0.048614501953125,
              0.33935546875,
              0.939453125,
              -0.04052843153476715
            ]
          ]
        ],
        "t0_rotation_rmse": 4.958463549490995,
        "t0_translation_rmse_100": 6.326388359069824
      }
    ]
  },
  "chair_teacher4659": {
    "best": {
      "psnr": 20.317243576049805,
      "distortion": 0.0011172257363796234,
      "rotation_rmse": 0.49690514674132225,
      "translation_rmse_100": 0.04203394055366516,
      "t_final": [
        [
          [
            0.93017578125,
            0.2203369140625,
            -0.294189453125,
            0.0593695230782032
          ],
          [
            0.337158203125,
            -0.1927490234375,
            0.92138671875,
            0.2071162611246109
          ],
          [
            0.1463623046875,
            -0.9560546875,
            -0.253662109375,
            0.08364835381507874
          ]
        ]
      ],
      "t0_rotation_rmse": 0.8251061534750832,
      "t0_translation_rmse_100": 0.8690602779388428
    },
    "stats_list": [
      {
        "psnr": 20.317243576049805,
        "distortion": 0.0011172257363796234,
        "rotation_rmse": 0.49690514674132225,
        "translation_rmse_100": 0.04203394055366516,
        "t_final": [
          [
            [
              0.93017578125,
              0.2203369140625,
              -0.294189453125,
              0.0593695230782032
            ],
            [
              0.337158203125,
              -0.1927490234375,
              0.92138671875,
              0.2071162611246109
            ],
            [
              0.1463623046875,
              -0.9560546875,
              -0.253662109375,
              0.08364835381507874
            ]
          ]
        ],
        "t0_rotation_rmse": 0.8251061534750832,
        "t0_translation_rmse_100": 0.8690602779388428
      }
    ]
  },
  "Traffic_Cone37b5": {
    "best": {
      "psnr": 27.506580352783203,
      "distortion": 0.003119457047432661,
      "rotation_rmse": 158.28932658627306,
      "translation_rmse_100": 9.92161750793457,
      "t_final": [
        [
          [
            -0.7958984375,
            0.45361328125,
            0.4013671875,
            0.0403415746986866
          ],
          [
            -0.5380859375,
            -0.833984375,
            -0.1241455078125,
            -0.49467694759368896
          ],
          [
            0.2783203125,
            -0.314697265625,
            0.90771484375,
            0.4447789788246155
          ]
        ]
      ],
      "t0_rotation_rmse": 159.4077876186918,
      "t0_translation_rmse_100": 3.543443202972412
    },
    "stats_list": [
      {
        "psnr": 27.506580352783203,
        "distortion": 0.003119457047432661,
        "rotation_rmse": 158.28932658627306,
        "translation_rmse_100": 9.92161750793457,
        "t_final": [
          [
            [
              -0.7958984375,
              0.45361328125,
