{
  "F_15_C_Jungle_Camo16c6": {
    "best": {
      "psnr": 5.695555210113525,
      "distortion": 0.0009708302095532417,
      "rotation_rmse": 26.758096290682122,
      "translation_rmse_100": 14.542993545532227,
      "t_final": [
        [
          [
            -0.10455322265625,
            -0.67578125,
            0.7294921875,
            0.08024246245622635
          ],
          [
            -0.384765625,
            0.70361328125,
            0.59716796875,
            -0.09495258331298828
          ],
          [
            -0.9169921875,
            -0.2183837890625,
            -0.333740234375,
            0.1377355009317398
          ]
        ]
      ],
      "t0_rotation_rmse": 28.77108632756743,
      "t0_translation_rmse_100": 16.981348037719727
    },
    "stats_list": [
      {
        "psnr": 5.695555210113525,
        "distortion": 0.0009708302095532417,
        "rotation_rmse": 26.758096290682122,
        "translation_rmse_100": 14.542993545532227,
        "t_final": [
          [
            [
              -0.10455322265625,
              -0.67578125,
              0.7294921875,
              0.08024246245622635
            ],
            [
              -0.384765625,
              0.70361328125,
              0.59716796875,
              -0.09495258331298828
            ],
            [
              -0.9169921875,
              -0.2183837890625,
              -0.333740234375,
              0.1377355009317398
            ]
          ]
        ],
        "t0_rotation_rmse": 28.77108632756743,
        "t0_translation_rmse_100": 16.981348037719727
      }
    ]
  },
  "Hl_Maximilian09f0": {
    "best": {
      "psnr": 6.807633876800537,
      "distortion": 0.0005645221099257469,
      "rotation_rmse": 154.47631143510077,
      "translation_rmse_100": 3.2759933471679688,
      "t_final": [
        [
          [
            -0.5517578125,
            0.40673828125,
            -0.72802734375,
            -0.10366860032081604
          ],
          [
            -0.57275390625,
            0.449462890625,
            0.68603515625,
            0.048621006309986115
          ],
          [
            0.60595703125,
            0.79541015625,
            -0.01519775390625,
            0.4891788363456726
          ]
        ]
      ],
      "t0_rotation_rmse": 151.64399369664156,
      "t0_translation_rmse_100": 3.6252288818359375
    },
    "stats_list": [
      {
        "psnr": 6.807633876800537,
        "distortion": 0.0005645221099257469,
        "rotation_rmse": 154.47631143510077,
        "translation_rmse_100": 3.2759933471679688,
        "t_final": [
          [
            [
              -0.5517578125,
              0.40673828125,
              -0.72802734375,
              -0.10366860032081604
            ],
            [
              -0.57275390625,
              0.449462890625,
              0.68603515625,
              0.048621006309986115
            ],
            [
              0.60595703125,
              0.79541015625,
              -0.01519775390625,
              0.4891788363456726
            ]
          ]
        ],
        "t0_rotation_rmse": 151.64399369664156,
        "t0_translation_rmse_100": 3.6252288818359375
      }
    ]
  },
  "MiG_23_Desert_Camo089f": {
    "best": {
      "psnr": 6.612257957458496,
      "distortion": 0.0011868940200656652,
      "rotation_rmse": 118.29484960575614,
      "translation_rmse_100": 20.64136505126953,
      "t_final": [
        [
          [
            -0.385986328125,
            0.9169921875,
            0.101318359375,
            -0.04154364764690399
          ],
          [
            -0.921875,
            -0.387451171875,
            -0.006420135498046875,
            -0.6393417716026306
          ],
          [
            0.033355712890625,
            -0.09588623046875,
            0.9951171875,
            -0.7119359970092773
          ]
        ]
      ],
      "t0_rotation_rmse": 117.88416153618141,
      "t0_translation_rmse_100": 21.056785583496094
    },
    "stats_list": [
      {
        "psnr": 6.612257957458496,
        "distortion": 0.0011868940200656652,
        "rotation_rmse": 118.29484960575614,
        "translation_rmse_100": 20.64136505126953,
        "t_final": [
          [
            [
              -0.385986328125,
              0.9169921875,
              0.101318359375,
              -0.04154364764690399
            ],
            [
              -0.921875,
              -0.387451171875,
              -0.006420135498046875,
              -0.6393417716026306
            ],
            [
              0.033355712890625,
              -0.09588623046875,
              0.9951171875,
              -0.7119359970092773
            ]
          ]
        ],
        "t0_rotation_rmse": 117.88416153618141,
        "t0_translation_rmse_100": 21.056785583496094
      }
    ]
  },
  "Tolix_Industrial_Chairs3f2d": {
    "best": {
      "psnr": 6.43081521987915,
      "distortion": 0.0014657510910183191,
      "rotation_rmse": 128.098343992434,
      "translation_rmse_100": 29.858213424682617,
      "t_final": [
        [
          [
            -0.2298583984375,
            0.7548828125,
            0.6142578125,
            0.3980201184749603
          ],
          [
            0.48583984375,
            0.63623046875,
            -0.599609375,
            -0.015137571841478348
          ],
          [
            -0.84326171875,
            0.1605224609375,
            -0.51318359375,
            0.22761861979961395
          ]
        ]
      ],
      "t0_rotation_rmse": 128.6287116265834,
      "t0_translation_rmse_100": 31.429868698120117
    },
    "stats_list": [
      {
        "psnr": 6.43081521987915,
        "distortion": 0.0014657510910183191,
        "rotation_rmse": 128.098343992434,
        "translation_rmse_100": 29.858213424682617,
        "t_final": [
          [
            [
              -0.2298583984375,
              0.7548828125,
              0.6142578125,
              0.3980201184749603
            ],
            [
              0.48583984375,
              0.63623046875,
              -0.599609375,
              -0.015137571841478348
            ],
            [
              -0.84326171875,
              0.1605224609375,
              -0.51318359375,
              0.22761861979961395
            ]
          ]
        ],
        "t0_rotation_rmse": 128.6287116265834,
        "t0_translation_rmse_100": 31.429868698120117
      }
    ]
  },
  "Procedural_Bananas3a07": {
    "best": {
      "psnr": 6.358464241027832,
      "distortion": 0.0008779899799264967,
      "rotation_rmse": 119.74549751771286,
      "translation_rmse_100": 30.167842864990234,
      "t_final": [
        [
          [
            0.68603515625,
            -0.468994140625,
            -0.55615234375,
            -0.1739780455827713
          ],
          [
            0.5556640625,
            -0.1553955078125,
            0.81640625,
            0.6653434634208679
          ],
          [
            -0.4697265625,
            -0.869140625,
            0.1539306640625,
            0.31472188234329224
          ]
        ]
      ],
      "t0_rotation_rmse": 117.84866412869663,
      "t0_translation_rmse_100": 30.011249542236328
    },
    "stats_list": [
      {
        "psnr": 6.358464241027832,
        "distortion": 0.0008779899799264967,
        "rotation_rmse": 119.74549751771286,
        "translation_rmse_100": 30.167842864990234,
        "t_final": [
          [
            [
              0.68603515625,
              -0.468994140625,
              -0.55615234375,
              -0.1739780455827713
            ],
            [
              0.5556640625,
              -0.1553955078125,
              0.81640625,
              0.6653434634208679
            ],
            [
              -0.4697265625,
              -0.869140625,
              0.1539306640625,
              0.31472188234329224
            ]
          ]
        ],
        "t0_rotation_rmse": 117.84866412869663,
        "t0_translation_rmse_100": 30.011249542236328
      }
    ]
  },
  "Banana_for_scale0a07": {
    "best": {
      "psnr": 10.279191017150879,
      "distortion": 0.0004999949596822262,
      "rotation_rmse": 139.1792660064501,
      "translation_rmse_100": 11.897279739379883,
      "t_final": [
        [
          [
            0.130126953125,
            0.50146484375,
            0.85546875,
            0.032495878636837006
          ],
          [
            0.9443359375,
            0.199462890625,
            -0.2607421875,
            -0.5310682058334351
          ],
          [
            -0.30126953125,
            0.84228515625,
            -0.44775390625,
            0.0034404434263706207
          ]
        ]
      ],
      "t0_rotation_rmse": 140.13695975598446,
      "t0_translation_rmse_100": 16.780094146728516
    },
    "stats_list": [
      {
        "psnr": 10.279191017150879,
        "distortion": 0.0004999949596822262,
        "rotation_rmse": 139.1792660064501,
        "translation_rmse_100": 11.897279739379883,
        "t_final": [
          [
            [
              0.130126953125,
              0.50146484375,
              0.85546875,
              0.032495878636837006
            ],
            [
              0.9443359375,
              0.199462890625,
              -0.2607421875,
              -0.5310682058334351
            ],
            [
              -0.30126953125,
              0.84228515625,
              -0.44775390625,
              0.0034404434263706207
            ]
          ]
        ],
        "t0_rotation_rmse": 140.13695975598446,
        "t0_translation_rmse_100": 16.780094146728516
      }
    ]
  },
  "PB170_Sneaker_Sm18c3": {
    "best": {
      "psnr": 10.829174995422363,
      "distortion": 0.0033067213371396065,
      "rotation_rmse": 23.960383073310314,
      "translation_rmse_100": 19.603906631469727,
      "t_final": [
        [
          [
            0.376220703125,
            -0.92626953125,
            0.010528564453125,
            -0.057095352560281754
          ],
          [
            0.884765625,
            0.362548828125,
            0.294189453125,
            0.3277410566806793
          ],
          [
            -0.2763671875,
            -0.101318359375,
            0.95556640625,
            0.14222317934036255
          ]
        ]
      ],
      "t0_rotation_rmse": 24.143042864749084,
      "t0_translation_rmse_100": 18.067346572875977
    },
    "stats_list": [
      {
        "psnr": 10.829174995422363,
        "distortion": 0.0033067213371396065,
        "rotation_rmse": 23.960383073310314,
        "translation_rmse_100": 19.603906631469727,
        "t_final": [
          [
            [
              0.376220703125,
              -0.92626953125,
              0.010528564453125,
              -0.057095352560281754
            ],
            [
              0.884765625,
              0.362548828125,
              0.294189453125,
              0.3277410566806793
            ],
            [
              -0.2763671875,
              -0.101318359375,
              0.95556640625,
              0.14222317934036255
            ]
          ]
        ],
        "t0_rotation_rmse": 24.143042864749084,
        "t0_translation_rmse_100": 18.067346572875977
      }
    ]
  },
  "Acoustic_Guitar0aa0": {
    "best": {
      "psnr": 5.2479166984558105,
      "distortion": 0.000521697336807847,
      "rotation_rmse": 99.74973660318928,
      "translation_rmse_100": 39.587642669677734,
      "t_final": [
        [
          [
            0.3984375,
            0.178955078125,
            -0.89990234375,
            0.48404014110565186
          ],
          [
            -0.89453125,
            -0.142578125,
            -0.42431640625,
            0.006414178758859634
          ],
          [
            -0.2041015625,
            0.9736328125,
            0.10333251953125,
            0.3424476683139801
          ]
        ]
      ],
      "t0_rotation_rmse": 98.71957398338998,
      "t0_translation_rmse_100": 40.70840072631836
    },
    "stats_list": [
      {
        "psnr": 5.2479166984558105,
        "distortion": 0.000521697336807847,
        "rotation_rmse": 99.74973660318928,
        "translation_rmse_100": 39.587642669677734,
        "t_final": [
          [
            [
              0.3984375,
              0.178955078125,
              -0.89990234375,
              0.48404014110565186
            ],
            [
              -0.89453125,
              -0.142578125,
              -0.42431640625,
              0.006414178758859634
            ],
            [
              -0.2041015625,
              0.9736328125,
              0.10333251953125,
              0.3424476683139801
            ]
          ]
        ],
        "t0_rotation_rmse": 98.71957398338998,
        "t0_translation_rmse_100": 40.70840072631836
      }
    ]
  },
  "Banana_3D_Scan2373": {
    "best": {
      "psnr": 6.384466648101807,
      "distortion": 0.006776058115065098,
      "rotation_rmse": 65.5616733930163,
      "translation_rmse_100": 5.890140056610107,
      "t_final": [
        [
          [
            0.346923828125,
            0.69287109375,
            -0.6318359375,
            -0.15006311237812042
          ],
          [
            0.93798828125,
            -0.255615234375,
            0.2344970703125,
            0.4258630573749542
          ],
          [
            0.0009365081787109375,
            -0.673828125,
            -0.73876953125,
            0.007836360484361649
          ]
        ]
      ],
      "t0_rotation_rmse": 67.02515321688234,
      "t0_translation_rmse_100": 0.6441682577133179
    },
    "stats_list": [
      {
        "psnr": 6.384466648101807,
        "distortion": 0.006776058115065098,
        "rotation_rmse": 65.5616733930163,
        "translation_rmse_100": 5.890140056610107,
        "t_final": [
          [
            [
              0.346923828125,
              0.69287109375,
              -0.6318359375,
              -0.15006311237812042
            ],
            [
              0.93798828125,
              -0.255615234375,
              0.2344970703125,
              0.4258630573749542
            ],
            [
              0.0009365081787109375,
              -0.673828125,
              -0.73876953125,
              0.007836360484361649
            ]
          ]
        ],
        "t0_rotation_rmse": 67.02515321688234,
        "t0_translation_rmse_100": 0.6441682577133179
      }
    ]
  },
  "Test_Model15b4": {
    "best": {
      "psnr": 6.016626834869385,
      "distortion": 0.0025879908353090286,
      "rotation_rmse": 157.89900822686528,
      "translation_rmse_100": 26.59769058227539,
      "t_final": [
        [
          [
            -0.1373291015625,
            0.6357421875,
            0.759765625,
            0.0588475838303566
          ],
          [
            0.66650390625,
            -0.5078125,
            0.54541015625,
            0.21295946836471558
          ],
          [
            0.732421875,
            0.58154296875,
            -0.354248046875,
            0.325982928276062
          ]
        ]
      ],
      "t0_rotation_rmse": 157.58745192090765,
      "t0_translation_rmse_100": 26.6904354095459
    },
    "stats_list": [
      {
        "psnr": 6.016626834869385,
        "distortion": 0.0025879908353090286,
        "rotation_rmse": 157.89900822686528,
        "translation_rmse_100": 26.59769058227539,
        "t_final": [
          [
            [
              -0.1373291015625,
              0.6357421875,
              0.759765625,
              0.0588475838303566
            ],
            [
              0.66650390625,
              -0.5078125,
              0.54541015625,
              0.21295946836471558
            ],
            [
              0.732421875,
              0.58154296875,
              -0.354248046875,
              0.325982928276062
            ]
          ]
        ],
        "t0_rotation_rmse": 157.58745192090765,
        "t0_translation_rmse_100": 26.6904354095459
      }
    ]
  },
  "Hunter_Boy_With_Rabbit_Figurine0a5b": {
    "best": {
      "psnr": 5.904008388519287,
      "distortion": 0.0009607156971469522,
      "rotation_rmse": 141.37966575422132,
      "translation_rmse_100": 109.48605346679688,
      "t_final": [
        [
          [
            -0.1522216796875,
            0.97412109375,
            0.1680908203125,
            1.3956704139709473
          ],
          [
            0.9296875,
            0.19873046875,
            -0.30859375,
            0.47114503383636475
          ],
          [
            -0.333984375,
            0.10931396484375,
            -0.9365234375,
            0.46980348229408264
          ]
        ]
      ],
      "t0_rotation_rmse": 140.70921449285842,
      "t0_translation_rmse_100": 110.8143310546875
    },
    "stats_list": [
      {
        "psnr": 5.904008388519287,
        "distortion": 0.0009607156971469522,
        "rotation_rmse": 141.37966575422132,
        "translation_rmse_100": 109.48605346679688,
        "t_final": [
          [
            [
              -0.1522216796875,
              0.97412109375,
              0.1680908203125,
              1.3956704139709473
            ],
            [
              0.9296875,
              0.19873046875,
              -0.30859375,
              0.47114503383636475
            ],
            [
              -0.333984375,
              0.10931396484375,
              -0.9365234375,
              0.46980348229408264
            ]
          ]
        ],
        "t0_rotation_rmse": 140.70921449285842,
        "t0_translation_rmse_100": 110.8143310546875
      }
    ]
  },
  "Elephant1608": {
    "best": {
      "psnr": 5.1829352378845215,
      "distortion": 0.0006327825831249356,
      "rotation_rmse": 164.59246374294898,
      "translation_rmse_100": 19.761545181274414,
      "t_final": [
        [
          [
            -0.60888671875,
            0.6708984375,
            0.424072265625,
            -0.5694965720176697
          ],
          [
            -0.63916015625,
            -0.73095703125,
            0.2381591796875,
            -0.7434560060501099
          ],
          [
            0.4697265625,
            -0.1260986328125,
            0.8740234375,
            -0.5331375002861023
          ]
        ]
      ],
      "t0_rotation_rmse": 164.78115935519975,
      "t0_translation_rmse_100": 21.734506607055664
    },
    "stats_list": [
      {
        "psnr": 5.1829352378845215,
        "distortion": 0.0006327825831249356,
        "rotation_rmse": 164.59246374294898,
        "translation_rmse_100": 19.761545181274414,
        "t_final": [
          [
            [
              -0.60888671875,
              0.6708984375,
              0.424072265625,
              -0.5694965720176697
            ],
            [
              -0.63916015625,
              -0.73095703125,
              0.2381591796875,
              -0.7434560060501099
            ],
            [
              0.4697265625,
              -0.1260986328125,
              0.8740234375,
              -0.5331375002861023
            ]
          ]
        ],
        "t0_rotation_rmse": 164.78115935519975,
        "t0_translation_rmse_100": 21.734506607055664
      }
    ]
  },
  "Ornate_Medieval_Shield22a7": {
    "best": {
      "psnr": 5.848986625671387,
      "distortion": 0.002909970935434103,
      "rotation_rmse": 40.406750539338034,
      "translation_rmse_100": 5.219255447387695,
      "t_final": [
        [
          [
            0.9560546875,
            0.259521484375,
            0.1392822265625,
            -0.012081170454621315
          ],
          [
            0.1322021484375,
            -0.80078125,
            0.58447265625,
            0.30000045895576477
          ],
          [
            0.263427734375,
            -0.54052734375,
            -0.7998046875,
            0.48361265659332275
          ]
        ]
      ],
      "t0_rotation_rmse": 42.904272131498026,
      "t0_translation_rmse_100": 3.2371387481689453
    },
    "stats_list": [
      {
        "psnr": 5.848986625671387,
        "distortion": 0.002909970935434103,
        "rotation_rmse": 40.406750539338034,
        "translation_rmse_100": 5.219255447387695,
        "t_final": [
          [
            [
              0.9560546875,
              0.259521484375,
              0.1392822265625,
              -0.012081170454621315
            ],
            [
              0.1322021484375,
              -0.80078125,
              0.58447265625,
              0.30000045895576477
            ],
            [
              0.263427734375,
              -0.54052734375,
              -0.7998046875,
              0.48361265659332275
            ]
          ]
        ],
        "t0_rotation_rmse": 42.904272131498026,
        "t0_translation_rmse_100": 3.2371387481689453
      }
    ]
  },
  "Vikings_shield_and_axe1973": {
    "best": {
      "psnr": 7.730537414550781,
      "distortion": 0.0009430170757696033,
      "rotation_rmse": 21.22160331462055,
      "translation_rmse_100": 11.564958572387695,
      "t_final": [
        [
          [
            0.127197265625,
            -0.9873046875,
            -0.09259033203125,
            0.28284645080566406
          ],
          [
            0.22509765625,
            0.11962890625,
            -0.966796875,
            0.26976853609085083
          ],
          [
            0.9658203125,
            0.10211181640625,
            0.2374267578125,
            0.1803719699382782
          ]
        ]
      ],
      "t0_rotation_rmse": 21.49493314459531,
      "t0_translation_rmse_100": 10.02000617980957
    },
    "stats_list": [
      {
        "psnr": 7.730537414550781,
        "distortion": 0.0009430170757696033,
        "rotation_rmse": 21.22160331462055,
        "translation_rmse_100": 11.564958572387695,
        "t_final": [
          [
            [
              0.127197265625,
              -0.9873046875,
              -0.09259033203125,
              0.28284645080566406
            ],
            [
              0.22509765625,
              0.11962890625,
              -0.966796875,
              0.26976853609085083
            ],
            [
              0.9658203125,
              0.10211181640625,
              0.2374267578125,
              0.1803719699382782
            ]
          ]
        ],
        "t0_rotation_rmse": 21.49493314459531,
        "t0_translation_rmse_100": 10.02000617980957
      }
    ]
  },
  "Xbox_360_Controller0866": {
    "best": {
      "psnr": 6.984073162078857,
      "distortion": 0.0006696403725072742,
      "rotation_rmse": 82.74316828799432,
      "translation_rmse_100": 14.495790481567383,
      "t_final": [
        [
          [
            -0.222412109375,
            0.82373046875,
            0.52197265625,
            -0.09719547629356384
          ],
          [
            0.86279296875,
            -0.08355712890625,
            0.49951171875,
            0.4417085349559784
          ],
          [
            0.455078125,
            0.56103515625,
            -0.69189453125,
            0.027019932866096497
          ]
        ]
      ],
      "t0_rotation_rmse": 83.9116963176955,
      "t0_translation_rmse_100": 16.891420364379883
    },
    "stats_list": [
      {
        "psnr": 6.984073162078857,
        "distortion": 0.0006696403725072742,
        "rotation_rmse": 82.74316828799432,
        "translation_rmse_100": 14.495790481567383,
        "t_final": [
          [
            [
              -0.222412109375,
              0.82373046875,
              0.52197265625,
              -0.09719547629356384
            ],
            [
              0.86279296875,
              -0.08355712890625,
              0.49951171875,
              0.4417085349559784
            ],
            [
              0.455078125,
              0.56103515625,
              -0.69189453125,
              0.027019932866096497
            ]
          ]
        ],
        "t0_rotation_rmse": 83.9116963176955,
        "t0_translation_rmse_100": 16.891420364379883
      }
    ]
  },
  "Petroleum_lamp0230": {
    "best": {
      "psnr": 3.9173641204833984,
      "distortion": 0.0017089762259274721,
      "rotation_rmse": 140.86265758566756,
      "translation_rmse_100": 70.24504089355469,
      "t_final": [
        [
          [
            -0.389892578125,
            0.90234375,
            -0.1827392578125,
            -0.3153703212738037
          ],
          [
            -0.8427734375,
            -0.4296875,
            -0.32470703125,
            0.4998739957809448
          ],
          [
            -0.37158203125,
            0.0273590087890625,
            0.92822265625,
            0.44514697790145874
          ]
        ]
      ],
      "t0_rotation_rmse": 142.0469400218374,
      "t0_translation_rmse_100": 65.69181823730469
    },
    "stats_list": [
      {
        "psnr": 3.9173641204833984,
        "distortion": 0.0017089762259274721,
        "rotation_rmse": 140.86265758566756,
        "translation_rmse_100": 70.24504089355469,
        "t_final": [
          [
            [
              -0.389892578125,
              0.90234375,
              -0.1827392578125,
              -0.3153703212738037
            ],
            [
              -0.8427734375,
              -0.4296875,
              -0.32470703125,
              0.4998739957809448
            ],
            [
              -0.37158203125,
              0.0273590087890625,
              0.92822265625,
              0.44514697790145874
            ]
          ]
        ],
        "t0_rotation_rmse": 142.0469400218374,
        "t0_translation_rmse_100": 65.69181823730469
      }
    ]
  },
  "26851W_Odeon_Lightab66": {
    "best": {
      "psnr": 9.2772855758667,
      "distortion": 0.0014874334447085857,
      "rotation_rmse": 32.778911581708705,
      "translation_rmse_100": 11.348930358886719,
      "t_final": [
        [
          [
            -0.76025390625,
            0.10833740234375,
            -0.64013671875,
            -0.04760066419839859
          ],
          [
            -0.494873046875,
            -0.73486328125,
            0.46337890625,
            0.5914980173110962
          ],
          [
            -0.42041015625,
            0.669921875,
            0.6123046875,
            -0.0017544191796332598
          ]
        ]
      ],
      "t0_rotation_rmse": 33.89360912754903,
      "t0_translation_rmse_100": 7.723442554473877
    },
    "stats_list": [
      {
        "psnr": 9.2772855758667,
        "distortion": 0.0014874334447085857,
        "rotation_rmse": 32.778911581708705,
        "translation_rmse_100": 11.348930358886719,
        "t_final": [
          [
            [
              -0.76025390625,
              0.10833740234375,
              -0.64013671875,
              -0.04760066419839859
            ],
            [
              -0.494873046875,
              -0.73486328125,
              0.46337890625,
              0.5914980173110962
            ],
            [
              -0.42041015625,
              0.669921875,
              0.6123046875,
              -0.0017544191796332598
            ]
          ]
        ],
        "t0_rotation_rmse": 33.89360912754903,
        "t0_translation_rmse_100": 7.723442554473877
      }
    ]
  },
  "Teddy1b47": {
    "best": {
      "psnr": 11.57394790649414,
      "distortion": 0.0005812559393234551,
      "rotation_rmse": 79.24779038343222,
      "translation_rmse_100": 30.885955810546875,
      "t_final": [
        [
          [
            -0.81298828125,
            0.26220703125,
            0.51953125,
            -0.20181040465831757
          ],
          [
            -0.56787109375,
            -0.55126953125,
            -0.61083984375,
            -0.4342840909957886
          ],
          [
            0.1260986328125,
            -0.79248046875,
            0.59765625,
            -0.008494216948747635
          ]
        ]
      ],
      "t0_rotation_rmse": 81.16859808459616,
      "t0_translation_rmse_100": 32.23712158203125
    },
    "stats_list": [
      {
        "psnr": 11.57394790649414,
        "distortion": 0.0005812559393234551,
        "rotation_rmse": 79.24779038343222,
        "translation_rmse_100": 30.885955810546875,
        "t_final": [
          [
            [
              -0.81298828125,
              0.26220703125,
              0.51953125,
              -0.20181040465831757
            ],
            [
              -0.56787109375,
              -0.55126953125,
              -0.61083984375,
              -0.4342840909957886
            ],
            [
              0.1260986328125,
              -0.79248046875,
              0.59765625,
              -0.008494216948747635
            ]
          ]
        ],
        "t0_rotation_rmse": 81.16859808459616,
        "t0_translation_rmse_100": 32.23712158203125
      }
    ]
  },
  "Figura_San_Juan260d": {
    "best": {
      "psnr": 9.807599067687988,
      "distortion": 0.0010973376920446754,
      "rotation_rmse": 60.226343665981574,
      "translation_rmse_100": 0.8535057306289673,
      "t_final": [
        [
          [
            0.943359375,
            0.2646484375,
            0.201171875,
            -0.16123439371585846
          ],
          [
            -0.12548828125,
            -0.27685546875,
            0.95263671875,
            0.17867693305015564
          ],
          [
            0.3076171875,
            -0.923828125,
            -0.2279052734375,
            0.004704897757619619
          ]
        ]
      ],
      "t0_rotation_rmse": 60.233216359485745,
      "t0_translation_rmse_100": 0.8535057306289673
    },
    "stats_list": [
      {
        "psnr": 9.807599067687988,
        "distortion": 0.0010973376920446754,
        "rotation_rmse": 60.226343665981574,
        "translation_rmse_100": 0.8535057306289673,
        "t_final": [
          [
            [
              0.943359375,
              0.2646484375,
              0.201171875,
              -0.16123439371585846
            ],
            [
              -0.12548828125,
              -0.27685546875,
              0.95263671875,
              0.17867693305015564
            ],
            [
              0.3076171875,
              -0.923828125,
              -0.2279052734375,
              0.004704897757619619
            ]
          ]
        ],
        "t0_rotation_rmse": 60.233216359485745,
        "t0_translation_rmse_100": 0.8535057306289673
      }
    ]
  },
  "Stylized_Skateboard10c7": {
    "best": {
      "psnr": 8.201277732849121,
      "distortion": 0.0009437869302928448,
      "rotation_rmse": 172.91783629683184,
      "translation_rmse_100": 9.114092826843262,
      "t_final": [
        [
          [
            -0.97265625,
            0.1270751953125,
            -0.196044921875,
            -0.23507708311080933
          ],
          [
            0.2320556640625,
            0.424072265625,
            -0.87548828125,
            -0.0627758726477623
          ],
          [
            -0.028106689453125,
            -0.896484375,
            -0.44189453125,
            0.013506215065717697
          ]
        ]
      ],
      "t0_rotation_rmse": 170.695834517859,
      "t0_translation_rmse_100": 10.353869438171387
    },
    "stats_list": [
      {
        "psnr": 8.201277732849121,
        "distortion": 0.0009437869302928448,
        "rotation_rmse": 172.91783629683184,
        "translation_rmse_100": 9.114092826843262,
        "t_final": [
          [
            [
              -0.97265625,
              0.1270751953125,
              -0.196044921875,
              -0.23507708311080933
            ],
            [
              0.2320556640625,
              0.424072265625,
              -0.87548828125,
              -0.0627758726477623
            ],
            [
              -0.028106689453125,
              -0.896484375,
              -0.44189453125,
              0.013506215065717697
            ]
          ]
        ],
        "t0_rotation_rmse": 170.695834517859,
        "t0_translation_rmse_100": 10.353869438171387
      }
    ]
  },
  "Lantern0231": {
    "best": {
      "psnr": 6.52359676361084,
      "distortion": 0.0009685169789008796,
      "rotation_rmse": 88.63665176919743,
      "translation_rmse_100": 12.505705833435059,
      "t_final": [
        [
          [
            0.68017578125,
            0.63525390625,
            0.365234375,
            0.19615332782268524
          ],
          [
            0.392333984375,
            0.105224609375,
            -0.91357421875,
            -0.05872976407408714
          ],
          [
            -0.61865234375,
            0.76513671875,
            -0.177734375,
            0.03400968015193939
          ]
        ]
      ],
      "t0_rotation_rmse": 89.30272098790275,
      "t0_translation_rmse_100": 8.144743919372559
    },
    "stats_list": [
      {
        "psnr": 6.52359676361084,
        "distortion": 0.0009685169789008796,
        "rotation_rmse": 88.63665176919743,
        "translation_rmse_100": 12.505705833435059,
        "t_final": [
          [
            [
              0.68017578125,
              0.63525390625,
              0.365234375,
              0.19615332782268524
            ],
            [
              0.392333984375,
              0.105224609375,
              -0.91357421875,
              -0.05872976407408714
            ],
            [
              -0.61865234375,
              0.76513671875,
              -0.177734375,
              0.03400968015193939
            ]
          ]
        ],
        "t0_rotation_rmse": 89.30272098790275,
        "t0_translation_rmse_100": 8.144743919372559
      }
    ]
  },
  "model_New_Qlone183a": {
    "best": {
      "psnr": 7.0312886238098145,
      "distortion": 0.0011367353145033121,
      "rotation_rmse": 163.63189522663458,
      "translation_rmse_100": 61.47175979614258,
      "t_final": [
        [
          [
            -0.98291015625,
            0.1844482421875,
            -0.00408172607421875,
            -0.6136618256568909
          ],
          [
            0.18359375,
            0.97607421875,
            -0.115478515625,
            -0.3606020212173462
          ],
          [
            -0.017303466796875,
            -0.11419677734375,
            -0.9931640625,
            -0.12421254813671112
          ]
        ]
      ],
      "t0_rotation_rmse": 166.02622774497465,
      "t0_translation_rmse_100": 59.29738235473633
    },
    "stats_list": [
      {
        "psnr": 7.0312886238098145,
        "distortion": 0.0011367353145033121,
        "rotation_rmse": 163.63189522663458,
        "translation_rmse_100": 61.47175979614258,
        "t_final": [
          [
            [
              -0.98291015625,
              0.1844482421875,
              -0.00408172607421875,
              -0.6136618256568909
            ],
            [
              0.18359375,
              0.97607421875,
              -0.115478515625,
              -0.3606020212173462
            ],
            [
              -0.017303466796875,
              -0.11419677734375,
              -0.9931640625,
              -0.12421254813671112
            ]
          ]
        ],
        "t0_rotation_rmse": 166.02622774497465,
        "t0_translation_rmse_100": 59.29738235473633
      }
    ]
  },
  "FireHydrant_Fortnite_Style_0152": {
    "best": {
      "psnr": 4.475683689117432,
      "distortion": 0.0005533576477319002,
      "rotation_rmse": 33.704625029919626,
      "translation_rmse_100": 14.256312370300293,
      "t_final": [
        [
          [
            0.99072265625,
            0.135009765625,
            -0.03057861328125,
            0.08637450635433197
          ],
          [
            -0.1383056640625,
            0.970703125,
            -0.197021484375,
            0.7060622572898865
          ],
          [
            0.00310516357421875,
            0.1993408203125,
            0.97998046875,
            0.27949222922325134
          ]
        ]
      ],
      "t0_rotation_rmse": 35.83697835435754,
      "t0_translation_rmse_100": 16.688562393188477
    },
    "stats_list": [
      {
        "psnr": 4.475683689117432,
        "distortion": 0.0005533576477319002,
        "rotation_rmse": 33.704625029919626,
        "translation_rmse_100": 14.256312370300293,
        "t_final": [
          [
            [
              0.99072265625,
              0.135009765625,
              -0.03057861328125,
              0.08637450635433197
            ],
            [
              -0.1383056640625,
              0.970703125,
              -0.197021484375,
              0.7060622572898865
            ],
            [
              0.00310516357421875,
              0.1993408203125,
              0.97998046875,
              0.27949222922325134
            ]
          ]
        ],
        "t0_rotation_rmse": 35.83697835435754,
        "t0_translation_rmse_100": 16.688562393188477
      }
    ]
  },
  "chair_teacher4659": {
    "best": {
      "psnr": 5.067960739135742,
      "distortion": 0.0015199854969978333,
      "rotation_rmse": 178.25833015118533,
      "translation_rmse_100": 7.573124885559082,
      "t_final": [
        [
          [
            -0.91162109375,
            -0.41162109375,
            -0.01055145263671875,
            0.13552111387252808
          ],
          [
            -0.41162109375,
            0.91162109375,
            -0.005046844482421875,
            -0.11154484003782272
          ],
          [
            0.011688232421875,
            -0.0002601146697998047,
            -1.0,
            0.11967967450618744
          ]
        ]
      ],
      "t0_rotation_rmse": 179.8706723023326,
      "t0_translation_rmse_100": 7.491299629211426
    },
    "stats_list": [
      {
        "psnr": 5.067960739135742,
        "distortion": 0.0015199854969978333,
        "rotation_rmse": 178.25833015118533,
        "translation_rmse_100": 7.573124885559082,
        "t_final": [
          [
            [
              -0.91162109375,
              -0.41162109375,
              -0.01055145263671875,
              0.13552111387252808
            ],
            [
              -0.41162109375,
              0.91162109375,
              -0.005046844482421875,
              -0.11154484003782272
            ],
            [
              0.011688232421875,
              -0.0002601146697998047,
              -1.0,
              0.11967967450618744
            ]
          ]
        ],
        "t0_rotation_rmse": 179.8706723023326,
        "t0_translation_rmse_100": 7.491299629211426
      }
    ]
  },
  "Traffic_Cone37b5": {
    "best": {
      "psnr": 9.385199546813965,
      "distortion": 0.0031221010722219944,
      "rotation_rmse": 85.51232121268885,
      "translation_rmse_100": 30.046363830566406,
      "t_final": [
        [
          [
            -0.7421875,
            -0.65771484375,
            0.131591796875,
            -0.35933825373649597
          ],
          [
            0.6611328125,
            -0.75,
            -0.0165557861328125,
            -0.22888244688510895
          ],
          [
            0.10955810546875,
            0.07476806640625,
            0.9912109375,
            0.4877479374408722
          ]
        ]
      ],
      "t0_rotation_rmse": 86.69599687123072,
      "t0_translation_rmse_100": 32.229896545410156
    },
    "stats_list": [
      {
        "psnr": 9.385199546813965,
        "distortion": 0.0031221010722219944,
        "rotation_rmse": 85.51232121268885,
        "translation_rmse_100": 30.046363830566406,
        "t_final": [
          [
            [
              -0.7421875,
              -0.65771484375,
              0.131591796875,
              -0.35933825373649597
