{
  "fern_0_100_even_odd": {
    "best": {
      "psnr": 24.08319664001465,
      "distortion": 0.016579803079366684,
      "rotation_rmse": 0.08401026576757431,
      "translation_rmse_100": 0.09148335456848145,
      "t_final": [
        [
          [
            0.9130859375,
            0.1824951171875,
            0.363525390625,
            -0.3533523976802826
          ],
          [
            0.10467529296875,
            0.75830078125,
            -0.6435546875,
            0.3319667875766754
          ],
          [
            -0.39306640625,
            0.62646484375,
            0.67333984375,
            0.0742264837026596
          ]
        ]
      ],
      "t0_rotation_rmse": 1.3997185230255127,
      "t0_translation_rmse_100": 0.9680689573287964
    },
    "stats_list": [
      {
        "psnr": 24.08319664001465,
        "distortion": 0.016579803079366684,
        "rotation_rmse": 0.08401026576757431,
        "translation_rmse_100": 0.09148335456848145,
        "t_final": [
          [
            [
              0.9130859375,
              0.1824951171875,
              0.363525390625,
              -0.3533523976802826
            ],
            [
              0.10467529296875,
              0.75830078125,
              -0.6435546875,
              0.3319667875766754
            ],
            [
              -0.39306640625,
              0.62646484375,
              0.67333984375,
              0.0742264837026596
            ]
          ]
        ],
        "t0_rotation_rmse": 1.3997185230255127,
        "t0_translation_rmse_100": 0.9680689573287964
      }
    ]
  },
  "fern_30_70_even_odd": {
    "best": {
      "psnr": 13.34083080291748,
      "distortion": 0.01875118725001812,
      "rotation_rmse": 3.9947803020477295,
      "translation_rmse_100": 2.062265634536743,
      "t_final": [
        [
          [
            0.947265625,
            0.193115234375,
            0.255126953125,
            -0.3843950629234314
          ],
          [
            0.048797607421875,
            0.70068359375,
            -0.71142578125,
            0.34440094232559204
          ],
          [
            -0.31640625,
            0.68701171875,
            0.65478515625,
            0.061119116842746735
          ]
        ]
      ],
      "t0_rotation_rmse": 5.611567974090576,
      "t0_translation_rmse_100": 9.61656379699707
    },
    "stats_list": [
      {
        "psnr": 13.34083080291748,
        "distortion": 0.01875118725001812,
        "rotation_rmse": 3.9947803020477295,
        "translation_rmse_100": 2.062265634536743,
        "t_final": [
          [
            [
              0.947265625,
              0.193115234375,
              0.255126953125,
              -0.3843950629234314
            ],
            [
              0.048797607421875,
              0.70068359375,
              -0.71142578125,
              0.34440094232559204
            ],
            [
              -0.31640625,
              0.68701171875,
              0.65478515625,
              0.061119116842746735
            ]
          ]
        ],
        "t0_rotation_rmse": 5.611567974090576,
        "t0_translation_rmse_100": 9.61656379699707
      }
    ]
  },
  "fern_50_50": {
    "best": {
      "psnr": 19.83169937133789,
      "distortion": 0.017227400094270706,
      "rotation_rmse": 0.18825122714042664,
      "translation_rmse_100": 0.20923244953155518,
      "t_final": [
        [
          [
            0.91552734375,
            0.1796875,
            0.360107421875,
            -0.3549482822418213
          ],
          [
            0.10430908203125,
            0.7578125,
            -0.64404296875,
            0.33200258016586304
          ],
          [
            -0.388671875,
            0.62646484375,
            0.67529296875,
            0.07109694927930832
          ]
        ]
      ],
      "t0_rotation_rmse": 2.9586141109466553,
      "t0_translation_rmse_100": 3.636718273162842
    },
    "stats_list": [
      {
        "psnr": 19.83169937133789,
        "distortion": 0.017227400094270706,
        "rotation_rmse": 0.18825122714042664,
        "translation_rmse_100": 0.20923244953155518,
        "t_final": [
          [
            [
              0.91552734375,
              0.1796875,
              0.360107421875,
              -0.3549482822418213
            ],
            [
              0.10430908203125,
              0.7578125,
              -0.64404296875,
              0.33200258016586304
            ],
            [
              -0.388671875,
              0.62646484375,
              0.67529296875,
              0.07109694927930832
            ]
          ]
        ],
        "t0_rotation_rmse": 2.9586141109466553,
        "t0_translation_rmse_100": 3.636718273162842
      }
    ]
  },
  "horns_0_100_even_odd": {
    "best": {
      "psnr": 29.06062889099121,
      "distortion": 0.011242722161114216,
      "rotation_rmse": 0.02200532704591751,
      "translation_rmse_100": 0.018861975520849228,
      "t_final": [
        [
          [
            0.85595703125,
            0.1357421875,
            0.49853515625,
            -0.04416627809405327
          ],
          [
            0.0345458984375,
            0.94775390625,
            -0.3173828125,
            0.1288818120956421
          ],
          [
            -0.515625,
            0.2890625,
            0.806640625,
            -0.2376500368118286
          ]
        ]
      ],
      "t0_rotation_rmse": 1.2831549644470215,
      "t0_translation_rmse_100": 1.7415271997451782
    },
    "stats_list": [
      {
        "psnr": 29.06062889099121,
        "distortion": 0.011242722161114216,
        "rotation_rmse": 0.02200532704591751,
        "translation_rmse_100": 0.018861975520849228,
        "t_final": [
          [
            [
              0.85595703125,
              0.1357421875,
              0.49853515625,
              -0.04416627809405327
            ],
            [
              0.0345458984375,
              0.94775390625,
              -0.3173828125,
              0.1288818120956421
            ],
            [
              -0.515625,
              0.2890625,
              0.806640625,
              -0.2376500368118286
            ]
          ]
        ],
        "t0_rotation_rmse": 1.2831549644470215,
        "t0_translation_rmse_100": 1.7415271997451782
      }
    ]
  },
  "horns_30_70_even_odd": {
    "best": {
      "psnr": 25.917272567749023,
      "distortion": 0.013983014971017838,
      "rotation_rmse": 0.0401468500494957,
      "translation_rmse_100": 0.030332714319229126,
      "t_final": [
        [
          [
            0.85595703125,
            0.135986328125,
            0.49951171875,
            -0.04436250030994415
          ],
          [
            0.0347900390625,
            0.947265625,
            -0.31787109375,
            0.12899340689182281
          ],
          [
            -0.51611328125,
            0.289306640625,
            0.80615234375,
            -0.23742011189460754
          ]
        ]
      ],
      "t0_rotation_rmse": 1.6391682624816895,
      "t0_translation_rmse_100": 1.609495997428894
    },
    "stats_list": [
      {
        "psnr": 25.917272567749023,
        "distortion": 0.013983014971017838,
        "rotation_rmse": 0.0401468500494957,
        "translation_rmse_100": 0.030332714319229126,
        "t_final": [
          [
            [
              0.85595703125,
              0.135986328125,
              0.49951171875,
              -0.04436250030994415
            ],
            [
              0.0347900390625,
              0.947265625,
              -0.31787109375,
              0.12899340689182281
            ],
            [
              -0.51611328125,
              0.289306640625,
              0.80615234375,
              -0.23742011189460754
            ]
          ]
        ],
        "t0_rotation_rmse": 1.6391682624816895,
        "t0_translation_rmse_100": 1.609495997428894
      }
    ]
  },
  "horns_50_50": {
    "best": {
      "psnr": 20.09691047668457,
      "distortion": 0.013918997719883919,
      "rotation_rmse": 0.18075112998485565,
      "translation_rmse_100": 0.15742048621177673,
      "t_final": [
        [
          [
            0.85888671875,
            0.132568359375,
            0.495361328125,
            -0.04116011783480644
          ],
          [
            0.036041259765625,
            0.9482421875,
            -0.31591796875,
            0.12915098667144775
          ],
          [
            -0.51171875,
            0.2890625,
            0.80908203125,
            -0.23769433796405792
          ]
        ]
      ],
      "t0_rotation_rmse": 1.6241461038589478,
      "t0_translation_rmse_100": 1.0247454643249512
    },
    "stats_list": [
      {
        "psnr": 20.09691047668457,
        "distortion": 0.013918997719883919,
        "rotation_rmse": 0.18075112998485565,
        "translation_rmse_100": 0.15742048621177673,
        "t_final": [
          [
            [
              0.85888671875,
              0.132568359375,
              0.495361328125,
              -0.04116011783480644
            ],
            [
              0.036041259765625,
              0.9482421875,
              -0.31591796875,
              0.12915098667144775
            ],
            [
              -0.51171875,
              0.2890625,
              0.80908203125,
              -0.23769433796405792
            ]
          ]
        ],
        "t0_rotation_rmse": 1.6241461038589478,
        "t0_translation_rmse_100": 1.0247454643249512
      }
    ]
  },
  "room_0_100_even_odd": {
    "best": {
      "psnr": 30.20258140563965,
      "distortion": 0.007943590171635151,
      "rotation_rmse": 0.029277408495545387,
      "translation_rmse_100": 0.044551312923431396,
      "t_final": [
        [
          [
            0.9990234375,
            0.0201568603515625,
            0.047210693359375,
            -0.19971664249897003
          ],
          [
            0.005168914794921875,
            0.8759765625,
            -0.4833984375,
            0.19109143316745758
          ],
          [
            -0.05108642578125,
            0.48291015625,
            0.8740234375,
            0.46271005272865295
          ]
        ]
      ],
      "t0_rotation_rmse": 1.9991281032562256,
      "t0_translation_rmse_100": 2.504030704498291
    },
    "stats_list": [
      {
        "psnr": 30.20258140563965,
        "distortion": 0.007943590171635151,
        "rotation_rmse": 0.029277408495545387,
        "translation_rmse_100": 0.044551312923431396,
        "t_final": [
          [
            [
              0.9990234375,
              0.0201568603515625,
              0.047210693359375,
              -0.19971664249897003
            ],
            [
              0.005168914794921875,
              0.8759765625,
              -0.4833984375,
              0.19109143316745758
            ],
            [
              -0.05108642578125,
              0.48291015625,
              0.8740234375,
              0.46271005272865295
            ]
          ]
        ],
        "t0_rotation_rmse": 1.9991281032562256,
        "t0_translation_rmse_100": 2.504030704498291
      }
    ]
  },
  "room_30_70_even_odd": {
    "best": {
      "psnr": 28.976951599121094,
      "distortion": 0.008358615450561047,
      "rotation_rmse": 0.024961110204458237,
      "translation_rmse_100": 0.005797725170850754,
      "t_final": [
        [
          [
            0.99853515625,
            0.0202178955078125,
            0.04754638671875,
            -0.19929271936416626
          ],
          [
            0.005352020263671875,
            0.875,
            -0.484375,
            0.19061259925365448
          ],
          [
            -0.0513916015625,
            0.48388671875,
            0.87353515625,
            0.4629610776901245
          ]
        ]
      ],
      "t0_rotation_rmse": 1.8564132452011108,
      "t0_translation_rmse_100": 2.0540683269500732
    },
    "stats_list": [
      {
        "psnr": 28.976951599121094,
        "distortion": 0.008358615450561047,
        "rotation_rmse": 0.024961110204458237,
        "translation_rmse_100": 0.005797725170850754,
        "t_final": [
          [
            [
              0.99853515625,
              0.0202178955078125,
              0.04754638671875,
              -0.19929271936416626
            ],
            [
              0.005352020263671875,
              0.875,
              -0.484375,
              0.19061259925365448
            ],
            [
              -0.0513916015625,
              0.48388671875,
              0.87353515625,
              0.4629610776901245
            ]
          ]
        ],
        "t0_rotation_rmse": 1.8564132452011108,
        "t0_translation_rmse_100": 2.0540683269500732
      }
    ]
  },
  "room_50_50": {
    "best": {
      "psnr": 26.96286964416504,
      "distortion": 0.010795442387461662,
      "rotation_rmse": 0.061375852674245834,
      "translation_rmse_100": 0.08625122904777527,
      "t_final": [
        [
          [
            0.99853515625,
            0.0193328857421875,
            0.046295166015625,
            -0.20065927505493164
          ],
          [
            0.00553131103515625,
            0.875,
            -0.484375,
            0.19008329510688782
          ],
          [
            -0.04986572265625,
            0.484130859375,
            0.87353515625,
            0.4626386761665344
          ]
        ]
      ],
      "t0_rotation_rmse": 3.135272264480591,
      "t0_translation_rmse_100": 3.233790874481201
    },
    "stats_list": [
      {
        "psnr": 26.96286964416504,
        "distortion": 0.010795442387461662,
        "rotation_rmse": 0.061375852674245834,
        "translation_rmse_100": 0.08625122904777527,
        "t_final": [
          [
            [
              0.99853515625,
              0.0193328857421875,
              0.046295166015625,
              -0.20065927505493164
            ],
            [
              0.00553131103515625,
              0.875,
              -0.484375,
              0.19008329510688782
            ],
            [
              -0.04986572265625,
              0.484130859375,
              0.87353515625,
              0.4626386761665344
            ]
          ]
        ],
        "t0_rotation_rmse": 3.135272264480591,
        "t0_translation_rmse_100": 3.233790874481201
      }
    ]
  },
  "trex_0_100_even_odd": {
    "best": {
      "psnr": 29.19565200805664,
      "distortion": 0.012209698557853699,
      "rotation_rmse": 0.009953072294592857,
      "translation_rmse_100": 0.011932737194001675,
      "t_final": [
        [
          [
            0.791015625,
            -0.07879638671875,
            0.60693359375,
            -0.2478685826063156
          ],
          [
            0.3564453125,
            0.865234375,
            -0.352294921875,
            -0.06825176626443863
          ],
          [
            -0.49755859375,
            0.4951171875,
            0.71240234375,
            -0.1974184662103653
          ]
        ]
      ],
      "t0_rotation_rmse": 1.4442988634109497,
      "t0_translation_rmse_100": 3.246091604232788
    },
    "stats_list": [
      {
        "psnr": 29.19565200805664,
        "distortion": 0.012209698557853699,
        "rotation_rmse": 0.009953072294592857,
        "translation_rmse_100": 0.011932737194001675,
        "t_final": [
          [
            [
              0.791015625,
              -0.07879638671875,
              0.60693359375,
              -0.2478685826063156
            ],
            [
              0.3564453125,
              0.865234375,
              -0.352294921875,
              -0.06825176626443863
            ],
            [
              -0.49755859375,
              0.4951171875,
              0.71240234375,
              -0.1974184662103653
            ]
          ]
        ],
        "t0_rotation_rmse": 1.4442988634109497,
        "t0_translation_rmse_100": 3.246091604232788
      }
    ]
  },
  "trex_30_70_even_odd": {
    "best": {
      "psnr": 28.029958724975586,
      "distortion": 0.014442019164562225,
      "rotation_rmse": 0.02043694071471691,
      "translation_rmse_100": 0.021660858765244484,
      "t_final": [
        [
          [
            0.79052734375,
            -0.0782470703125,
            0.60693359375,
            -0.24773243069648743
          ],
          [
            0.356201171875,
            0.865234375,
            -0.352783203125,
            -0.06795576214790344
          ],
          [
            -0.49755859375,
            0.494873046875,
            0.71240234375,
            -0.19746431708335876
          ]
        ]
      ],
      "t0_rotation_rmse": 1.7430680990219116,
      "t0_translation_rmse_100": 1.3781030178070068
    },
    "stats_list": [
      {
        "psnr": 28.029958724975586,
        "distortion": 0.014442019164562225,
        "rotation_rmse": 0.02043694071471691,
        "translation_rmse_100": 0.021660858765244484,
        "t_final": [
          [
            [
              0.79052734375,
              -0.0782470703125,
              0.60693359375,
              -0.24773243069648743
            ],
            [
              0.356201171875,
              0.865234375,
              -0.352783203125,
              -0.06795576214790344
            ],
            [
              -0.49755859375,
              0.494873046875,
              0.71240234375,
              -0.19746431708335876
            ]
          ]
        ],
        "t0_rotation_rmse": 1.7430680990219116,
        "t0_translation_rmse_100": 1.3781030178070068
      }
    ]
  },
  "trex_50_50": {
    "best": {
      "psnr": 26.224842071533203,
      "distortion": 0.016230490058660507,
      "rotation_rmse": 0.021713946014642715,
      "translation_rmse_100": 0.021454375237226486,
      "t_final": [
        [
          [
            0.791015625,
            -0.07916259765625,
            0.60693359375,
            -0.2473190277814865
          ],
          [
            0.3564453125,
            0.86572265625,
            -0.3515625,
            -0.06832592189311981
          ],
          [
            -0.497802734375,
            0.494384765625,
            0.71240234375,
            -0.1975410282611847
          ]
        ]
      ],
      "t0_rotation_rmse": 3.5331318378448486,
      "t0_translation_rmse_100": 1.1762566566467285
    },
    "stats_list": [
      {
        "psnr": 26.224842071533203,
        "distortion": 0.016230490058660507,
        "rotation_rmse": 0.021713946014642715,
        "translation_rmse_100": 0.021454375237226486,
        "t_final": [
          [
            [
              0.791015625,
              -0.07916259765625,
              0.60693359375,
              -0.2473190277814865
            ],
            [
              0.3564453125,
              0.86572265625,
              -0.3515625,
              -0.06832592189311981
            ],
            [
              -0.497802734375,
              0.494384765625,
              0.71240234375,
              -0.1975410282611847
            ]
          ]
        ],
        "t0_rotation_rmse": 3.5331318378448486,
        "t0_translation_rmse_100": 1.1762566566467285
      }
    ]
  }
}