{
  "F_15_C_Jungle_Camo16c6": {
    "best": {
      "psnr": 0.9341172575950623,
      "distortion": 0.00029237905982881784,
      "rotation_rmse": 106.88540540534922,
      "translation_rmse_100": 3.9186506271362305,
      "t_final": [
        [
          [
            0.99951171875,
            -0.02581787109375,
            0.0277557373046875,
            -0.0260009765625
          ],
          [
            0.0258636474609375,
            0.99951171875,
            -0.0014219284057617188,
            -0.0014753341674804688
          ],
          [
            -0.0277099609375,
            0.002140045166015625,
            0.99951171875,
            -0.024200439453125
          ]
        ]
      ],
      "t0_rotation_rmse": 107.9904062474625,
      "t0_translation_rmse_100": 6.5187482833862305
    },
    "stats_list": [
      {
        "psnr": 0.9341172575950623,
        "distortion": 0.00029237905982881784,
        "rotation_rmse": 106.88540540534922,
        "translation_rmse_100": 3.9186506271362305,
        "t_final": [
          [
            [
              0.99951171875,
              -0.02581787109375,
              0.0277557373046875,
              -0.0260009765625
            ],
            [
              0.0258636474609375,
              0.99951171875,
              -0.0014219284057617188,
              -0.0014753341674804688
            ],
            [
              -0.0277099609375,
              0.002140045166015625,
              0.99951171875,
              -0.024200439453125
            ]
          ]
        ],
        "t0_rotation_rmse": 107.9904062474625,
        "t0_translation_rmse_100": 6.5187482833862305
      }
    ]
  },
  "Hl_Maximilian09f0": {
    "best": {
      "psnr": 7.927438735961914,
      "distortion": 0.0006697089411318302,
      "rotation_rmse": 158.1095990264106,
      "translation_rmse_100": 3.7430882453918457,
      "t_final": [
        [
          [
            1.0,
            0.0189361572265625,
            -0.006290435791015625,
            -0.033477783203125
          ],
          [
            -0.0191650390625,
            0.9990234375,
            -0.03863525390625,
            -0.022674560546875
          ],
          [
            0.00555419921875,
            0.03875732421875,
            0.9990234375,
            0.03619384765625
          ]
        ]
      ],
      "t0_rotation_rmse": 160.38599255282597,
      "t0_translation_rmse_100": 7.090866565704346
    },
    "stats_list": [
      {
        "psnr": 7.927438735961914,
        "distortion": 0.0006697089411318302,
        "rotation_rmse": 158.1095990264106,
        "translation_rmse_100": 3.7430882453918457,
        "t_final": [
          [
            [
              1.0,
              0.0189361572265625,
              -0.006290435791015625,
              -0.033477783203125
            ],
            [
              -0.0191650390625,
              0.9990234375,
              -0.03863525390625,
              -0.022674560546875
            ],
            [
              0.00555419921875,
              0.03875732421875,
              0.9990234375,
              0.03619384765625
            ]
          ]
        ],
        "t0_rotation_rmse": 160.38599255282597,
        "t0_translation_rmse_100": 7.090866565704346
      }
    ]
  },
  "MiG_23_Desert_Camo089f": {
    "best": {
      "psnr": 10.697160720825195,
      "distortion": 0.0017936758231371641,
      "rotation_rmse": 4.86079121661144,
      "translation_rmse_100": 2.4801626205444336,
      "t_final": [
        [
          [
            -0.79296875,
            -0.353515625,
            -0.496337890625,
            -0.2231556624174118
          ],
          [
            0.583984375,
            -0.20849609375,
            -0.78466796875,
            0.08487848937511444
          ],
          [
            0.173828125,
            -0.912109375,
            0.371826171875,
            -0.4927646219730377
          ]
        ]
      ],
      "t0_rotation_rmse": 4.6346934265977,
      "t0_translation_rmse_100": 6.950987815856934
    },
    "stats_list": [
      {
        "psnr": 10.697160720825195,
        "distortion": 0.0017936758231371641,
        "rotation_rmse": 4.86079121661144,
        "translation_rmse_100": 2.4801626205444336,
        "t_final": [
          [
            [
              -0.79296875,
              -0.353515625,
              -0.496337890625,
              -0.2231556624174118
            ],
            [
              0.583984375,
              -0.20849609375,
              -0.78466796875,
              0.08487848937511444
            ],
            [
              0.173828125,
              -0.912109375,
              0.371826171875,
              -0.4927646219730377
            ]
          ]
        ],
        "t0_rotation_rmse": 4.6346934265977,
        "t0_translation_rmse_100": 6.950987815856934
      }
    ]
  },
  "Tolix_Industrial_Chairs3f2d": {
    "best": {
      "psnr": 5.993569850921631,
      "distortion": 0.0012722176034003496,
      "rotation_rmse": 176.08076471807976,
      "translation_rmse_100": 6.179482460021973,
      "t_final": [
        [
          [
            -0.0374755859375,
            -0.13330078125,
            -0.990234375,
            0.03764317184686661
          ],
          [
            0.01441192626953125,
            0.99072265625,
            -0.1339111328125,
            0.15782299637794495
          ],
          [
            0.9990234375,
            -0.019287109375,
            -0.03521728515625,
            -0.05570084601640701
          ]
        ]
      ],
      "t0_rotation_rmse": 174.06284939462228,
      "t0_translation_rmse_100": 3.6785669326782227
    },
    "stats_list": [
      {
        "psnr": 5.993569850921631,
        "distortion": 0.0012722176034003496,
        "rotation_rmse": 176.08076471807976,
        "translation_rmse_100": 6.179482460021973,
        "t_final": [
          [
            [
              -0.0374755859375,
              -0.13330078125,
              -0.990234375,
              0.03764317184686661
            ],
            [
              0.01441192626953125,
              0.99072265625,
              -0.1339111328125,
              0.15782299637794495
            ],
            [
              0.9990234375,
              -0.019287109375,
              -0.03521728515625,
              -0.05570084601640701
            ]
          ]
        ],
        "t0_rotation_rmse": 174.06284939462228,
        "t0_translation_rmse_100": 3.6785669326782227
      }
    ]
  },
  "Procedural_Bananas3a07": {
    "best": {
      "psnr": 11.397980690002441,
      "distortion": 0.0011797002516686916,
      "rotation_rmse": 16.730905920676772,
      "translation_rmse_100": 0.3813892602920532,
      "t_final": [
        [
          [
            0.958984375,
            -0.1925048828125,
            0.21044921875,
            0.1315142810344696
          ],
          [
            -0.06427001953125,
            -0.8642578125,
            -0.498046875,
            0.2638905644416809
          ],
          [
            0.278076171875,
            0.4638671875,
            -0.8408203125,
            0.01802833192050457
          ]
        ]
      ],
      "t0_rotation_rmse": 18.14928860899001,
      "t0_translation_rmse_100": 0.12253224849700928
    },
    "stats_list": [
      {
        "psnr": 11.397980690002441,
        "distortion": 0.0011797002516686916,
        "rotation_rmse": 16.730905920676772,
        "translation_rmse_100": 0.3813892602920532,
        "t_final": [
          [
            [
              0.958984375,
              -0.1925048828125,
              0.21044921875,
              0.1315142810344696
            ],
            [
              -0.06427001953125,
              -0.8642578125,
              -0.498046875,
              0.2638905644416809
            ],
            [
              0.278076171875,
              0.4638671875,
              -0.8408203125,
              0.01802833192050457
            ]
          ]
        ],
        "t0_rotation_rmse": 18.14928860899001,
        "t0_translation_rmse_100": 0.12253224849700928
      }
    ]
  },
  "Banana_for_scale0a07": {
    "best": {
      "psnr": 16.900415420532227,
      "distortion": 0.0006318138330243528,
      "rotation_rmse": 7.990062612636799,
      "translation_rmse_100": 0.4663228988647461,
      "t_final": [
        [
          [
            0.720703125,
            -0.67626953125,
            0.1517333984375,
            0.15613190829753876
          ],
          [
            -0.68896484375,
            -0.72265625,
            0.049713134765625,
            0.054169610142707825
          ],
          [
            0.0760498046875,
            -0.140380859375,
            -0.9873046875,
            0.07518228143453598
          ]
        ]
      ],
      "t0_rotation_rmse": 10.049766967219913,
      "t0_translation_rmse_100": 4.094862937927246
    },
    "stats_list": [
      {
        "psnr": 16.900415420532227,
        "distortion": 0.0006318138330243528,
        "rotation_rmse": 7.990062612636799,
        "translation_rmse_100": 0.4663228988647461,
        "t_final": [
          [
            [
              0.720703125,
              -0.67626953125,
              0.1517333984375,
              0.15613190829753876
            ],
            [
              -0.68896484375,
              -0.72265625,
              0.049713134765625,
              0.054169610142707825
            ],
            [
              0.0760498046875,
              -0.140380859375,
              -0.9873046875,
              0.07518228143453598
            ]
          ]
        ],
        "t0_rotation_rmse": 10.049766967219913,
        "t0_translation_rmse_100": 4.094862937927246
      }
    ]
  },
  "PB170_Sneaker_Sm18c3": {
    "best": {
      "psnr": 17.02312469482422,
      "distortion": 0.001962464302778244,
      "rotation_rmse": 4.354553148237521,
      "translation_rmse_100": 2.069246768951416,
      "t_final": [
        [
          [
            0.60498046875,
            -0.77099609375,
            0.197998046875,
            0.1182512491941452
          ],
          [
            0.75634765625,
            0.63427734375,
            0.1610107421875,
            0.02864041179418564
          ],
          [
            -0.249755859375,
            0.052337646484375,
            0.966796875,
            0.34623798727989197
          ]
        ]
      ],
      "t0_rotation_rmse": 4.182119255070371,
      "t0_translation_rmse_100": 0.591433048248291
    },
    "stats_list": [
      {
        "psnr": 17.02312469482422,
        "distortion": 0.001962464302778244,
        "rotation_rmse": 4.354553148237521,
        "translation_rmse_100": 2.069246768951416,
        "t_final": [
          [
            [
              0.60498046875,
              -0.77099609375,
              0.197998046875,
              0.1182512491941452
            ],
            [
              0.75634765625,
              0.63427734375,
              0.1610107421875,
              0.02864041179418564
            ],
            [
              -0.249755859375,
              0.052337646484375,
              0.966796875,
              0.34623798727989197
            ]
          ]
        ],
        "t0_rotation_rmse": 4.182119255070371,
        "t0_translation_rmse_100": 0.591433048248291
      }
    ]
  },
  "Acoustic_Guitar0aa0": {
    "best": {
      "psnr": 12.190526008605957,
      "distortion": 0.0008725658990442753,
      "rotation_rmse": 2.5980736140691425,
      "translation_rmse_100": 1.6580663919448853,
      "t_final": [
        [
          [
            0.6982421875,
            -0.1800537109375,
            -0.69287109375,
            0.10474437475204468
          ],
          [
            0.138671875,
            0.98388671875,
            -0.1158447265625,
            0.08075696974992752
          ],
          [
            0.7021484375,
            -0.015228271484375,
            0.7119140625,
            0.13326257467269897
          ]
        ]
      ],
      "t0_rotation_rmse": 5.0377513261870455,
      "t0_translation_rmse_100": 4.981430530548096
    },
    "stats_list": [
      {
        "psnr": 12.190526008605957,
        "distortion": 0.0008725658990442753,
        "rotation_rmse": 2.5980736140691425,
        "translation_rmse_100": 1.6580663919448853,
        "t_final": [
          [
            [
              0.6982421875,
              -0.1800537109375,
              -0.69287109375,
              0.10474437475204468
            ],
            [
              0.138671875,
              0.98388671875,
              -0.1158447265625,
              0.08075696974992752
            ],
            [
              0.7021484375,
              -0.015228271484375,
              0.7119140625,
              0.13326257467269897
            ]
          ]
        ],
        "t0_rotation_rmse": 5.0377513261870455,
        "t0_translation_rmse_100": 4.981430530548096
      }
    ]
  },
  "Banana_3D_Scan2373": {
    "best": {
      "psnr": 8.199602127075195,
      "distortion": 0.0005713264108635485,
      "rotation_rmse": 179.9743765482302,
      "translation_rmse_100": 41.84331130981445,
      "t_final": [
        [
          [
            0.6904296875,
            -0.626953125,
            0.361328125,
            -0.5095948576927185
          ],
          [
            0.7216796875,
            0.5625,
            -0.404052734375,
            0.4201135039329529
          ],
          [
            0.049896240234375,
            0.5400390625,
            0.8408203125,
            -0.17872849106788635
          ]
        ]
      ],
      "t0_rotation_rmse": 179.40861655159054,
      "t0_translation_rmse_100": 42.47159194946289
    },
    "stats_list": [
      {
        "psnr": 8.199602127075195,
        "distortion": 0.0005713264108635485,
        "rotation_rmse": 179.9743765482302,
        "translation_rmse_100": 41.84331130981445,
        "t_final": [
          [
            [
              0.6904296875,
              -0.626953125,
              0.361328125,
              -0.5095948576927185
            ],
            [
              0.7216796875,
              0.5625,
              -0.404052734375,
              0.4201135039329529
            ],
            [
              0.049896240234375,
              0.5400390625,
              0.8408203125,
              -0.17872849106788635
            ]
          ]
        ],
        "t0_rotation_rmse": 179.40861655159054,
        "t0_translation_rmse_100": 42.47159194946289
      }
    ]
  },
  "Test_Model15b4": {
    "best": {
      "psnr": 9.42505168914795,
      "distortion": 0.001174700679257512,
      "rotation_rmse": 5.346366484210644,
      "translation_rmse_100": 0.6541997194290161,
      "t_final": [
        [
          [
            0.91259765625,
            0.253173828125,
            -0.319580078125,
            0.31828248500823975
          ],
          [
            -0.1448974609375,
            0.9345703125,
            0.325927734375,
            -0.38461101055145264
          ],
          [
            0.381103515625,
            -0.251220703125,
            0.8896484375,
            0.3834574222564697
          ]
        ]
      ],
      "t0_rotation_rmse": 4.180301220663697,
      "t0_translation_rmse_100": 5.121973037719727
    },
    "stats_list": [
      {
        "psnr": 9.42505168914795,
        "distortion": 0.001174700679257512,
        "rotation_rmse": 5.346366484210644,
        "translation_rmse_100": 0.6541997194290161,
        "t_final": [
          [
            [
              0.91259765625,
              0.253173828125,
              -0.319580078125,
              0.31828248500823975
            ],
            [
              -0.1448974609375,
              0.9345703125,
              0.325927734375,
              -0.38461101055145264
            ],
            [
              0.381103515625,
              -0.251220703125,
              0.8896484375,
              0.3834574222564697
            ]
          ]
        ],
        "t0_rotation_rmse": 4.180301220663697,
        "t0_translation_rmse_100": 5.121973037719727
      }
    ]
  },
  "Hunter_Boy_With_Rabbit_Figurine0a5b": {
    "best": {
      "psnr": 12.928430557250977,
      "distortion": 0.0013402593322098255,
      "rotation_rmse": 8.781470581477937,
      "translation_rmse_100": 9.931180953979492,
      "t_final": [
        [
          [
            0.818359375,
            -0.5595703125,
            -0.1356201171875,
            0.20149804651737213
          ],
          [
            -0.04852294921875,
            -0.302001953125,
            0.9521484375,
            -0.03390531241893768
          ],
          [
            -0.5732421875,
            -0.7724609375,
            -0.27392578125,
            0.0014284539502114058
          ]
        ]
      ],
      "t0_rotation_rmse": 8.611340094994135,
      "t0_translation_rmse_100": 13.199613571166992
    },
    "stats_list": [
      {
        "psnr": 12.928430557250977,
        "distortion": 0.0013402593322098255,
        "rotation_rmse": 8.781470581477937,
        "translation_rmse_100": 9.931180953979492,
        "t_final": [
          [
            [
              0.818359375,
              -0.5595703125,
              -0.1356201171875,
              0.20149804651737213
            ],
            [
              -0.04852294921875,
              -0.302001953125,
              0.9521484375,
              -0.03390531241893768
            ],
            [
              -0.5732421875,
              -0.7724609375,
              -0.27392578125,
              0.0014284539502114058
            ]
          ]
        ],
        "t0_rotation_rmse": 8.611340094994135,
        "t0_translation_rmse_100": 13.199613571166992
      }
    ]
  },
  "Elephant1608": {
    "best": {
      "psnr": 6.625608444213867,
      "distortion": 0.001316422363743186,
      "rotation_rmse": 39.159212457311526,
      "translation_rmse_100": 21.841796875,
      "t_final": [
        [
          [
            0.456787109375,
            0.169189453125,
            0.87353515625,
            -0.15346315503120422
          ],
          [
            0.5537109375,
            0.71435546875,
            -0.427978515625,
            -0.23249979317188263
          ],
          [
            -0.69677734375,
            0.67822265625,
            0.232666015625,
            -0.47432276606559753
          ]
        ]
      ],
      "t0_rotation_rmse": 41.41628368216714,
      "t0_translation_rmse_100": 22.767242431640625
    },
    "stats_list": [
      {
        "psnr": 6.625608444213867,
        "distortion": 0.001316422363743186,
        "rotation_rmse": 39.159212457311526,
        "translation_rmse_100": 21.841796875,
        "t_final": [
          [
            [
              0.456787109375,
              0.169189453125,
              0.87353515625,
              -0.15346315503120422
            ],
            [
              0.5537109375,
              0.71435546875,
              -0.427978515625,
              -0.23249979317188263
            ],
            [
              -0.69677734375,
              0.67822265625,
              0.232666015625,
              -0.47432276606559753
            ]
          ]
        ],
        "t0_rotation_rmse": 41.41628368216714,
        "t0_translation_rmse_100": 22.767242431640625
      }
    ]
  },
  "Ornate_Medieval_Shield22a7": {
    "best": {
      "psnr": 4.982702255249023,
      "distortion": 0.0017043536063283682,
      "rotation_rmse": 15.952433749701612,
      "translation_rmse_100": 1.7778866291046143,
      "t_final": [
        [
          [
            0.81494140625,
            0.35546875,
            -0.45751953125,
            0.05789025127887726
          ],
          [
            0.5478515625,
            -0.216796875,
            0.8076171875,
            0.39782771468162537
          ],
          [
            0.1878662109375,
            -0.9091796875,
            -0.371337890625,
            0.4060713052749634
          ]
        ]
      ],
      "t0_rotation_rmse": 18.76704841743833,
      "t0_translation_rmse_100": 4.794548988342285
    },
    "stats_list": [
      {
        "psnr": 4.982702255249023,
        "distortion": 0.0017043536063283682,
        "rotation_rmse": 15.952433749701612,
        "translation_rmse_100": 1.7778866291046143,
        "t_final": [
          [
            [
              0.81494140625,
              0.35546875,
              -0.45751953125,
              0.05789025127887726
            ],
            [
              0.5478515625,
              -0.216796875,
              0.8076171875,
              0.39782771468162537
            ],
            [
              0.1878662109375,
              -0.9091796875,
              -0.371337890625,
              0.4060713052749634
            ]
          ]
        ],
        "t0_rotation_rmse": 18.76704841743833,
        "t0_translation_rmse_100": 4.794548988342285
      }
    ]
  },
  "Vikings_shield_and_axe1973": {
    "best": {
      "psnr": 11.021061897277832,
      "distortion": 0.0006025561015121639,
      "rotation_rmse": 178.44074947107296,
      "translation_rmse_100": 11.96320915222168,
      "t_final": [
        [
          [
            0.66943359375,
            -0.7412109375,
            -0.052734375,
            0.27886393666267395
          ],
          [
            -0.1484375,
            -0.203125,
            0.96826171875,
            0.3098337650299072
          ],
          [
            -0.7275390625,
            -0.64013671875,
            -0.24609375,
            0.8752422332763672
          ]
        ]
      ],
      "t0_rotation_rmse": 179.4433439030916,
      "t0_translation_rmse_100": 10.644086837768555
    },
    "stats_list": [
      {
        "psnr": 11.021061897277832,
        "distortion": 0.0006025561015121639,
        "rotation_rmse": 178.44074947107296,
        "translation_rmse_100": 11.96320915222168,
        "t_final": [
          [
            [
              0.66943359375,
              -0.7412109375,
              -0.052734375,
              0.27886393666267395
            ],
            [
              -0.1484375,
              -0.203125,
              0.96826171875,
              0.3098337650299072
            ],
            [
              -0.7275390625,
              -0.64013671875,
              -0.24609375,
              0.8752422332763672
            ]
          ]
        ],
        "t0_rotation_rmse": 179.4433439030916,
        "t0_translation_rmse_100": 10.644086837768555
      }
    ]
  },
  "Xbox_360_Controller0866": {
    "best": {
      "psnr": 10.984090805053711,
      "distortion": 0.006194288842380047,
      "rotation_rmse": 20.341023857800707,
      "translation_rmse_100": 24.037179946899414,
      "t_final": [
        [
          [
            -0.1688232421875,
            0.70947265625,
            -0.68408203125,
            0.28813421726226807
          ],
          [
            0.75927734375,
            0.5361328125,
            0.36865234375,
            -0.127706840634346
          ],
          [
            0.62841796875,
            -0.457275390625,
            -0.62939453125,
            0.36381250619888306
          ]
        ]
      ],
      "t0_rotation_rmse": 20.322257576815055,
      "t0_translation_rmse_100": 24.037179946899414
    },
    "stats_list": [
      {
        "psnr": 10.984090805053711,
        "distortion": 0.006194288842380047,
        "rotation_rmse": 20.341023857800707,
        "translation_rmse_100": 24.037179946899414,
        "t_final": [
          [
            [
              -0.1688232421875,
              0.70947265625,
              -0.68408203125,
              0.28813421726226807
            ],
            [
              0.75927734375,
              0.5361328125,
              0.36865234375,
              -0.127706840634346
            ],
            [
              0.62841796875,
              -0.457275390625,
              -0.62939453125,
              0.36381250619888306
            ]
          ]
        ],
        "t0_rotation_rmse": 20.322257576815055,
        "t0_translation_rmse_100": 24.037179946899414
      }
    ]
  },
  "Petroleum_lamp0230": {
    "best": {
      "psnr": 14.395572662353516,
      "distortion": 0.0018820780096575618,
      "rotation_rmse": 7.215503293688627,
      "translation_rmse_100": 1.7395168542861938,
      "t_final": [
        [
          [
            -0.2225341796875,
            -0.424072265625,
            0.87744140625,
            0.3696849048137665
          ],
          [
            -0.68115234375,
            0.7119140625,
            0.171142578125,
            -0.20998847484588623
          ],
          [
            -0.697265625,
            -0.56005859375,
            -0.447021484375,
            -0.01601739041507244
          ]
        ]
      ],
      "t0_rotation_rmse": 6.6286739915057105,
      "t0_translation_rmse_100": 3.0486912727355957
    },
    "stats_list": [
      {
        "psnr": 14.395572662353516,
        "distortion": 0.0018820780096575618,
        "rotation_rmse": 7.215503293688627,
        "translation_rmse_100": 1.7395168542861938,
        "t_final": [
          [
            [
              -0.2225341796875,
              -0.424072265625,
              0.87744140625,
              0.3696849048137665
            ],
            [
              -0.68115234375,
              0.7119140625,
              0.171142578125,
              -0.20998847484588623
            ],
            [
              -0.697265625,
              -0.56005859375,
              -0.447021484375,
              -0.01601739041507244
            ]
          ]
        ],
        "t0_rotation_rmse": 6.6286739915057105,
        "t0_translation_rmse_100": 3.0486912727355957
      }
    ]
  },
  "26851W_Odeon_Lightab66": {
    "best": {
      "psnr": 10.424044609069824,
      "distortion": 0.0014026612043380737,
      "rotation_rmse": 66.7172209153551,
      "translation_rmse_100": 39.13608932495117,
      "t_final": [
        [
          [
            -0.01471710205078125,
            0.39599609375,
            -0.91796875,
            -0.32547226548194885
          ],
          [
            -0.9580078125,
            -0.2685546875,
            -0.10052490234375,
            0.27558740973472595
          ],
          [
            -0.286376953125,
            0.8779296875,
            0.383544921875,
            -0.4362514317035675
          ]
        ]
      ],
      "t0_rotation_rmse": 66.34687137725125,
      "t0_translation_rmse_100": 38.405574798583984
    },
    "stats_list": [
      {
        "psnr": 10.424044609069824,
        "distortion": 0.0014026612043380737,
        "rotation_rmse": 66.7172209153551,
        "translation_rmse_100": 39.13608932495117,
        "t_final": [
          [
            [
              -0.01471710205078125,
              0.39599609375,
              -0.91796875,
              -0.32547226548194885
            ],
            [
              -0.9580078125,
              -0.2685546875,
              -0.10052490234375,
              0.27558740973472595
            ],
            [
              -0.286376953125,
              0.8779296875,
              0.383544921875,
              -0.4362514317035675
            ]
          ]
        ],
        "t0_rotation_rmse": 66.34687137725125,
        "t0_translation_rmse_100": 38.405574798583984
      }
    ]
  },
  "Teddy1b47": {
    "best": {
      "psnr": 13.233542442321777,
      "distortion": 0.0007542541716247797,
      "rotation_rmse": 33.00878860784595,
      "translation_rmse_100": 5.212357044219971,
      "t_final": [
        [
          [
            -0.25537109375,
            0.1370849609375,
            0.95703125,
            0.15917271375656128
          ],
          [
            -0.64501953125,
            -0.76123046875,
            -0.0631103515625,
            -0.13311201333999634
          ],
          [
            0.7197265625,
            -0.6337890625,
            0.282958984375,
            -0.11900664120912552
          ]
        ]
      ],
      "t0_rotation_rmse": 32.92211274067076,
      "t0_translation_rmse_100": 11.773635864257812
    },
    "stats_list": [
      {
        "psnr": 13.233542442321777,
        "distortion": 0.0007542541716247797,
        "rotation_rmse": 33.00878860784595,
        "translation_rmse_100": 5.212357044219971,
        "t_final": [
          [
            [
              -0.25537109375,
              0.1370849609375,
              0.95703125,
              0.15917271375656128
            ],
            [
              -0.64501953125,
              -0.76123046875,
              -0.0631103515625,
              -0.13311201333999634
            ],
            [
              0.7197265625,
              -0.6337890625,
              0.282958984375,
              -0.11900664120912552
            ]
          ]
        ],
        "t0_rotation_rmse": 32.92211274067076,
        "t0_translation_rmse_100": 11.773635864257812
      }
    ]
  },
  "Figura_San_Juan260d": {
    "best": {
      "psnr": 8.206612586975098,
      "distortion": 0.0005562679143622518,
      "rotation_rmse": 122.07774590360523,
      "translation_rmse_100": 2.3404061794281006,
      "t_final": [
        [
          [
            0.44580078125,
            0.51513671875,
            0.73193359375,
            -0.1761033982038498
          ],
          [
            -0.88427734375,
            0.1259765625,
            0.44970703125,
            0.47117137908935547
          ],
          [
            0.1395263671875,
            -0.84765625,
            0.51123046875,
            -0.07807943969964981
          ]
        ]
      ],
      "t0_rotation_rmse": 121.321448370655,
      "t0_translation_rmse_100": 0.6573617458343506
    },
    "stats_list": [
      {
        "psnr": 8.206612586975098,
        "distortion": 0.0005562679143622518,
        "rotation_rmse": 122.07774590360523,
        "translation_rmse_100": 2.3404061794281006,
        "t_final": [
          [
            [
              0.44580078125,
              0.51513671875,
              0.73193359375,
              -0.1761033982038498
            ],
            [
              -0.88427734375,
              0.1259765625,
              0.44970703125,
              0.47117137908935547
            ],
            [
              0.1395263671875,
              -0.84765625,
              0.51123046875,
              -0.07807943969964981
            ]
          ]
        ],
        "t0_rotation_rmse": 121.321448370655,
        "t0_translation_rmse_100": 0.6573617458343506
      }
    ]
  },
  "Stylized_Skateboard10c7": {
    "best": {
      "psnr": 9.629592895507812,
      "distortion": 0.0015017989790067077,
      "rotation_rmse": 162.52325309685196,
      "translation_rmse_100": 2.0377845764160156,
      "t_final": [
        [
          [
            -0.626953125,
            -0.7705078125,
            0.11676025390625,
            -0.3058401644229889
          ],
          [
            -0.53759765625,
            0.319091796875,
            -0.78076171875,
            0.19860757887363434
          ],
          [
            0.564453125,
            -0.55224609375,
            -0.61376953125,
            0.16309963166713715
          ]
        ]
      ],
      "t0_rotation_rmse": 161.38383844076318,
      "t0_translation_rmse_100": 3.2737464904785156
    },
    "stats_list": [
      {
        "psnr": 9.629592895507812,
        "distortion": 0.0015017989790067077,
        "rotation_rmse": 162.52325309685196,
        "translation_rmse_100": 2.0377845764160156,
        "t_final": [
          [
            [
              -0.626953125,
              -0.7705078125,
              0.11676025390625,
              -0.3058401644229889
            ],
            [
              -0.53759765625,
              0.319091796875,
              -0.78076171875,
              0.19860757887363434
            ],
            [
              0.564453125,
              -0.55224609375,
              -0.61376953125,
              0.16309963166713715
            ]
          ]
        ],
        "t0_rotation_rmse": 161.38383844076318,
        "t0_translation_rmse_100": 3.2737464904785156
      }
    ]
  },
  "Lantern0231": {
    "best": {
      "psnr": 8.694432258605957,
      "distortion": 0.0010263666044920683,
      "rotation_rmse": 154.36065329738113,
      "translation_rmse_100": 42.16132354736328,
      "t_final": [
        [
          [
            -0.1734619140625,
            -0.83154296875,
            0.52783203125,
            -0.10040286183357239
          ],
          [
            0.98291015625,
            -0.1812744140625,
            0.0372314453125,
            -0.09199392050504684
          ],
          [
            0.06475830078125,
            0.525390625,
            0.84814453125,
            -0.17695334553718567
          ]
        ]
      ],
      "t0_rotation_rmse": 152.82736632608248,
      "t0_translation_rmse_100": 44.84381866455078
    },
    "stats_list": [
      {
        "psnr": 8.694432258605957,
        "distortion": 0.0010263666044920683,
        "rotation_rmse": 154.36065329738113,
        "translation_rmse_100": 42.16132354736328,
        "t_final": [
          [
            [
              -0.1734619140625,
              -0.83154296875,
              0.52783203125,
              -0.10040286183357239
            ],
            [
              0.98291015625,
              -0.1812744140625,
              0.0372314453125,
              -0.09199392050504684
            ],
            [
              0.06475830078125,
              0.525390625,
              0.84814453125,
              -0.17695334553718567
            ]
          ]
        ],
        "t0_rotation_rmse": 152.82736632608248,
        "t0_translation_rmse_100": 44.84381866455078
      }
    ]
  },
  "model_New_Qlone183a": {
    "best": {
      "psnr": 8.661861419677734,
      "distortion": 0.0012591589475050569,
      "rotation_rmse": 22.335662983598148,
      "translation_rmse_100": 28.29066276550293,
      "t_final": [
        [
          [
            0.52587890625,
            -0.76171875,
            0.3779296875,
            0.2839623987674713
          ],
          [
            -0.5947265625,
            -0.6474609375,
            -0.4765625,
            0.008601754903793335
          ],
          [
            0.607421875,
            0.02606201171875,
            -0.7939453125,
            -0.1412888765335083
          ]
        ]
      ],
      "t0_rotation_rmse": 23.97225657755708,
      "t0_translation_rmse_100": 28.51935386657715
    },
    "stats_list": [
      {
        "psnr": 8.661861419677734,
        "distortion": 0.0012591589475050569,
        "rotation_rmse": 22.335662983598148,
        "translation_rmse_100": 28.29066276550293,
        "t_final": [
          [
            [
              0.52587890625,
              -0.76171875,
              0.3779296875,
              0.2839623987674713
            ],
            [
              -0.5947265625,
              -0.6474609375,
              -0.4765625,
              0.008601754903793335
            ],
            [
              0.607421875,
              0.02606201171875,
              -0.7939453125,
              -0.1412888765335083
            ]
          ]
        ],
        "t0_rotation_rmse": 23.97225657755708,
        "t0_translation_rmse_100": 28.51935386657715
      }
    ]
  },
  "FireHydrant_Fortnite_Style_0152": {
    "best": {
      "psnr": 11.8946533203125,
      "distortion": 0.001081735361367464,
      "rotation_rmse": 14.71545225496425,
      "translation_rmse_100": 5.255708694458008,
      "t_final": [
        [
          [
            0.96728515625,
            -0.247802734375,
            0.0556640625,
            -0.0036315247416496277
          ],
          [
            0.2408447265625,
            0.82568359375,
            -0.5107421875,
            0.16684256494045258
          ],
          [
            0.08062744140625,
            0.50732421875,
            0.85791015625,
            0.03610023856163025
          ]
        ]
      ],
      "t0_rotation_rmse": 16.65933883014738,
      "t0_translation_rmse_100": 7.530794143676758
    },
    "stats_list": [
      {
        "psnr": 11.8946533203125,
        "distortion": 0.001081735361367464,
        "rotation_rmse": 14.71545225496425,
        "translation_rmse_100": 5.255708694458008,
        "t_final": [
          [
            [
              0.96728515625,
              -0.247802734375,
              0.0556640625,
              -0.0036315247416496277
            ],
            [
              0.2408447265625,
              0.82568359375,
              -0.5107421875,
              0.16684256494045258
            ],
            [
              0.08062744140625,
              0.50732421875,
              0.85791015625,
              0.03610023856163025
            ]
          ]
        ],
        "t0_rotation_rmse": 16.65933883014738,
        "t0_translation_rmse_100": 7.530794143676758
      }
    ]
  },
  "chair_teacher4659": {
    "best": {
      "psnr": 6.038299560546875,
      "distortion": 0.0015917177079245448,
      "rotation_rmse": 23.95124147201394,
      "translation_rmse_100": 2.5206544399261475,
      "t_final": [
        [
          [
            0.849609375,
            -0.08660888671875,
            -0.52001953125,
            0.03458331897854805
          ],
          [
            0.51953125,
            -0.02978515625,
            0.85400390625,
            0.1571393609046936
          ],
          [
            -0.0894775390625,
            -0.99560546875,
            0.01971435546875,
            -0.009388821199536324
          ]
        ]
      ],
      "t0_rotation_rmse": 25.212000993801592,
      "t0_translation_rmse_100": 3.4392335414886475
    },
    "stats_list": [
      {
        "psnr": 6.038299560546875,
        "distortion": 0.0015917177079245448,
        "rotation_rmse": 23.95124147201394,
        "translation_rmse_100": 2.5206544399261475,
        "t_final": [
          [
            [
              0.849609375,
              -0.08660888671875,
              -0.52001953125,
              0.03458331897854805
            ],
            [
              0.51953125,
              -0.02978515625,
              0.85400390625,
              0.1571393609046936
            ],
            [
              -0.0894775390625,
              -0.99560546875,
              0.01971435546875,
              -0.009388821199536324
            ]
          ]
        ],
        "t0_rotation_rmse": 25.212000993801592,
        "t0_translation_rmse_100": 3.4392335414886475
      }
    ]
  },
  "Traffic_Cone37b5": {
    "best": {
      "psnr": 13.396470069885254,
      "distortion": 0.005758220795542002,
      "rotation_rmse": 136.1948959745473,
      "translation_rmse_100": 2.6855523586273193,
      "t_final": [
        [
          [
            -0.95947265625,
            0.1907958984375,
            0.2064208984375,
            -0.08573012053966522
          ],
          [
            -0.2152099609375,
            -0.97119140625,
            -0.103515625,
            -0.5466944575309753
          ],
          [
            0.1806640625,
            -0.143798828125,
            0.97314453125,
            0.2796575427055359
          ]
        ]
      ],
      "t0_rotation_rmse": 135.15945754513405,
      "t0_translation_rmse_100": 3.094869375228882
    },
    "stats_list": [
      {
        "psnr": 13.396470069885254,
        "distortion": 0.005758220795542002,
        "rotation_rmse": 136.1948959745473,
        "translation_rmse_100": 2.6855523586273193,
        "t_final": [
          [
            [
              -0.95947265625,
              0.1907958984375,
              0.2064208984375,
              -0.08573012053966522
            ],
            [
