{
  "F_15_C_Jungle_Camo16c6": {
    "best": {
      "psnr": 15.59886646270752,
      "distortion": 0.0009637395851314068,
      "rotation_rmse": 2.3830050830301155,
      "translation_rmse_100": 3.2332069873809814,
      "t_final": [
        [
          [
            0.1314697265625,
            -0.513671875,
            0.84765625,
            -0.09751955419778824
          ],
          [
            -0.7109375,
            0.54736328125,
            0.441650390625,
            0.022743500769138336
          ],
          [
            -0.69091796875,
            -0.66064453125,
            -0.293212890625,
            0.07246454805135727
          ]
        ]
      ],
      "t0_rotation_rmse": 3.239590173036561,
      "t0_translation_rmse_100": 4.5485148429870605
    },
    "stats_list": [
      {
        "psnr": 15.59886646270752,
        "distortion": 0.0009637395851314068,
        "rotation_rmse": 2.3830050830301155,
        "translation_rmse_100": 3.2332069873809814,
        "t_final": [
          [
            [
              0.1314697265625,
              -0.513671875,
              0.84765625,
              -0.09751955419778824
            ],
            [
              -0.7109375,
              0.54736328125,
              0.441650390625,
              0.022743500769138336
            ],
            [
              -0.69091796875,
              -0.66064453125,
              -0.293212890625,
              0.07246454805135727
            ]
          ]
        ],
        "t0_rotation_rmse": 3.239590173036561,
        "t0_translation_rmse_100": 4.5485148429870605
      }
    ]
  },
  "Hl_Maximilian09f0": {
    "best": {
      "psnr": 12.05966854095459,
      "distortion": 0.001431504962965846,
      "rotation_rmse": 21.624198911471638,
      "translation_rmse_100": 4.6568474769592285,
      "t_final": [
        [
          [
            -0.030120849609375,
            0.7470703125,
            -0.6640625,
            -0.11747714132070541
          ],
          [
            0.382080078125,
            -0.60546875,
            -0.6982421875,
            -0.17249104380607605
          ],
          [
            -0.923828125,
            -0.274658203125,
            -0.267333984375,
            0.043065838515758514
          ]
        ]
      ],
      "t0_rotation_rmse": 22.961628921352293,
      "t0_translation_rmse_100": 4.85082483291626
    },
    "stats_list": [
      {
        "psnr": 12.05966854095459,
        "distortion": 0.001431504962965846,
        "rotation_rmse": 21.624198911471638,
        "translation_rmse_100": 4.6568474769592285,
        "t_final": [
          [
            [
              -0.030120849609375,
              0.7470703125,
              -0.6640625,
              -0.11747714132070541
            ],
            [
              0.382080078125,
              -0.60546875,
              -0.6982421875,
              -0.17249104380607605
            ],
            [
              -0.923828125,
              -0.274658203125,
              -0.267333984375,
              0.043065838515758514
            ]
          ]
        ],
        "t0_rotation_rmse": 22.961628921352293,
        "t0_translation_rmse_100": 4.85082483291626
      }
    ]
  },
  "MiG_23_Desert_Camo089f": {
    "best": {
      "psnr": 9.45058822631836,
      "distortion": 0.001474587363190949,
      "rotation_rmse": 6.804238892963461,
      "translation_rmse_100": 2.932567834854126,
      "t_final": [
        [
          [
            -0.8701171875,
            -0.35400390625,
            -0.341796875,
            -0.21863161027431488
          ],
          [
            0.454833984375,
            -0.314208984375,
            -0.8330078125,
            0.022098757326602936
          ],
          [
            0.1875,
            -0.880859375,
            0.4345703125,
            -0.4805503189563751
          ]
        ]
      ],
      "t0_rotation_rmse": 8.087885918296049,
      "t0_translation_rmse_100": 5.142040729522705
    },
    "stats_list": [
      {
        "psnr": 9.45058822631836,
        "distortion": 0.001474587363190949,
        "rotation_rmse": 6.804238892963461,
        "translation_rmse_100": 2.932567834854126,
        "t_final": [
          [
            [
              -0.8701171875,
              -0.35400390625,
              -0.341796875,
              -0.21863161027431488
            ],
            [
              0.454833984375,
              -0.314208984375,
              -0.8330078125,
              0.022098757326602936
            ],
            [
              0.1875,
              -0.880859375,
              0.4345703125,
              -0.4805503189563751
            ]
          ]
        ],
        "t0_rotation_rmse": 8.087885918296049,
        "t0_translation_rmse_100": 5.142040729522705
      }
    ]
  },
  "Tolix_Industrial_Chairs3f2d": {
    "best": {
      "psnr": 7.3662004470825195,
      "distortion": 0.002581013599410653,
      "rotation_rmse": 76.44170412552869,
      "translation_rmse_100": 1.2509829998016357,
      "t_final": [
        [
          [
            0.69677734375,
            -0.1898193359375,
            0.69189453125,
            0.08692816644906998
          ],
          [
            -0.281494140625,
            -0.95947265625,
            0.0201416015625,
            0.05883822962641716
          ],
          [
            0.66015625,
            -0.208740234375,
            -0.7216796875,
            -0.0245436429977417
          ]
        ]
      ],
      "t0_rotation_rmse": 74.37658572042739,
      "t0_translation_rmse_100": 0.16455724835395813
    },
    "stats_list": [
      {
        "psnr": 7.3662004470825195,
        "distortion": 0.002581013599410653,
        "rotation_rmse": 76.44170412552869,
        "translation_rmse_100": 1.2509829998016357,
        "t_final": [
          [
            [
              0.69677734375,
              -0.1898193359375,
              0.69189453125,
              0.08692816644906998
            ],
            [
              -0.281494140625,
              -0.95947265625,
              0.0201416015625,
              0.05883822962641716
            ],
            [
              0.66015625,
              -0.208740234375,
              -0.7216796875,
              -0.0245436429977417
            ]
          ]
        ],
        "t0_rotation_rmse": 74.37658572042739,
        "t0_translation_rmse_100": 0.16455724835395813
      }
    ]
  },
  "Procedural_Bananas3a07": {
    "best": {
      "psnr": 15.962834358215332,
      "distortion": 0.0009869708446785808,
      "rotation_rmse": 3.8455042101168466,
      "translation_rmse_100": 2.7387239933013916,
      "t_final": [
        [
          [
            0.96337890625,
            -0.269287109375,
            -0.0145416259765625,
            0.10031314939260483
          ],
          [
            -0.255126953125,
            -0.8916015625,
            -0.373779296875,
            0.11145287752151489
          ],
          [
            0.0877685546875,
            0.36376953125,
            -0.92724609375,
            0.11670078337192535
          ]
        ]
      ],
      "t0_rotation_rmse": 4.264049556572467,
      "t0_translation_rmse_100": 4.9481964111328125
    },
    "stats_list": [
      {
        "psnr": 15.962834358215332,
        "distortion": 0.0009869708446785808,
        "rotation_rmse": 3.8455042101168466,
        "translation_rmse_100": 2.7387239933013916,
        "t_final": [
          [
            [
              0.96337890625,
              -0.269287109375,
              -0.0145416259765625,
              0.10031314939260483
            ],
            [
              -0.255126953125,
              -0.8916015625,
              -0.373779296875,
              0.11145287752151489
            ],
            [
              0.0877685546875,
              0.36376953125,
              -0.92724609375,
              0.11670078337192535
            ]
          ]
        ],
        "t0_rotation_rmse": 4.264049556572467,
        "t0_translation_rmse_100": 4.9481964111328125
      }
    ]
  },
  "Banana_for_scale0a07": {
    "best": {
      "psnr": 19.014434814453125,
      "distortion": 0.0006760057876817882,
      "rotation_rmse": 2.889212940916288,
      "translation_rmse_100": 0.2831771969795227,
      "t_final": [
        [
          [
            0.77587890625,
            -0.60546875,
            0.1787109375,
            0.14863690733909607
          ],
          [
            -0.62353515625,
            -0.77734375,
            0.078369140625,
            -0.012280235067009926
          ],
          [
            0.091552734375,
            -0.17236328125,
            -0.98095703125,
            0.06821687519550323
          ]
        ]
      ],
      "t0_rotation_rmse": 1.8250116225674005,
      "t0_translation_rmse_100": 0.29301196336746216
    },
    "stats_list": [
      {
        "psnr": 19.014434814453125,
        "distortion": 0.0006760057876817882,
        "rotation_rmse": 2.889212940916288,
        "translation_rmse_100": 0.2831771969795227,
        "t_final": [
          [
            [
              0.77587890625,
              -0.60546875,
              0.1787109375,
              0.14863690733909607
            ],
            [
              -0.62353515625,
              -0.77734375,
              0.078369140625,
              -0.012280235067009926
            ],
            [
              0.091552734375,
              -0.17236328125,
              -0.98095703125,
              0.06821687519550323
            ]
          ]
        ],
        "t0_rotation_rmse": 1.8250116225674005,
        "t0_translation_rmse_100": 0.29301196336746216
      }
    ]
  },
  "PB170_Sneaker_Sm18c3": {
    "best": {
      "psnr": 15.39929485321045,
      "distortion": 0.0017794629093259573,
      "rotation_rmse": 14.424586939786812,
      "translation_rmse_100": 1.8043861389160156,
      "t_final": [
        [
          [
            0.6162109375,
            -0.62158203125,
            0.4833984375,
            0.15698757767677307
          ],
          [
            0.67041015625,
            0.736328125,
            0.09130859375,
            0.01866798847913742
          ],
          [
            -0.412353515625,
            0.267822265625,
            0.87109375,
            0.2721836268901825
          ]
        ]
      ],
      "t0_rotation_rmse": 15.261057365905659,
      "t0_translation_rmse_100": 3.8185462951660156
    },
    "stats_list": [
      {
        "psnr": 15.39929485321045,
        "distortion": 0.0017794629093259573,
        "rotation_rmse": 14.424586939786812,
        "translation_rmse_100": 1.8043861389160156,
        "t_final": [
          [
            [
              0.6162109375,
              -0.62158203125,
              0.4833984375,
              0.15698757767677307
            ],
            [
              0.67041015625,
              0.736328125,
              0.09130859375,
              0.01866798847913742
            ],
            [
              -0.412353515625,
              0.267822265625,
              0.87109375,
              0.2721836268901825
            ]
          ]
        ],
        "t0_rotation_rmse": 15.261057365905659,
        "t0_translation_rmse_100": 3.8185462951660156
      }
    ]
  },
  "Acoustic_Guitar0aa0": {
    "best": {
      "psnr": 10.855469703674316,
      "distortion": 0.0007706646574661136,
      "rotation_rmse": 3.7385456040197393,
      "translation_rmse_100": 7.855854034423828,
      "t_final": [
        [
          [
            0.6552734375,
            -0.173095703125,
            -0.7353515625,
            0.16672225296497345
          ],
          [
            0.08111572265625,
            0.9833984375,
            -0.1593017578125,
            0.07059965282678604
          ],
          [
            0.75048828125,
            0.044708251953125,
            0.65869140625,
            0.16346003115177155
          ]
        ]
      ],
      "t0_rotation_rmse": 3.296330812361019,
      "t0_translation_rmse_100": 10.379657745361328
    },
    "stats_list": [
      {
        "psnr": 10.855469703674316,
        "distortion": 0.0007706646574661136,
        "rotation_rmse": 3.7385456040197393,
        "translation_rmse_100": 7.855854034423828,
        "t_final": [
          [
            [
              0.6552734375,
              -0.173095703125,
              -0.7353515625,
              0.16672225296497345
            ],
            [
              0.08111572265625,
              0.9833984375,
              -0.1593017578125,
              0.07059965282678604
            ],
            [
              0.75048828125,
              0.044708251953125,
              0.65869140625,
              0.16346003115177155
            ]
          ]
        ],
        "t0_rotation_rmse": 3.296330812361019,
        "t0_translation_rmse_100": 10.379657745361328
      }
    ]
  },
  "Banana_3D_Scan2373": {
    "best": {
      "psnr": 10.562480926513672,
      "distortion": 0.0007561809616163373,
      "rotation_rmse": 179.9743765482302,
      "translation_rmse_100": 39.35258865356445,
      "t_final": [
        [
          [
            0.5869140625,
            -0.6943359375,
            0.417236328125,
            -0.48468759655952454
          ],
          [
            0.7900390625,
            0.37744140625,
            -0.4833984375,
            0.44675591588020325
          ],
          [
            0.17822265625,
            0.61328125,
            0.76953125,
            0.10716921836137772
          ]
        ]
      ],
      "t0_rotation_rmse": 179.5226469066169,
      "t0_translation_rmse_100": 38.94632339477539
    },
    "stats_list": [
      {
        "psnr": 10.562480926513672,
        "distortion": 0.0007561809616163373,
        "rotation_rmse": 179.9743765482302,
        "translation_rmse_100": 39.35258865356445,
        "t_final": [
          [
            [
              0.5869140625,
              -0.6943359375,
              0.417236328125,
              -0.48468759655952454
            ],
            [
              0.7900390625,
              0.37744140625,
              -0.4833984375,
              0.44675591588020325
            ],
            [
              0.17822265625,
              0.61328125,
              0.76953125,
              0.10716921836137772
            ]
          ]
        ],
        "t0_rotation_rmse": 179.5226469066169,
        "t0_translation_rmse_100": 38.94632339477539
      }
    ]
  },
  "Test_Model15b4": {
    "best": {
      "psnr": 10.316463470458984,
      "distortion": 0.0011407672427594662,
      "rotation_rmse": 6.905586775889377,
      "translation_rmse_100": 4.197469234466553,
      "t_final": [
        [
          [
            0.8955078125,
            0.26220703125,
            -0.359130859375,
            0.2828497886657715
          ],
          [
            -0.1510009765625,
            0.93896484375,
            0.30908203125,
            -0.4070891737937927
          ],
          [
            0.418212890625,
            -0.2225341796875,
            0.88037109375,
            0.4230591356754303
          ]
        ]
      ],
      "t0_rotation_rmse": 6.417825818429393,
      "t0_translation_rmse_100": 5.331197261810303
    },
    "stats_list": [
      {
        "psnr": 10.316463470458984,
        "distortion": 0.0011407672427594662,
        "rotation_rmse": 6.905586775889377,
        "translation_rmse_100": 4.197469234466553,
        "t_final": [
          [
            [
              0.8955078125,
              0.26220703125,
              -0.359130859375,
              0.2828497886657715
            ],
            [
              -0.1510009765625,
              0.93896484375,
              0.30908203125,
              -0.4070891737937927
            ],
            [
              0.418212890625,
              -0.2225341796875,
              0.88037109375,
              0.4230591356754303
            ]
          ]
        ],
        "t0_rotation_rmse": 6.417825818429393,
        "t0_translation_rmse_100": 5.331197261810303
      }
    ]
  },
  "Hunter_Boy_With_Rabbit_Figurine0a5b": {
    "best": {
      "psnr": 19.50840187072754,
      "distortion": 0.0013422350166365504,
      "rotation_rmse": 2.1240007273558588,
      "translation_rmse_100": 0.45596957206726074,
      "t_final": [
        [
          [
            0.8203125,
            -0.49853515625,
            -0.2802734375,
            0.2962501645088196
          ],
          [
            0.061126708984375,
            -0.411376953125,
            0.9091796875,
            -0.04163794964551926
          ],
          [
            -0.568359375,
            -0.76318359375,
            -0.306884765625,
            0.03035023622214794
          ]
        ]
      ],
      "t0_rotation_rmse": 2.517693874974706,
      "t0_translation_rmse_100": 0.5755245685577393
    },
    "stats_list": [
      {
        "psnr": 19.50840187072754,
        "distortion": 0.0013422350166365504,
        "rotation_rmse": 2.1240007273558588,
        "translation_rmse_100": 0.45596957206726074,
        "t_final": [
          [
            [
              0.8203125,
              -0.49853515625,
              -0.2802734375,
              0.2962501645088196
            ],
            [
              0.061126708984375,
              -0.411376953125,
              0.9091796875,
              -0.04163794964551926
            ],
            [
              -0.568359375,
              -0.76318359375,
              -0.306884765625,
              0.03035023622214794
            ]
          ]
        ],
        "t0_rotation_rmse": 2.517693874974706,
        "t0_translation_rmse_100": 0.5755245685577393
      }
    ]
  },
  "Elephant1608": {
    "best": {
      "psnr": 14.693802833557129,
      "distortion": 0.0015457666013389826,
      "rotation_rmse": 5.822037774780371,
      "translation_rmse_100": 1.7185002565383911,
      "t_final": [
        [
          [
            -0.0802001953125,
            0.57177734375,
            0.81640625,
            -0.3890661299228668
          ],
          [
            0.383544921875,
            0.77392578125,
            -0.50439453125,
            -0.26163262128829956
          ],
          [
            -0.919921875,
            0.272705078125,
            -0.28125,
            -0.36958077549934387
          ]
        ]
      ],
      "t0_rotation_rmse": 7.170049344113343,
      "t0_translation_rmse_100": 3.2634525299072266
    },
    "stats_list": [
      {
        "psnr": 14.693802833557129,
        "distortion": 0.0015457666013389826,
        "rotation_rmse": 5.822037774780371,
        "translation_rmse_100": 1.7185002565383911,
        "t_final": [
          [
            [
              -0.0802001953125,
              0.57177734375,
              0.81640625,
              -0.3890661299228668
            ],
            [
              0.383544921875,
              0.77392578125,
              -0.50439453125,
              -0.26163262128829956
            ],
            [
              -0.919921875,
              0.272705078125,
              -0.28125,
              -0.36958077549934387
            ]
          ]
        ],
        "t0_rotation_rmse": 7.170049344113343,
        "t0_translation_rmse_100": 3.2634525299072266
      }
    ]
  },
  "Ornate_Medieval_Shield22a7": {
    "best": {
      "psnr": 9.172026634216309,
      "distortion": 0.0019938682671636343,
      "rotation_rmse": 3.0884046327363914,
      "translation_rmse_100": 0.9546544551849365,
      "t_final": [
        [
          [
            0.92919921875,
            0.30029296875,
            -0.2135009765625,
            0.030564840883016586
          ],
          [
            0.280517578125,
            -0.201416015625,
            0.9384765625,
            0.36217549443244934
          ],
          [
            0.2386474609375,
            -0.9326171875,
            -0.271484375,
            0.3682842552661896
          ]
        ]
      ],
      "t0_rotation_rmse": 1.7446512832949208,
      "t0_translation_rmse_100": 1.2944910526275635
    },
    "stats_list": [
      {
        "psnr": 9.172026634216309,
        "distortion": 0.0019938682671636343,
        "rotation_rmse": 3.0884046327363914,
        "translation_rmse_100": 0.9546544551849365,
        "t_final": [
          [
            [
              0.92919921875,
              0.30029296875,
              -0.2135009765625,
              0.030564840883016586
            ],
            [
              0.280517578125,
              -0.201416015625,
              0.9384765625,
              0.36217549443244934
            ],
            [
              0.2386474609375,
              -0.9326171875,
              -0.271484375,
              0.3682842552661896
            ]
          ]
        ],
        "t0_rotation_rmse": 1.7446512832949208,
        "t0_translation_rmse_100": 1.2944910526275635
      }
    ]
  },
  "Vikings_shield_and_axe1973": {
    "best": {
      "psnr": 14.280728340148926,
      "distortion": 0.0007279120618477464,
      "rotation_rmse": 179.83212265124956,
      "translation_rmse_100": 59.32134246826172,
      "t_final": [
        [
          [
            -0.194580078125,
            0.8544921875,
            -0.481201171875,
            -0.1947173923254013
          ],
          [
            -0.96142578125,
            -0.06890869140625,
            0.266357421875,
            0.4614570736885071
          ],
          [
            0.1943359375,
            0.5146484375,
            0.8349609375,
            0.17240402102470398
          ]
        ]
      ],
      "t0_rotation_rmse": 178.59521288987656,
      "t0_translation_rmse_100": 59.494720458984375
    },
    "stats_list": [
      {
        "psnr": 14.280728340148926,
        "distortion": 0.0007279120618477464,
        "rotation_rmse": 179.83212265124956,
        "translation_rmse_100": 59.32134246826172,
        "t_final": [
          [
            [
              -0.194580078125,
              0.8544921875,
              -0.481201171875,
              -0.1947173923254013
            ],
            [
              -0.96142578125,
              -0.06890869140625,
              0.266357421875,
              0.4614570736885071
            ],
            [
              0.1943359375,
              0.5146484375,
              0.8349609375,
              0.17240402102470398
            ]
          ]
        ],
        "t0_rotation_rmse": 178.59521288987656,
        "t0_translation_rmse_100": 59.494720458984375
      }
    ]
  },
  "Xbox_360_Controller0866": {
    "best": {
      "psnr": 12.776554107666016,
      "distortion": 0.0015502588357776403,
      "rotation_rmse": 10.955482931926259,
      "translation_rmse_100": 7.31956672668457,
      "t_final": [
        [
          [
            -0.1925048828125,
            0.572265625,
            -0.796875,
            0.12095809727907181
          ],
          [
            0.470703125,
            0.7666015625,
            0.436767578125,
            -0.047126490622758865
          ],
          [
            0.86083984375,
            -0.291015625,
            -0.4169921875,
            0.4116668105125427
          ]
        ]
      ],
      "t0_rotation_rmse": 11.846354070601727,
      "t0_translation_rmse_100": 5.846330642700195
    },
    "stats_list": [
      {
        "psnr": 12.776554107666016,
        "distortion": 0.0015502588357776403,
        "rotation_rmse": 10.955482931926259,
        "translation_rmse_100": 7.31956672668457,
        "t_final": [
          [
            [
              -0.1925048828125,
              0.572265625,
              -0.796875,
              0.12095809727907181
            ],
            [
              0.470703125,
              0.7666015625,
              0.436767578125,
              -0.047126490622758865
            ],
            [
              0.86083984375,
              -0.291015625,
              -0.4169921875,
              0.4116668105125427
            ]
          ]
        ],
        "t0_rotation_rmse": 11.846354070601727,
        "t0_translation_rmse_100": 5.846330642700195
      }
    ]
  },
  "Petroleum_lamp0230": {
    "best": {
      "psnr": 13.286791801452637,
      "distortion": 0.0017171581275761127,
      "rotation_rmse": 5.838622124411922,
      "translation_rmse_100": 2.389988422393799,
      "t_final": [
        [
          [
            -0.1766357421875,
            -0.5849609375,
            0.7919921875,
            0.4109799563884735
          ],
          [
            -0.6328125,
            0.68408203125,
            0.364501953125,
            -0.15912994742393494
          ],
          [
            -0.7548828125,
            -0.436279296875,
            -0.49072265625,
            -0.05221426486968994
          ]
        ]
      ],
      "t0_rotation_rmse": 7.237489979104389,
      "t0_translation_rmse_100": 4.649815082550049
    },
    "stats_list": [
      {
        "psnr": 13.286791801452637,
        "distortion": 0.0017171581275761127,
        "rotation_rmse": 5.838622124411922,
        "translation_rmse_100": 2.389988422393799,
        "t_final": [
          [
            [
              -0.1766357421875,
              -0.5849609375,
              0.7919921875,
              0.4109799563884735
            ],
            [
              -0.6328125,
              0.68408203125,
              0.364501953125,
              -0.15912994742393494
            ],
            [
              -0.7548828125,
              -0.436279296875,
              -0.49072265625,
              -0.05221426486968994
            ]
          ]
        ],
        "t0_rotation_rmse": 7.237489979104389,
        "t0_translation_rmse_100": 4.649815082550049
      }
    ]
  },
  "26851W_Odeon_Lightab66": {
    "best": {
      "psnr": 15.63967514038086,
      "distortion": 0.0015427066246047616,
      "rotation_rmse": 2.4669730237337575,
      "translation_rmse_100": 1.646256446838379,
      "t_final": [
        [
          [
            -0.82568359375,
            -0.1771240234375,
            -0.53564453125,
            0.04942607879638672
          ],
          [
            -0.46044921875,
            -0.337646484375,
            0.8212890625,
            0.25186866521835327
          ],
          [
            -0.326416015625,
            0.9248046875,
            0.197021484375,
            -0.2606205940246582
          ]
        ]
      ],
      "t0_rotation_rmse": 3.87267266284556,
      "t0_translation_rmse_100": 1.4505624771118164
    },
    "stats_list": [
      {
        "psnr": 15.63967514038086,
        "distortion": 0.0015427066246047616,
        "rotation_rmse": 2.4669730237337575,
        "translation_rmse_100": 1.646256446838379,
        "t_final": [
          [
            [
              -0.82568359375,
              -0.1771240234375,
              -0.53564453125,
              0.04942607879638672
            ],
            [
              -0.46044921875,
              -0.337646484375,
              0.8212890625,
              0.25186866521835327
            ],
            [
              -0.326416015625,
              0.9248046875,
              0.197021484375,
              -0.2606205940246582
            ]
          ]
        ],
        "t0_rotation_rmse": 3.87267266284556,
        "t0_translation_rmse_100": 1.4505624771118164
      }
    ]
  },
  "Teddy1b47": {
    "best": {
      "psnr": 14.419292449951172,
      "distortion": 0.0010104778921231627,
      "rotation_rmse": 5.2206925735661285,
      "translation_rmse_100": 4.814601898193359,
      "t_final": [
        [
          [
            0.258544921875,
            0.06689453125,
            0.96337890625,
            0.05890312418341637
          ],
          [
            -0.5634765625,
            -0.7998046875,
            0.206787109375,
            -0.180229052901268
          ],
          [
            0.7841796875,
            -0.5966796875,
            -0.169189453125,
            -0.08805729448795319
          ]
        ]
      ],
      "t0_rotation_rmse": 5.119197292156828,
      "t0_translation_rmse_100": 6.538845539093018
    },
    "stats_list": [
      {
        "psnr": 14.419292449951172,
        "distortion": 0.0010104778921231627,
        "rotation_rmse": 5.2206925735661285,
        "translation_rmse_100": 4.814601898193359,
        "t_final": [
          [
            [
              0.258544921875,
              0.06689453125,
              0.96337890625,
              0.05890312418341637
            ],
            [
              -0.5634765625,
              -0.7998046875,
              0.206787109375,
              -0.180229052901268
            ],
            [
              0.7841796875,
              -0.5966796875,
              -0.169189453125,
              -0.08805729448795319
            ]
          ]
        ],
        "t0_rotation_rmse": 5.119197292156828,
        "t0_translation_rmse_100": 6.538845539093018
      }
    ]
  },
  "Figura_San_Juan260d": {
    "best": {
      "psnr": 13.929082870483398,
      "distortion": 0.0008532744250260293,
      "rotation_rmse": 4.507535899408882,
      "translation_rmse_100": 1.7065420150756836,
      "t_final": [
        [
          [
            0.62744140625,
            0.5537109375,
            -0.54736328125,
            -0.16976475715637207
          ],
          [
            0.77880859375,
            -0.458740234375,
            0.42822265625,
            -0.02296253852546215
          ],
          [
            -0.01410675048828125,
            -0.6953125,
            -0.71923828125,
            0.07099023461341858
          ]
        ]
      ],
      "t0_rotation_rmse": 5.003130748160472,
      "t0_translation_rmse_100": 1.3954534530639648
    },
    "stats_list": [
      {
        "psnr": 13.929082870483398,
        "distortion": 0.0008532744250260293,
        "rotation_rmse": 4.507535899408882,
        "translation_rmse_100": 1.7065420150756836,
        "t_final": [
          [
            [
              0.62744140625,
              0.5537109375,
              -0.54736328125,
              -0.16976475715637207
            ],
            [
              0.77880859375,
              -0.458740234375,
              0.42822265625,
              -0.02296253852546215
            ],
            [
              -0.01410675048828125,
              -0.6953125,
              -0.71923828125,
              0.07099023461341858
            ]
          ]
        ],
        "t0_rotation_rmse": 5.003130748160472,
        "t0_translation_rmse_100": 1.3954534530639648
      }
    ]
  },
  "Stylized_Skateboard10c7": {
    "best": {
      "psnr": 11.32129192352295,
      "distortion": 0.0028273742645978928,
      "rotation_rmse": 179.9743765482302,
      "translation_rmse_100": 3.4223556518554688,
      "t_final": [
        [
          [
            -0.5751953125,
            -0.67919921875,
            0.45654296875,
            -0.36044156551361084
          ],
          [
            -0.71728515625,
            0.1490478515625,
            -0.6806640625,
            0.1271541714668274
          ],
          [
            0.39453125,
            -0.71875,
            -0.57275390625,
            0.12808552384376526
          ]
        ]
      ],
      "t0_rotation_rmse": 179.8178196738048,
      "t0_translation_rmse_100": 2.3084640502929688
    },
    "stats_list": [
      {
        "psnr": 11.32129192352295,
        "distortion": 0.0028273742645978928,
        "rotation_rmse": 179.9743765482302,
        "translation_rmse_100": 3.4223556518554688,
        "t_final": [
          [
            [
              -0.5751953125,
              -0.67919921875,
              0.45654296875,
              -0.36044156551361084
            ],
            [
              -0.71728515625,
              0.1490478515625,
              -0.6806640625,
              0.1271541714668274
            ],
            [
              0.39453125,
              -0.71875,
              -0.57275390625,
              0.12808552384376526
            ]
          ]
        ],
        "t0_rotation_rmse": 179.8178196738048,
        "t0_translation_rmse_100": 2.3084640502929688
      }
    ]
  },
  "Lantern0231": {
    "best": {
      "psnr": 14.170889854431152,
      "distortion": 0.001111634075641632,
      "rotation_rmse": 179.1359122071377,
      "translation_rmse_100": 34.24224090576172,
      "t_final": [
        [
          [
            0.034393310546875,
            -0.578125,
            0.81591796875,
            -0.02121201530098915
          ],
          [
            0.99755859375,
            -0.031524658203125,
            -0.06439208984375,
            -0.048258375376462936
          ],
          [
            0.06292724609375,
            0.8154296875,
            0.5751953125,
            -0.1783902645111084
          ]
        ]
      ],
      "t0_rotation_rmse": 177.42073671597421,
      "t0_translation_rmse_100": 35.89171600341797
    },
    "stats_list": [
      {
        "psnr": 14.170889854431152,
        "distortion": 0.001111634075641632,
        "rotation_rmse": 179.1359122071377,
        "translation_rmse_100": 34.24224090576172,
        "t_final": [
          [
            [
              0.034393310546875,
              -0.578125,
              0.81591796875,
              -0.02121201530098915
            ],
            [
              0.99755859375,
              -0.031524658203125,
              -0.06439208984375,
              -0.048258375376462936
            ],
            [
              0.06292724609375,
              0.8154296875,
              0.5751953125,
              -0.1783902645111084
            ]
          ]
        ],
        "t0_rotation_rmse": 177.42073671597421,
        "t0_translation_rmse_100": 35.89171600341797
      }
    ]
  },
  "model_New_Qlone183a": {
    "best": {
      "psnr": 13.867818832397461,
      "distortion": 0.0011929597239941359,
      "rotation_rmse": 5.404970421584261,
      "translation_rmse_100": 4.213102340698242,
      "t_final": [
        [
          [
            0.6513671875,
            -0.55859375,
            0.513671875,
            0.04318680614233017
          ],
          [
            -0.3525390625,
            -0.82177734375,
            -0.447509765625,
            -0.08226068317890167
          ],
          [
            0.6728515625,
            0.1103515625,
            -0.73193359375,
            -0.09884297102689743
          ]
        ]
      ],
      "t0_rotation_rmse": 6.842580778384607,
      "t0_translation_rmse_100": 3.448636770248413
    },
    "stats_list": [
      {
        "psnr": 13.867818832397461,
        "distortion": 0.0011929597239941359,
        "rotation_rmse": 5.404970421584261,
        "translation_rmse_100": 4.213102340698242,
        "t_final": [
          [
            [
              0.6513671875,
              -0.55859375,
              0.513671875,
              0.04318680614233017
            ],
            [
              -0.3525390625,
              -0.82177734375,
              -0.447509765625,
              -0.08226068317890167
            ],
            [
              0.6728515625,
              0.1103515625,
              -0.73193359375,
              -0.09884297102689743
            ]
          ]
        ],
        "t0_rotation_rmse": 6.842580778384607,
        "t0_translation_rmse_100": 3.448636770248413
      }
    ]
  },
  "FireHydrant_Fortnite_Style_0152": {
    "best": {
      "psnr": 16.82132339477539,
      "distortion": 0.0011060992255806923,
      "rotation_rmse": 4.551729232049973,
      "translation_rmse_100": 2.948129892349243,
      "t_final": [
        [
          [
            0.87353515625,
            -0.4716796875,
            0.12091064453125,
            -0.08566991239786148
          ],
          [
            0.483642578125,
            0.81201171875,
            -0.3271484375,
            0.260380357503891
          ],
          [
            0.056060791015625,
            0.34423828125,
            0.93701171875,
            -0.06802846491336823
          ]
        ]
      ],
      "t0_rotation_rmse": 5.117928674818384,
      "t0_translation_rmse_100": 5.098093509674072
    },
    "stats_list": [
      {
        "psnr": 16.82132339477539,
        "distortion": 0.0011060992255806923,
        "rotation_rmse": 4.551729232049973,
        "translation_rmse_100": 2.948129892349243,
        "t_final": [
          [
            [
              0.87353515625,
              -0.4716796875,
              0.12091064453125,
              -0.08566991239786148
            ],
            [
              0.483642578125,
              0.81201171875,
              -0.3271484375,
              0.260380357503891
            ],
            [
              0.056060791015625,
              0.34423828125,
              0.93701171875,
              -0.06802846491336823
            ]
          ]
        ],
        "t0_rotation_rmse": 5.117928674818384,
        "t0_translation_rmse_100": 5.098093509674072
      }
    ]
  },
  "chair_teacher4659": {
    "best": {
      "psnr": 11.072428703308105,
      "distortion": 0.0013442251365631819,
      "rotation_rmse": 2.142955455022755,
      "translation_rmse_100": 1.0017130374908447,
      "t_final": [
        [
          [
            0.93212890625,
            0.212646484375,
            -0.293701171875,
            0.06980699300765991
          ],
          [
            0.328857421875,
            -0.1536865234375,
            0.931640625,
            0.20492354035377502
          ],
          [
            0.1529541015625,
            -0.96484375,
            -0.2132568359375,
            0.10059075802564621
          ]
        ]
      ],
      "t0_rotation_rmse": 3.5417599172958387,
      "t0_translation_rmse_100": 0.5603525638580322
    },
    "stats_list": [
      {
        "psnr": 11.072428703308105,
        "distortion": 0.0013442251365631819,
        "rotation_rmse": 2.142955455022755,
        "translation_rmse_100": 1.0017130374908447,
        "t_final": [
          [
            [
              0.93212890625,
              0.212646484375,
              -0.293701171875,
              0.06980699300765991
            ],
            [
              0.328857421875,
              -0.1536865234375,
              0.931640625,
              0.20492354035377502
            ],
            [
              0.1529541015625,
              -0.96484375,
              -0.2132568359375,
              0.10059075802564621
            ]
          ]
        ],
        "t0_rotation_rmse": 3.5417599172958387,
        "t0_translation_rmse_100": 0.5603525638580322
      }
    ]
  },
  "Traffic_Cone37b5": {
    "best": {
      "psnr": 17.83979606628418,
      "distortion": 0.004045017063617706,
      "rotation_rmse": 157.36721830868075,
      "translation_rmse_100": 7.666579723358154,
      "t_final": [
        [
          [
            -0.8056640625,
            0.460693359375,
            0.372802734375,
            0.017791198566555977
          ],
          [
            -0.53271484375,
            -0.8388671875,
            -0.1143798828125,
            -0.5108839869499207
          ],
          [
            0.259765625,
            -0.29052734375,
            0.9208984375,
            0.3913538455963135
          ]
        ]
      ],
      "t0_rotation_rmse": 158.40603683982042,
      "t0_translation_rmse_100": 5.270949363708496
    },
    "stats_list": [
      {
        "psnr": 17.83979606628418,
        "distortion": 0.004045017063617706,
        "rotation_rmse": 157.36721830868075,
        "translation_rmse_100": 7.666579723358154,
        "t_final": [
          [
            [
              -0.8056640625,
              0.460693359375,
              0.372802734375,
              0.017791198566555977
            ],
            [
              -0.53271484375,
              -0.8388671875,
              -0.1143798828125,
