{
  "F_15_C_Jungle_Camo16c6": {
    "best": {
      "psnr": 24.01765251159668,
      "distortion": 0.0007778082508593798,
      "rotation_rmse": 0.22697233944260645,
      "translation_rmse_100": 0.2014949917793274,
      "t_final": [
        [
          [
            0.111328125,
            -0.5322265625,
            0.83935546875,
            -0.06317253410816193
          ],
          [
            -0.6875,
            0.568359375,
            0.451904296875,
            -0.021778792142868042
          ],
          [
            -0.71728515625,
            -0.62744140625,
            -0.302978515625,
            0.10046643763780594
          ]
        ]
      ],
      "t0_rotation_rmse": 3.026835587212643,
      "t0_translation_rmse_100": 0.819476306438446
    },
    "stats_list": [
      {
        "psnr": 24.01765251159668,
        "distortion": 0.0007778082508593798,
        "rotation_rmse": 0.22697233944260645,
        "translation_rmse_100": 0.2014949917793274,
        "t_final": [
          [
            [
              0.111328125,
              -0.5322265625,
              0.83935546875,
              -0.06317253410816193
            ],
            [
              -0.6875,
              0.568359375,
              0.451904296875,
              -0.021778792142868042
            ],
            [
              -0.71728515625,
              -0.62744140625,
              -0.302978515625,
              0.10046643763780594
            ]
          ]
        ],
        "t0_rotation_rmse": 3.026835587212643,
        "t0_translation_rmse_100": 0.819476306438446
      }
    ]
  },
  "Hl_Maximilian09f0": {
    "best": {
      "psnr": 23.113706588745117,
      "distortion": 0.0009415759705007076,
      "rotation_rmse": 1.234708479861897,
      "translation_rmse_100": 0.10320544242858887,
      "t_final": [
        [
          [
            0.27685546875,
            0.59423828125,
            -0.75439453125,
            -0.06987661123275757
          ],
          [
            0.227783203125,
            -0.8037109375,
            -0.5498046875,
            -0.14611002802848816
          ],
          [
            -0.93359375,
            -0.0197906494140625,
            -0.35791015625,
            -0.01869834028184414
          ]
        ]
      ],
      "t0_rotation_rmse": 27.785096451277834,
      "t0_translation_rmse_100": 7.929020881652832
    },
    "stats_list": [
      {
        "psnr": 23.113706588745117,
        "distortion": 0.0009415759705007076,
        "rotation_rmse": 1.234708479861897,
        "translation_rmse_100": 0.10320544242858887,
        "t_final": [
          [
            [
              0.27685546875,
              0.59423828125,
              -0.75439453125,
              -0.06987661123275757
            ],
            [
              0.227783203125,
              -0.8037109375,
              -0.5498046875,
              -0.14611002802848816
            ],
            [
              -0.93359375,
              -0.0197906494140625,
              -0.35791015625,
              -0.01869834028184414
            ]
          ]
        ],
        "t0_rotation_rmse": 27.785096451277834,
        "t0_translation_rmse_100": 7.929020881652832
      }
    ]
  },
  "MiG_23_Desert_Camo089f": {
    "best": {
      "psnr": 20.134096145629883,
      "distortion": 0.0010996600612998009,
      "rotation_rmse": 1.4076903697222038,
      "translation_rmse_100": 0.12614279985427856,
      "t_final": [
        [
          [
            -0.84033203125,
            -0.32958984375,
            -0.43017578125,
            -0.24921871721744537
          ],
          [
            0.51220703125,
            -0.2252197265625,
            -0.82861328125,
            0.09755455702543259
          ],
          [
            0.1761474609375,
            -0.91650390625,
            0.358154296875,
            -0.45173847675323486
          ]
        ]
      ],
      "t0_rotation_rmse": 4.571030217615939,
      "t0_translation_rmse_100": 0.11017769575119019
    },
    "stats_list": [
      {
        "psnr": 20.134096145629883,
        "distortion": 0.0010996600612998009,
        "rotation_rmse": 1.4076903697222038,
        "translation_rmse_100": 0.12614279985427856,
        "t_final": [
          [
            [
              -0.84033203125,
              -0.32958984375,
              -0.43017578125,
              -0.24921871721744537
            ],
            [
              0.51220703125,
              -0.2252197265625,
              -0.82861328125,
              0.09755455702543259
            ],
            [
              0.1761474609375,
              -0.91650390625,
              0.358154296875,
              -0.45173847675323486
            ]
          ]
        ],
        "t0_rotation_rmse": 4.571030217615939,
        "t0_translation_rmse_100": 0.11017769575119019
      }
    ]
  },
  "Tolix_Industrial_Chairs3f2d": {
    "best": {
      "psnr": 8.566076278686523,
      "distortion": 0.005914862267673016,
      "rotation_rmse": 90.86575309956754,
      "translation_rmse_100": 8.890653610229492,
      "t_final": [
        [
          [
            0.80224609375,
            -0.1912841796875,
            0.56494140625,
            0.010531462728977203
          ],
          [
            -0.38427734375,
            -0.8896484375,
            0.2442626953125,
            0.06728807836771011
          ],
          [
            0.4560546875,
            -0.413330078125,
            -0.7880859375,
            -0.06034340709447861
          ]
        ]
      ],
      "t0_rotation_rmse": 78.36454245439967,
      "t0_translation_rmse_100": 0.014375895261764526
    },
    "stats_list": [
      {
        "psnr": 8.566076278686523,
        "distortion": 0.005914862267673016,
        "rotation_rmse": 90.86575309956754,
        "translation_rmse_100": 8.890653610229492,
        "t_final": [
          [
            [
              0.80224609375,
              -0.1912841796875,
              0.56494140625,
              0.010531462728977203
            ],
            [
              -0.38427734375,
              -0.8896484375,
              0.2442626953125,
              0.06728807836771011
            ],
            [
              0.4560546875,
              -0.413330078125,
              -0.7880859375,
              -0.06034340709447861
            ]
          ]
        ],
        "t0_rotation_rmse": 78.36454245439967,
        "t0_translation_rmse_100": 0.014375895261764526
      }
    ]
  },
  "Procedural_Bananas3a07": {
    "best": {
      "psnr": 23.938209533691406,
      "distortion": 0.0006783608114346862,
      "rotation_rmse": 1.1250687122239966,
      "translation_rmse_100": 0.3005519509315491,
      "t_final": [
        [
          [
            0.97802734375,
            -0.2025146484375,
            -0.045440673828125,
            0.12469486892223358
          ],
          [
            -0.203857421875,
            -0.89794921875,
            -0.3896484375,
            0.08200900256633759
          ],
          [
            0.03814697265625,
            0.390380859375,
            -0.919921875,
            0.15712997317314148
          ]
        ]
      ],
      "t0_rotation_rmse": 3.2967229484427274,
      "t0_translation_rmse_100": 3.1646265983581543
    },
    "stats_list": [
      {
        "psnr": 23.938209533691406,
        "distortion": 0.0006783608114346862,
        "rotation_rmse": 1.1250687122239966,
        "translation_rmse_100": 0.3005519509315491,
        "t_final": [
          [
            [
              0.97802734375,
              -0.2025146484375,
              -0.045440673828125,
              0.12469486892223358
            ],
            [
              -0.203857421875,
              -0.89794921875,
              -0.3896484375,
              0.08200900256633759
            ],
            [
              0.03814697265625,
              0.390380859375,
              -0.919921875,
              0.15712997317314148
            ]
          ]
        ],
        "t0_rotation_rmse": 3.2967229484427274,
        "t0_translation_rmse_100": 3.1646265983581543
      }
    ]
  },
  "Banana_for_scale0a07": {
    "best": {
      "psnr": 20.279003143310547,
      "distortion": 0.0003006660263054073,
      "rotation_rmse": 4.407144707844962,
      "translation_rmse_100": 1.4724299907684326,
      "t_final": [
        [
          [
            0.83642578125,
            -0.52783203125,
            0.1474609375,
            0.16619297862052917
          ],
          [
            -0.54638671875,
            -0.82275390625,
            0.1552734375,
            -0.12031245976686478
          ],
          [
            0.0394287109375,
            -0.2105712890625,
            -0.9765625,
            0.044169019907712936
          ]
        ]
      ],
      "t0_rotation_rmse": 1.8250116225674005,
      "t0_translation_rmse_100": 0.29301196336746216
    },
    "stats_list": [
      {
        "psnr": 20.279003143310547,
        "distortion": 0.0003006660263054073,
        "rotation_rmse": 4.407144707844962,
        "translation_rmse_100": 1.4724299907684326,
        "t_final": [
          [
            [
              0.83642578125,
              -0.52783203125,
              0.1474609375,
              0.16619297862052917
            ],
            [
              -0.54638671875,
              -0.82275390625,
              0.1552734375,
              -0.12031245976686478
            ],
            [
              0.0394287109375,
              -0.2105712890625,
              -0.9765625,
              0.044169019907712936
            ]
          ]
        ],
        "t0_rotation_rmse": 1.8250116225674005,
        "t0_translation_rmse_100": 0.29301196336746216
      }
    ]
  },
  "PB170_Sneaker_Sm18c3": {
    "best": {
      "psnr": 24.493911743164062,
      "distortion": 0.0011222170433029532,
      "rotation_rmse": 0.42463480086119276,
      "translation_rmse_100": 0.20632296800613403,
      "t_final": [
        [
          [
            0.62548828125,
            -0.734375,
            0.263916015625,
            0.1410069465637207
          ],
          [
            0.7275390625,
            0.67138671875,
            0.1409912109375,
            0.011679060757160187
          ],
          [
            -0.280517578125,
            0.1038818359375,
            0.9541015625,
            0.3292970657348633
          ]
        ]
      ],
      "t0_rotation_rmse": 4.526449613101494,
      "t0_translation_rmse_100": 1.2730166912078857
    },
    "stats_list": [
      {
        "psnr": 24.493911743164062,
        "distortion": 0.0011222170433029532,
        "rotation_rmse": 0.42463480086119276,
        "translation_rmse_100": 0.20632296800613403,
        "t_final": [
          [
            [
              0.62548828125,
              -0.734375,
              0.263916015625,
              0.1410069465637207
            ],
            [
              0.7275390625,
              0.67138671875,
              0.1409912109375,
              0.011679060757160187
            ],
            [
              -0.280517578125,
              0.1038818359375,
              0.9541015625,
              0.3292970657348633
            ]
          ]
        ],
        "t0_rotation_rmse": 4.526449613101494,
        "t0_translation_rmse_100": 1.2730166912078857
      }
    ]
  },
  "Acoustic_Guitar0aa0": {
    "best": {
      "psnr": 21.85593605041504,
      "distortion": 0.0005718356696888804,
      "rotation_rmse": 1.2042697822751398,
      "translation_rmse_100": 0.14569833874702454,
      "t_final": [
        [
          [
            0.689453125,
            -0.1824951171875,
            -0.70068359375,
            0.0896206945180893
          ],
          [
            0.11138916015625,
            0.98291015625,
            -0.1463623046875,
            -0.009729143232107162
          ],
          [
            0.7158203125,
            0.0228118896484375,
            0.69775390625,
            0.18788783252239227
          ]
        ]
      ],
      "t0_rotation_rmse": 2.3328257379717123,
      "t0_translation_rmse_100": 7.988716125488281
    },
    "stats_list": [
      {
        "psnr": 21.85593605041504,
        "distortion": 0.0005718356696888804,
        "rotation_rmse": 1.2042697822751398,
        "translation_rmse_100": 0.14569833874702454,
        "t_final": [
          [
            [
              0.689453125,
              -0.1824951171875,
              -0.70068359375,
              0.0896206945180893
            ],
            [
              0.11138916015625,
              0.98291015625,
              -0.1463623046875,
              -0.009729143232107162
            ],
            [
              0.7158203125,
              0.0228118896484375,
              0.69775390625,
              0.18788783252239227
            ]
          ]
        ],
        "t0_rotation_rmse": 2.3328257379717123,
        "t0_translation_rmse_100": 7.988716125488281
      }
    ]
  },
  "Banana_3D_Scan2373": {
    "best": {
      "psnr": 20.97959327697754,
      "distortion": 0.0007906859973445535,
      "rotation_rmse": 4.074985086199371,
      "translation_rmse_100": 0.3020666539669037,
      "t_final": [
        [
          [
            -0.7451171875,
            0.578125,
            -0.33349609375,
            -0.09418237954378128
          ],
          [
            0.6669921875,
            0.63720703125,
            -0.385986328125,
            0.5038438439369202
          ],
          [
            -0.01074981689453125,
            -0.509765625,
            -0.8603515625,
            0.14959898591041565
          ]
        ]
      ],
      "t0_rotation_rmse": 5.289557018139158,
      "t0_translation_rmse_100": 0.9436987638473511
    },
    "stats_list": [
      {
        "psnr": 20.97959327697754,
        "distortion": 0.0007906859973445535,
        "rotation_rmse": 4.074985086199371,
        "translation_rmse_100": 0.3020666539669037,
        "t_final": [
          [
            [
              -0.7451171875,
              0.578125,
              -0.33349609375,
              -0.09418237954378128
            ],
            [
              0.6669921875,
              0.63720703125,
              -0.385986328125,
              0.5038438439369202
            ],
            [
              -0.01074981689453125,
              -0.509765625,
              -0.8603515625,
              0.14959898591041565
            ]
          ]
        ],
        "t0_rotation_rmse": 5.289557018139158,
        "t0_translation_rmse_100": 0.9436987638473511
      }
    ]
  },
  "Test_Model15b4": {
    "best": {
      "psnr": 15.575140953063965,
      "distortion": 0.0007736418629065156,
      "rotation_rmse": 0.938569080708638,
      "translation_rmse_100": 0.6758004426956177,
      "t_final": [
        [
          [
            0.93408203125,
            0.183837890625,
            -0.3056640625,
            0.31806647777557373
          ],
          [
            -0.09332275390625,
            0.953125,
            0.2880859375,
            -0.3877714276313782
          ],
          [
            0.343994140625,
            -0.240478515625,
            0.90771484375,
            0.42505943775177
          ]
        ]
      ],
      "t0_rotation_rmse": 1.410631372926823,
      "t0_translation_rmse_100": 2.454975128173828
    },
    "stats_list": [
      {
        "psnr": 15.575140953063965,
        "distortion": 0.0007736418629065156,
        "rotation_rmse": 0.938569080708638,
        "translation_rmse_100": 0.6758004426956177,
        "t_final": [
          [
            [
              0.93408203125,
              0.183837890625,
              -0.3056640625,
              0.31806647777557373
            ],
            [
              -0.09332275390625,
              0.953125,
              0.2880859375,
              -0.3877714276313782
            ],
            [
              0.343994140625,
              -0.240478515625,
              0.90771484375,
              0.42505943775177
            ]
          ]
        ],
        "t0_rotation_rmse": 1.410631372926823,
        "t0_translation_rmse_100": 2.454975128173828
      }
    ]
  },
  "Hunter_Boy_With_Rabbit_Figurine0a5b": {
    "best": {
      "psnr": 19.949317932128906,
      "distortion": 0.0010352085810154676,
      "rotation_rmse": 2.279297437846039,
      "translation_rmse_100": 0.350835919380188,
      "t_final": [
        [
          [
            0.82568359375,
            -0.4921875,
            -0.275146484375,
            0.2973015010356903
          ],
          [
            0.0589599609375,
            -0.409912109375,
            0.90966796875,
            -0.03365384787321091
          ],
          [
            -0.560546875,
            -0.767578125,
            -0.3095703125,
            0.029452713206410408
          ]
        ]
      ],
      "t0_rotation_rmse": 6.827050523693328,
      "t0_translation_rmse_100": 1.254919171333313
    },
    "stats_list": [
      {
        "psnr": 19.949317932128906,
        "distortion": 0.0010352085810154676,
        "rotation_rmse": 2.279297437846039,
        "translation_rmse_100": 0.350835919380188,
        "t_final": [
          [
            [
              0.82568359375,
              -0.4921875,
              -0.275146484375,
              0.2973015010356903
            ],
            [
              0.0589599609375,
              -0.409912109375,
              0.90966796875,
              -0.03365384787321091
            ],
            [
              -0.560546875,
              -0.767578125,
              -0.3095703125,
              0.029452713206410408
            ]
          ]
        ],
        "t0_rotation_rmse": 6.827050523693328,
        "t0_translation_rmse_100": 1.254919171333313
      }
    ]
  },
  "Elephant1608": {
    "best": {
      "psnr": 15.59912109375,
      "distortion": 0.0012715916382148862,
      "rotation_rmse": 2.5313792671413804,
      "translation_rmse_100": 1.765778660774231,
      "t_final": [
        [
          [
            -0.049560546875,
            0.55078125,
            0.8330078125,
            -0.3895389139652252
          ],
          [
            0.463623046875,
            0.75146484375,
            -0.46923828125,
            -0.2585877776145935
          ],
          [
            -0.88427734375,
            0.363037109375,
            -0.29248046875,
            -0.36935627460479736
          ]
        ]
      ],
      "t0_rotation_rmse": 7.934356259276283,
      "t0_translation_rmse_100": 1.536223292350769
    },
    "stats_list": [
      {
        "psnr": 15.59912109375,
        "distortion": 0.0012715916382148862,
        "rotation_rmse": 2.5313792671413804,
        "translation_rmse_100": 1.765778660774231,
        "t_final": [
          [
            [
              -0.049560546875,
              0.55078125,
              0.8330078125,
              -0.3895389139652252
            ],
            [
              0.463623046875,
              0.75146484375,
              -0.46923828125,
              -0.2585877776145935
            ],
            [
              -0.88427734375,
              0.363037109375,
              -0.29248046875,
              -0.36935627460479736
            ]
          ]
        ],
        "t0_rotation_rmse": 7.934356259276283,
        "t0_translation_rmse_100": 1.536223292350769
      }
    ]
  },
  "Ornate_Medieval_Shield22a7": {
    "best": {
      "psnr": 9.257579803466797,
      "distortion": 0.0021990928798913956,
      "rotation_rmse": 3.1350914557343654,
      "translation_rmse_100": 4.760196208953857,
      "t_final": [
        [
          [
            0.93701171875,
            0.294677734375,
            -0.187255859375,
            -0.007490579038858414
          ],
          [
            0.255859375,
            -0.21435546875,
            0.94287109375,
            0.3717837631702423
          ],
          [
            0.2376708984375,
            -0.931640625,
            -0.276123046875,
            0.38236430287361145
          ]
        ]
      ],
      "t0_rotation_rmse": 1.7446512832949208,
      "t0_translation_rmse_100": 1.2944910526275635
    },
    "stats_list": [
      {
        "psnr": 9.257579803466797,
        "distortion": 0.0021990928798913956,
        "rotation_rmse": 3.1350914557343654,
        "translation_rmse_100": 4.760196208953857,
        "t_final": [
          [
            [
              0.93701171875,
              0.294677734375,
              -0.187255859375,
              -0.007490579038858414
            ],
            [
              0.255859375,
              -0.21435546875,
              0.94287109375,
              0.3717837631702423
            ],
            [
              0.2376708984375,
              -0.931640625,
              -0.276123046875,
              0.38236430287361145
            ]
          ]
        ],
        "t0_rotation_rmse": 1.7446512832949208,
        "t0_translation_rmse_100": 1.2944910526275635
      }
    ]
  },
  "Vikings_shield_and_axe1973": {
    "best": {
      "psnr": 13.741779327392578,
      "distortion": 0.0008467804291285574,
      "rotation_rmse": 4.275194430744838,
      "translation_rmse_100": 8.612367630004883,
      "t_final": [
        [
          [
            -0.149169921875,
            -0.97119140625,
            0.1864013671875,
            0.3123723566532135
          ],
          [
            0.244384765625,
            -0.2188720703125,
            -0.94482421875,
            0.5514951944351196
          ],
          [
            0.9580078125,
            -0.09539794921875,
            0.27001953125,
            0.2434195876121521
          ]
        ]
      ],
      "t0_rotation_rmse": 2.73664844886868,
      "t0_translation_rmse_100": 1.9412249326705933
    },
    "stats_list": [
      {
        "psnr": 13.741779327392578,
        "distortion": 0.0008467804291285574,
        "rotation_rmse": 4.275194430744838,
        "translation_rmse_100": 8.612367630004883,
        "t_final": [
          [
            [
              -0.149169921875,
              -0.97119140625,
              0.1864013671875,
              0.3123723566532135
            ],
            [
              0.244384765625,
              -0.2188720703125,
              -0.94482421875,
              0.5514951944351196
            ],
            [
              0.9580078125,
              -0.09539794921875,
              0.27001953125,
              0.2434195876121521
            ]
          ]
        ],
        "t0_rotation_rmse": 2.73664844886868,
        "t0_translation_rmse_100": 1.9412249326705933
      }
    ]
  },
  "Xbox_360_Controller0866": {
    "best": {
      "psnr": 17.335094451904297,
      "distortion": 0.0013823260087519884,
      "rotation_rmse": 0.02562345176980362,
      "translation_rmse_100": 1.327604055404663,
      "t_final": [
        [
          [
            -0.05047607421875,
            0.66259765625,
            -0.74755859375,
            0.06103847175836563
          ],
          [
            0.52978515625,
            0.65185546875,
            0.54296875,
            -0.06267394125461578
          ],
          [
            0.84716796875,
            -0.367919921875,
            -0.384033203125,
            0.45829716324806213
          ]
        ]
      ],
      "t0_rotation_rmse": 3.1469843766674788,
      "t0_translation_rmse_100": 0.5127847194671631
    },
    "stats_list": [
      {
        "psnr": 17.335094451904297,
        "distortion": 0.0013823260087519884,
        "rotation_rmse": 0.02562345176980362,
        "translation_rmse_100": 1.327604055404663,
        "t_final": [
          [
            [
              -0.05047607421875,
              0.66259765625,
              -0.74755859375,
              0.06103847175836563
            ],
            [
              0.52978515625,
              0.65185546875,
              0.54296875,
              -0.06267394125461578
            ],
            [
              0.84716796875,
              -0.367919921875,
              -0.384033203125,
              0.45829716324806213
            ]
          ]
        ],
        "t0_rotation_rmse": 3.1469843766674788,
        "t0_translation_rmse_100": 0.5127847194671631
      }
    ]
  },
  "Petroleum_lamp0230": {
    "best": {
      "psnr": 19.502161026000977,
      "distortion": 0.0013258714461699128,
      "rotation_rmse": 0.6931606992797194,
      "translation_rmse_100": 0.08474886417388916,
      "t_final": [
        [
          [
            -0.171875,
            -0.5244140625,
            0.83349609375,
            0.3862325847148895
          ],
          [
            -0.67578125,
            0.6787109375,
            0.287841796875,
            -0.18944288790225983
          ],
          [
            -0.71728515625,
            -0.513671875,
            -0.47119140625,
            -0.035016149282455444
          ]
        ]
      ],
      "t0_rotation_rmse": 4.697455346915359,
      "t0_translation_rmse_100": 1.0033279657363892
    },
    "stats_list": [
      {
        "psnr": 19.502161026000977,
        "distortion": 0.0013258714461699128,
        "rotation_rmse": 0.6931606992797194,
        "translation_rmse_100": 0.08474886417388916,
        "t_final": [
          [
            [
              -0.171875,
              -0.5244140625,
              0.83349609375,
              0.3862325847148895
            ],
            [
              -0.67578125,
              0.6787109375,
              0.287841796875,
              -0.18944288790225983
            ],
            [
              -0.71728515625,
              -0.513671875,
              -0.47119140625,
              -0.035016149282455444
            ]
          ]
        ],
        "t0_rotation_rmse": 4.697455346915359,
        "t0_translation_rmse_100": 1.0033279657363892
      }
    ]
  },
  "26851W_Odeon_Lightab66": {
    "best": {
      "psnr": 17.473142623901367,
      "distortion": 0.0012004980817437172,
      "rotation_rmse": 1.3357287989957423,
      "translation_rmse_100": 0.0776052474975586,
      "t_final": [
        [
          [
            -0.8447265625,
            -0.2132568359375,
            -0.489990234375,
            0.0666646957397461
          ],
          [
            -0.400634765625,
            -0.354248046875,
            0.84521484375,
            0.307616651058197
          ],
          [
            -0.353759765625,
            0.91064453125,
            0.2139892578125,
            -0.2855534553527832
          ]
        ]
      ],
      "t0_rotation_rmse": 3.87267266284556,
      "t0_translation_rmse_100": 1.4505624771118164
    },
    "stats_list": [
      {
        "psnr": 17.473142623901367,
        "distortion": 0.0012004980817437172,
        "rotation_rmse": 1.3357287989957423,
        "translation_rmse_100": 0.0776052474975586,
        "t_final": [
          [
            [
              -0.8447265625,
              -0.2132568359375,
              -0.489990234375,
              0.0666646957397461
            ],
            [
              -0.400634765625,
              -0.354248046875,
              0.84521484375,
              0.307616651058197
            ],
            [
              -0.353759765625,
              0.91064453125,
              0.2139892578125,
              -0.2855534553527832
            ]
          ]
        ],
        "t0_rotation_rmse": 3.87267266284556,
        "t0_translation_rmse_100": 1.4505624771118164
      }
    ]
  },
  "Teddy1b47": {
    "best": {
      "psnr": 17.74957275390625,
      "distortion": 0.0009619469055905938,
      "rotation_rmse": 8.118054306646815,
      "translation_rmse_100": 8.45202922821045,
      "t_final": [
        [
          [
            0.211669921875,
            -0.03656005859375,
            0.97705078125,
            0.022528856992721558
          ],
          [
            -0.703125,
            -0.7001953125,
            0.126220703125,
            -0.1704159826040268
          ],
          [
            0.6787109375,
            -0.7138671875,
            -0.173828125,
            -0.2785642147064209
          ]
        ]
      ],
      "t0_rotation_rmse": 5.888174848531551,
      "t0_translation_rmse_100": 1.917844295501709
    },
    "stats_list": [
      {
        "psnr": 17.74957275390625,
        "distortion": 0.0009619469055905938,
        "rotation_rmse": 8.118054306646815,
        "translation_rmse_100": 8.45202922821045,
        "t_final": [
          [
            [
              0.211669921875,
              -0.03656005859375,
              0.97705078125,
              0.022528856992721558
            ],
            [
              -0.703125,
              -0.7001953125,
              0.126220703125,
              -0.1704159826040268
            ],
            [
              0.6787109375,
              -0.7138671875,
              -0.173828125,
              -0.2785642147064209
            ]
          ]
        ],
        "t0_rotation_rmse": 5.888174848531551,
        "t0_translation_rmse_100": 1.917844295501709
      }
    ]
  },
  "Figura_San_Juan260d": {
    "best": {
      "psnr": 18.791292190551758,
      "distortion": 0.0007197480881586671,
      "rotation_rmse": 0.02562345176980362,
      "translation_rmse_100": 0.25664418935775757,
      "t_final": [
        [
          [
            0.68701171875,
            0.51708984375,
            -0.5107421875,
            -0.15526577830314636
          ],
          [
            0.72705078125,
            -0.495361328125,
            0.47607421875,
            -0.0017550141783431172
          ],
          [
            -0.0068817138671875,
            -0.69775390625,
            -0.7158203125,
            0.02482284978032112
          ]
        ]
      ],
      "t0_rotation_rmse": 10.449028372404275,
      "t0_translation_rmse_100": 1.7489538192749023
    },
    "stats_list": [
      {
        "psnr": 18.791292190551758,
        "distortion": 0.0007197480881586671,
        "rotation_rmse": 0.02562345176980362,
        "translation_rmse_100": 0.25664418935775757,
        "t_final": [
          [
            [
              0.68701171875,
              0.51708984375,
              -0.5107421875,
              -0.15526577830314636
            ],
            [
              0.72705078125,
              -0.495361328125,
              0.47607421875,
              -0.0017550141783431172
            ],
            [
              -0.0068817138671875,
              -0.69775390625,
              -0.7158203125,
              0.02482284978032112
            ]
          ]
        ],
        "t0_rotation_rmse": 10.449028372404275,
        "t0_translation_rmse_100": 1.7489538192749023
      }
    ]
  },
  "Stylized_Skateboard10c7": {
    "best": {
      "psnr": 20.128055572509766,
      "distortion": 0.002081911079585552,
      "rotation_rmse": 179.9743765482302,
      "translation_rmse_100": 2.2675395011901855,
      "t_final": [
        [
          [
            -0.64111328125,
            -0.6455078125,
            0.415283203125,
            -0.3035426139831543
          ],
          [
            -0.666015625,
            0.1993408203125,
            -0.71826171875,
            0.13882921636104584
          ],
          [
            0.381103515625,
            -0.7373046875,
            -0.55810546875,
            0.19750232994556427
          ]
        ]
      ],
      "t0_rotation_rmse": 178.94397986403047,
      "t0_translation_rmse_100": 4.4800639152526855
    },
    "stats_list": [
      {
        "psnr": 20.128055572509766,
        "distortion": 0.002081911079585552,
        "rotation_rmse": 179.9743765482302,
        "translation_rmse_100": 2.2675395011901855,
        "t_final": [
          [
            [
              -0.64111328125,
              -0.6455078125,
              0.415283203125,
              -0.3035426139831543
            ],
            [
              -0.666015625,
              0.1993408203125,
              -0.71826171875,
              0.13882921636104584
            ],
            [
              0.381103515625,
              -0.7373046875,
              -0.55810546875,
              0.19750232994556427
            ]
          ]
        ],
        "t0_rotation_rmse": 178.94397986403047,
        "t0_translation_rmse_100": 4.4800639152526855
      }
    ]
  },
  "Lantern0231": {
    "best": {
      "psnr": 18.989635467529297,
      "distortion": 0.0009696594206616282,
      "rotation_rmse": 179.13693177019843,
      "translation_rmse_100": 35.08361053466797,
      "t_final": [
        [
          [
            0.01441192626953125,
            -0.52685546875,
            0.849609375,
            -0.02962571755051613
          ],
          [
            0.99853515625,
            -0.03900146484375,
            -0.0411376953125,
            -0.04636339843273163
          ],
          [
            0.0548095703125,
            0.84912109375,
            0.52587890625,
            -0.17535148561000824
          ]
        ]
      ],
      "t0_rotation_rmse": 177.45282229713487,
      "t0_translation_rmse_100": 36.80327606201172
    },
    "stats_list": [
      {
        "psnr": 18.989635467529297,
        "distortion": 0.0009696594206616282,
        "rotation_rmse": 179.13693177019843,
        "translation_rmse_100": 35.08361053466797,
        "t_final": [
          [
            [
              0.01441192626953125,
              -0.52685546875,
              0.849609375,
              -0.02962571755051613
            ],
            [
              0.99853515625,
              -0.03900146484375,
              -0.0411376953125,
              -0.04636339843273163
            ],
            [
              0.0548095703125,
              0.84912109375,
              0.52587890625,
              -0.17535148561000824
            ]
          ]
        ],
        "t0_rotation_rmse": 177.45282229713487,
        "t0_translation_rmse_100": 36.80327606201172
      }
    ]
  },
  "model_New_Qlone183a": {
    "best": {
      "psnr": 18.363018035888672,
      "distortion": 0.0012298193760216236,
      "rotation_rmse": 0.3279477221379897,
      "translation_rmse_100": 1.1942988634109497,
      "t_final": [
        [
          [
            0.68798828125,
            -0.49951171875,
            0.5263671875,
            0.012998774647712708
          ],
          [
            -0.2861328125,
            -0.85400390625,
            -0.435546875,
            -0.004871126264333725
          ],
          [
            0.66650390625,
            0.149169921875,
            -0.73046875,
            -0.082778699696064
          ]
        ]
      ],
      "t0_rotation_rmse": 0.25675245179406403,
      "t0_translation_rmse_100": 2.6400692462921143
    },
    "stats_list": [
      {
        "psnr": 18.363018035888672,
        "distortion": 0.0012298193760216236,
        "rotation_rmse": 0.3279477221379897,
        "translation_rmse_100": 1.1942988634109497,
        "t_final": [
          [
            [
              0.68798828125,
              -0.49951171875,
              0.5263671875,
              0.012998774647712708
            ],
            [
              -0.2861328125,
              -0.85400390625,
              -0.435546875,
              -0.004871126264333725
            ],
            [
              0.66650390625,
              0.149169921875,
              -0.73046875,
              -0.082778699696064
            ]
          ]
        ],
        "t0_rotation_rmse": 0.25675245179406403,
        "t0_translation_rmse_100": 2.6400692462921143
      }
    ]
  },
  "FireHydrant_Fortnite_Style_0152": {
    "best": {
      "psnr": 18.308216094970703,
      "distortion": 0.0011062331032007933,
      "rotation_rmse": 1.3017787919757213,
      "translation_rmse_100": 0.5742400884628296,
      "t_final": [
        [
          [
            0.9072265625,
            -0.404296875,
            0.115478515625,
            -0.05044621229171753
          ],
          [
            0.41845703125,
            0.841796875,
            -0.341796875,
            0.2660607695579529
          ],
          [
            0.041107177734375,
            0.358642578125,
            0.9326171875,
            -0.02925441786646843
          ]
        ]
      ],
      "t0_rotation_rmse": 3.6025489025534085,
      "t0_translation_rmse_100": 1.9114166498184204
    },
    "stats_list": [
      {
        "psnr": 18.308216094970703,
        "distortion": 0.0011062331032007933,
        "rotation_rmse": 1.3017787919757213,
        "translation_rmse_100": 0.5742400884628296,
        "t_final": [
          [
            [
              0.9072265625,
              -0.404296875,
              0.115478515625,
              -0.05044621229171753
            ],
            [
              0.41845703125,
              0.841796875,
              -0.341796875,
              0.2660607695579529
            ],
            [
              0.041107177734375,
              0.358642578125,
              0.9326171875,
              -0.02925441786646843
            ]
          ]
        ],
        "t0_rotation_rmse": 3.6025489025534085,
        "t0_translation_rmse_100": 1.9114166498184204
      }
    ]
  },
  "chair_teacher4659": {
    "best": {
      "psnr": 20.226720809936523,
      "distortion": 0.0010630711913108826,
      "rotation_rmse": 0.02562345176980362,
      "translation_rmse_100": 0.15733279287815094,
      "t_final": [
        [
          [
            0.93017578125,
            0.2191162109375,
            -0.295166015625,
            0.06136319041252136
          ],
          [
            0.33740234375,
            -0.1907958984375,
            0.921875,
            0.20777256786823273
          ],
          [
            0.1456298828125,
            -0.95703125,
            -0.25146484375,
            0.08284620940685272
          ]
        ]
      ],
      "t0_rotation_rmse": 2.102800247604615,
      "t0_translation_rmse_100": 1.0076757669448853
    },
    "stats_list": [
      {
        "psnr": 20.226720809936523,
        "distortion": 0.0010630711913108826,
        "rotation_rmse": 0.02562345176980362,
        "translation_rmse_100": 0.15733279287815094,
        "t_final": [
          [
            [
              0.93017578125,
              0.2191162109375,
              -0.295166015625,
              0.06136319041252136
            ],
            [
              0.33740234375,
              -0.1907958984375,
              0.921875,
              0.20777256786823273
            ],
            [
              0.1456298828125,
              -0.95703125,
              -0.25146484375,
              0.08284620940685272
            ]
          ]
        ],
        "t0_rotation_rmse": 2.102800247604615,
        "t0_translation_rmse_100": 1.0076757669448853
      }
    ]
  },
  "Traffic_Cone37b5": {
    "best": {
      "psnr": 26.391794204711914,
      "distortion": 0.0030410042963922024,
      "rotation_rmse": 67.8742501481219,
      "translation_rmse_100": 18.52973175048828,
      "t_final": [
        [
          [
            -0.63818359375,
            -0.76953125,
            -0.00794219970703125,
            -0.24417191743850708
          ],
          [
            0.7353515625,
            -0.61328125,
            0.2880859375,
            -0.1489604115486145
          ],
          [
            -0.2265625,
            0.17822265625,
            0.95751953125,
            0.46048736572265625
          ]
        ]
      ],
      "t0_rotation_rmse": 59.55335545200401,
      "t0_translation_rmse_100": 21.54334259033203
    },
    "stats_list": [
      {
        "psnr": 26.391794204711914,
        "distortion": 0.0030410042963922024,
        "rotation_rmse": 67.8742501481219,
        "translation_rmse_100": 18.52973175048828,
        "t_final": [
          [
            [
              -0.63818359375,
              -0.76953125,
              -0.00794219970703125,
