{
  "fern_0_100_even_odd": {
    "best": {
      "psnr": 10.569504737854004,
      "distortion": 0.07642282545566559,
      "rotation_rmse": 121.13082122802734,
      "translation_rmse_100": 29.5380859375,
      "t_final": [
        [
          [
            -0.90283203125,
            -0.4296875,
            -0.020477294921875,
            0.04842843487858772
          ],
          [
            -0.4296875,
            0.8994140625,
            0.08038330078125,
            0.21399237215518951
          ],
          [
            -0.01611328125,
            0.08135986328125,
            -0.99658203125,
            0.3676692247390747
          ]
        ]
      ],
      "t0_rotation_rmse": 121.14665222167969,
      "t0_translation_rmse_100": 29.68991470336914
    },
    "stats_list": [
      {
        "psnr": 10.569504737854004,
        "distortion": 0.07642282545566559,
        "rotation_rmse": 121.13082122802734,
        "translation_rmse_100": 29.5380859375,
        "t_final": [
          [
            [
              -0.90283203125,
              -0.4296875,
              -0.020477294921875,
              0.04842843487858772
            ],
            [
              -0.4296875,
              0.8994140625,
              0.08038330078125,
              0.21399237215518951
            ],
            [
              -0.01611328125,
              0.08135986328125,
              -0.99658203125,
              0.3676692247390747
            ]
          ]
        ],
        "t0_rotation_rmse": 121.14665222167969,
        "t0_translation_rmse_100": 29.68991470336914
      }
    ]
  },
  "fern_30_70_even_odd": {
    "best": {
      "psnr": 9.27557373046875,
      "distortion": 0.07352158427238464,
      "rotation_rmse": 109.9096450805664,
      "translation_rmse_100": 49.39986038208008,
      "t_final": [
        [
          [
            -0.83447265625,
            -0.55078125,
            -0.01032257080078125,
            0.14517566561698914
          ],
          [
            -0.45068359375,
            0.67236328125,
            0.58740234375,
            -0.11226418614387512
          ],
          [
            -0.316650390625,
            0.494873046875,
            -0.80908203125,
            0.6096752882003784
          ]
        ]
      ],
      "t0_rotation_rmse": 110.48868560791016,
      "t0_translation_rmse_100": 39.81839370727539
    },
    "stats_list": [
      {
        "psnr": 9.27557373046875,
        "distortion": 0.07352158427238464,
        "rotation_rmse": 109.9096450805664,
        "translation_rmse_100": 49.39986038208008,
        "t_final": [
          [
            [
              -0.83447265625,
              -0.55078125,
              -0.01032257080078125,
              0.14517566561698914
            ],
            [
              -0.45068359375,
              0.67236328125,
              0.58740234375,
              -0.11226418614387512
            ],
            [
              -0.316650390625,
              0.494873046875,
              -0.80908203125,
              0.6096752882003784
            ]
          ]
        ],
        "t0_rotation_rmse": 110.48868560791016,
        "t0_translation_rmse_100": 39.81839370727539
      }
    ]
  },
  "fern_50_50": {
    "best": {
      "psnr": 10.132380485534668,
      "distortion": 0.1309249997138977,
      "rotation_rmse": 83.67957305908203,
      "translation_rmse_100": 47.149723052978516,
      "t_final": [
        [
          [
            0.7001953125,
            0.6904296875,
            0.1845703125,
            -0.1283426284790039
          ],
          [
            -0.185791015625,
            -0.0736083984375,
            0.97998046875,
            -0.2922760546207428
          ],
          [
            0.68994140625,
            -0.7197265625,
            0.07672119140625,
            -0.4029923677444458
          ]
        ]
      ],
      "t0_rotation_rmse": 83.76802825927734,
      "t0_translation_rmse_100": 47.374114990234375
    },
    "stats_list": [
      {
        "psnr": 10.132380485534668,
        "distortion": 0.1309249997138977,
        "rotation_rmse": 83.67957305908203,
        "translation_rmse_100": 47.149723052978516,
        "t_final": [
          [
            [
              0.7001953125,
              0.6904296875,
              0.1845703125,
              -0.1283426284790039
            ],
            [
              -0.185791015625,
              -0.0736083984375,
              0.97998046875,
              -0.2922760546207428
            ],
            [
              0.68994140625,
              -0.7197265625,
              0.07672119140625,
              -0.4029923677444458
            ]
          ]
        ],
        "t0_rotation_rmse": 83.76802825927734,
        "t0_translation_rmse_100": 47.374114990234375
      }
    ]
  },
  "horns_0_100_even_odd": {
    "best": {
      "psnr": 29.052635192871094,
      "distortion": 0.010791920125484467,
      "rotation_rmse": 0.0046194251626729965,
      "translation_rmse_100": 0.011254493147134781,
      "t_final": [
        [
          [
            0.8564453125,
            0.1357421875,
            0.498779296875,
            -0.044052958488464355
          ],
          [
            0.034393310546875,
            0.94775390625,
            -0.317138671875,
            0.12881775200366974
          ],
          [
            -0.51611328125,
            0.28857421875,
            0.806640625,
            -0.237559974193573
          ]
        ]
      ],
      "t0_rotation_rmse": 2.6639559268951416,
      "t0_translation_rmse_100": 2.68925142288208
    },
    "stats_list": [
      {
        "psnr": 29.052635192871094,
        "distortion": 0.010791920125484467,
        "rotation_rmse": 0.0046194251626729965,
        "translation_rmse_100": 0.011254493147134781,
        "t_final": [
          [
            [
              0.8564453125,
              0.1357421875,
              0.498779296875,
              -0.044052958488464355
            ],
            [
              0.034393310546875,
              0.94775390625,
              -0.317138671875,
              0.12881775200366974
            ],
            [
              -0.51611328125,
              0.28857421875,
              0.806640625,
              -0.237559974193573
            ]
          ]
        ],
        "t0_rotation_rmse": 2.6639559268951416,
        "t0_translation_rmse_100": 2.68925142288208
      }
    ]
  },
  "horns_30_70_even_odd": {
    "best": {
      "psnr": 10.979393005371094,
      "distortion": 0.11855728924274445,
      "rotation_rmse": 66.0880126953125,
      "translation_rmse_100": 45.357303619384766,
      "t_final": [
        [
          [
            -0.1981201171875,
            0.9501953125,
            0.2406005859375,
            -0.21699118614196777
          ],
          [
            -0.9775390625,
            -0.2099609375,
            0.0250091552734375,
            -0.6369837522506714
          ],
          [
            0.0743408203125,
            -0.230224609375,
            0.97021484375,
            -0.21108534932136536
          ]
        ]
      ],
      "t0_rotation_rmse": 67.54670715332031,
      "t0_translation_rmse_100": 30.109272003173828
    },
    "stats_list": [
      {
        "psnr": 10.979393005371094,
        "distortion": 0.11855728924274445,
        "rotation_rmse": 66.0880126953125,
        "translation_rmse_100": 45.357303619384766,
        "t_final": [
          [
            [
              -0.1981201171875,
              0.9501953125,
              0.2406005859375,
              -0.21699118614196777
            ],
            [
              -0.9775390625,
              -0.2099609375,
              0.0250091552734375,
              -0.6369837522506714
            ],
            [
              0.0743408203125,
              -0.230224609375,
              0.97021484375,
              -0.21108534932136536
            ]
          ]
        ],
        "t0_rotation_rmse": 67.54670715332031,
        "t0_translation_rmse_100": 30.109272003173828
      }
    ]
  },
  "horns_50_50": {
    "best": {
      "psnr": 21.900915145874023,
      "distortion": 0.014626613818109035,
      "rotation_rmse": 0.02188737876713276,
      "translation_rmse_100": 0.01448624674230814,
      "t_final": [
        [
          [
            0.8564453125,
            0.135498046875,
            0.49853515625,
            -0.043640248477458954
          ],
          [
            0.034423828125,
            0.9482421875,
            -0.31689453125,
            0.12896186113357544
          ],
          [
            -0.515625,
            0.288818359375,
            0.80712890625,
            -0.23748664557933807
          ]
        ]
      ],
      "t0_rotation_rmse": 4.181545257568359,
      "t0_translation_rmse_100": 3.890144109725952
    },
    "stats_list": [
      {
        "psnr": 21.900915145874023,
        "distortion": 0.014626613818109035,
        "rotation_rmse": 0.02188737876713276,
        "translation_rmse_100": 0.01448624674230814,
        "t_final": [
          [
            [
              0.8564453125,
              0.135498046875,
              0.49853515625,
              -0.043640248477458954
            ],
            [
              0.034423828125,
              0.9482421875,
              -0.31689453125,
              0.12896186113357544
            ],
            [
              -0.515625,
              0.288818359375,
              0.80712890625,
              -0.23748664557933807
            ]
          ]
        ],
        "t0_rotation_rmse": 4.181545257568359,
        "t0_translation_rmse_100": 3.890144109725952
      }
    ]
  },
  "room_0_100_even_odd": {
    "best": {
      "psnr": 30.720897674560547,
      "distortion": 0.008272644132375717,
      "rotation_rmse": 0.00666495505720377,
      "translation_rmse_100": 0.012217673473060131,
      "t_final": [
        [
          [
            0.99853515625,
            0.020111083984375,
            0.047943115234375,
            -0.19922251999378204
          ],
          [
            0.005519866943359375,
            0.875,
            -0.483642578125,
            0.1904752254486084
          ],
          [
            -0.05169677734375,
            0.4833984375,
            0.8740234375,
            0.46315956115722656
          ]
        ]
      ],
      "t0_rotation_rmse": 18.004802703857422,
      "t0_translation_rmse_100": 17.451520919799805
    },
    "stats_list": [
      {
        "psnr": 30.720897674560547,
        "distortion": 0.008272644132375717,
        "rotation_rmse": 0.00666495505720377,
        "translation_rmse_100": 0.012217673473060131,
        "t_final": [
          [
            [
              0.99853515625,
              0.020111083984375,
              0.047943115234375,
              -0.19922251999378204
            ],
            [
              0.005519866943359375,
              0.875,
              -0.483642578125,
              0.1904752254486084
            ],
            [
              -0.05169677734375,
              0.4833984375,
              0.8740234375,
              0.46315956115722656
            ]
          ]
        ],
        "t0_rotation_rmse": 18.004802703857422,
        "t0_translation_rmse_100": 17.451520919799805
      }
    ]
  },
  "room_30_70_even_odd": {
    "best": {
      "psnr": 29.03680992126465,
      "distortion": 0.008955126628279686,
      "rotation_rmse": 0.009995272383093834,
      "translation_rmse_100": 0.01704389601945877,
      "t_final": [
        [
          [
            0.99853515625,
            0.020263671875,
            0.047882080078125,
            -0.19953079521656036
          ],
          [
            0.00545501708984375,
            0.875,
            -0.48388671875,
            0.190577894449234
          ],
          [
            -0.05169677734375,
            0.4833984375,
            0.8740234375,
            0.46306943893432617
          ]
        ]
      ],
      "t0_rotation_rmse": 6.055243492126465,
      "t0_translation_rmse_100": 6.410677909851074
    },
    "stats_list": [
      {
        "psnr": 29.03680992126465,
        "distortion": 0.008955126628279686,
        "rotation_rmse": 0.009995272383093834,
        "translation_rmse_100": 0.01704389601945877,
        "t_final": [
          [
            [
              0.99853515625,
              0.020263671875,
              0.047882080078125,
              -0.19953079521656036
            ],
            [
              0.00545501708984375,
              0.875,
              -0.48388671875,
              0.190577894449234
            ],
            [
              -0.05169677734375,
              0.4833984375,
              0.8740234375,
              0.46306943893432617
            ]
          ]
        ],
        "t0_rotation_rmse": 6.055243492126465,
        "t0_translation_rmse_100": 6.410677909851074
      }
    ]
  },
  "room_50_50": {
    "best": {
      "psnr": 15.227968215942383,
      "distortion": 0.008272860199213028,
      "rotation_rmse": 4.767018795013428,
      "translation_rmse_100": 3.8408539295196533,
      "t_final": [
        [
          [
            0.9921875,
            0.11395263671875,
            -0.053192138671875,
            -0.2330625057220459
          ],
          [
            -0.125732421875,
            0.8837890625,
            -0.450439453125,
            0.24528104066848755
          ],
          [
            -0.00431060791015625,
            0.45361328125,
            0.89111328125,
            0.44609829783439636
          ]
        ]
      ],
      "t0_rotation_rmse": 18.4311580657959,
      "t0_translation_rmse_100": 13.952207565307617
    },
    "stats_list": [
      {
        "psnr": 15.227968215942383,
        "distortion": 0.008272860199213028,
        "rotation_rmse": 4.767018795013428,
        "translation_rmse_100": 3.8408539295196533,
        "t_final": [
          [
            [
              0.9921875,
              0.11395263671875,
              -0.053192138671875,
              -0.2330625057220459
            ],
            [
              -0.125732421875,
              0.8837890625,
              -0.450439453125,
              0.24528104066848755
            ],
            [
              -0.00431060791015625,
              0.45361328125,
              0.89111328125,
              0.44609829783439636
            ]
          ]
        ],
        "t0_rotation_rmse": 18.4311580657959,
        "t0_translation_rmse_100": 13.952207565307617
      }
    ]
  },
  "trex_0_100_even_odd": {
    "best": {
      "psnr": 28.925975799560547,
      "distortion": 0.012975684367120266,
      "rotation_rmse": 0.012482693418860435,
      "translation_rmse_100": 0.005778190214186907,
      "t_final": [
        [
          [
            0.79052734375,
            -0.0787353515625,
            0.60693359375,
            -0.24770113825798035
          ],
          [
            0.356201171875,
            0.865234375,
            -0.351806640625,
            -0.06829523295164108
          ],
          [
            -0.49755859375,
            0.494873046875,
            0.71240234375,
            -0.19734999537467957
          ]
        ]
      ],
      "t0_rotation_rmse": 7.578080177307129,
      "t0_translation_rmse_100": 5.663228988647461
    },
    "stats_list": [
      {
        "psnr": 28.925975799560547,
        "distortion": 0.012975684367120266,
        "rotation_rmse": 0.012482693418860435,
        "translation_rmse_100": 0.005778190214186907,
        "t_final": [
          [
            [
              0.79052734375,
              -0.0787353515625,
              0.60693359375,
              -0.24770113825798035
            ],
            [
              0.356201171875,
              0.865234375,
              -0.351806640625,
              -0.06829523295164108
            ],
            [
              -0.49755859375,
              0.494873046875,
              0.71240234375,
              -0.19734999537467957
            ]
          ]
        ],
        "t0_rotation_rmse": 7.578080177307129,
        "t0_translation_rmse_100": 5.663228988647461
      }
    ]
  },
  "trex_30_70_even_odd": {
    "best": {
      "psnr": 27.914016723632812,
      "distortion": 0.01371211651712656,
      "rotation_rmse": 0.007509293965995312,
      "translation_rmse_100": 0.012368646450340748,
      "t_final": [
        [
          [
            0.79052734375,
            -0.0787353515625,
            0.60693359375,
            -0.24749988317489624
          ],
          [
            0.3564453125,
            0.865234375,
            -0.35205078125,
            -0.06835462152957916
          ],
          [
            -0.497802734375,
            0.49462890625,
            0.71240234375,
            -0.19755889475345612
          ]
        ]
      ],
      "t0_rotation_rmse": 4.282634735107422,
      "t0_translation_rmse_100": 1.6850690841674805
    },
    "stats_list": [
      {
        "psnr": 27.914016723632812,
        "distortion": 0.01371211651712656,
        "rotation_rmse": 0.007509293965995312,
        "translation_rmse_100": 0.012368646450340748,
        "t_final": [
          [
            [
              0.79052734375,
              -0.0787353515625,
              0.60693359375,
              -0.24749988317489624
            ],
            [
              0.3564453125,
              0.865234375,
              -0.35205078125,
              -0.06835462152957916
            ],
            [
              -0.497802734375,
              0.49462890625,
              0.71240234375,
              -0.19755889475345612
            ]
          ]
        ],
        "t0_rotation_rmse": 4.282634735107422,
        "t0_translation_rmse_100": 1.6850690841674805
      }
    ]
  },
  "trex_50_50": {
    "best": {
      "psnr": 26.103988647460938,
      "distortion": 0.016162613406777382,
      "rotation_rmse": 0.017186641693115234,
      "translation_rmse_100": 0.011212266981601715,
      "t_final": [
        [
          [
            0.791015625,
            -0.07891845703125,
            0.60693359375,
            -0.24781496822834015
          ],
          [
            0.356201171875,
            0.86572265625,
            -0.35205078125,
            -0.06843149662017822
          ],
          [
            -0.49755859375,
            0.49462890625,
            0.71240234375,
            -0.19735464453697205
          ]
        ]
      ],
      "t0_rotation_rmse": 4.244054794311523,
      "t0_translation_rmse_100": 1.940664291381836
    },
    "stats_list": [
      {
        "psnr": 26.103988647460938,
        "distortion": 0.016162613406777382,
        "rotation_rmse": 0.017186641693115234,
        "translation_rmse_100": 0.011212266981601715,
        "t_final": [
          [
            [
              0.791015625,
              -0.07891845703125,
              0.60693359375,
              -0.24781496822834015
            ],
            [
              0.356201171875,
              0.86572265625,
              -0.35205078125,
              -0.06843149662017822
            ],
            [
              -0.49755859375,
              0.49462890625,
              0.71240234375,
              -0.19735464453697205
            ]
          ]
        ],
        "t0_rotation_rmse": 4.244054794311523,
        "t0_translation_rmse_100": 1.940664291381836
      }
    ]
  }
}