{
  "F_15_C_Jungle_Camo16c6": {
    "best": {
      "psnr": 18.049930572509766,
      "distortion": 0.0009837588295340538,
      "rotation_rmse": 0.8259220158114419,
      "translation_rmse_100": 0.8672669529914856,
      "t_final": [
        [
          [
            0.1170654296875,
            -0.51025390625,
            0.85205078125,
            -0.07386015355587006
          ],
          [
            -0.69775390625,
            0.568359375,
            0.43603515625,
            -0.0235823355615139
          ],
          [
            -0.70654296875,
            -0.64599609375,
            -0.289794921875,
            0.09699123352766037
          ]
        ]
      ],
      "t0_rotation_rmse": 1.8618910772541488,
      "t0_translation_rmse_100": 0.1031830906867981
    },
    "stats_list": [
      {
        "psnr": 18.049930572509766,
        "distortion": 0.0009837588295340538,
        "rotation_rmse": 0.8259220158114419,
        "translation_rmse_100": 0.8672669529914856,
        "t_final": [
          [
            [
              0.1170654296875,
              -0.51025390625,
              0.85205078125,
              -0.07386015355587006
            ],
            [
              -0.69775390625,
              0.568359375,
              0.43603515625,
              -0.0235823355615139
            ],
            [
              -0.70654296875,
              -0.64599609375,
              -0.289794921875,
              0.09699123352766037
            ]
          ]
        ],
        "t0_rotation_rmse": 1.8618910772541488,
        "t0_translation_rmse_100": 0.1031830906867981
      }
    ]
  },
  "Hl_Maximilian09f0": {
    "best": {
      "psnr": 7.333980560302734,
      "distortion": 0.0005741218919865787,
      "rotation_rmse": 161.69565720580536,
      "translation_rmse_100": 8.127357482910156,
      "t_final": [
        [
          [
            1.0,
            0.0013332366943359375,
            -0.0184783935546875,
            0.010364905931055546
          ],
          [
            -0.00089263916015625,
            0.99951171875,
            0.023834228515625,
            0.1308172345161438
          ],
          [
            0.0185089111328125,
            -0.0238189697265625,
            0.99951171875,
            0.5968600511550903
          ]
        ]
      ],
      "t0_rotation_rmse": 160.38599255282597,
      "t0_translation_rmse_100": 5.838538646697998
    },
    "stats_list": [
      {
        "psnr": 7.333980560302734,
        "distortion": 0.0005741218919865787,
        "rotation_rmse": 161.69565720580536,
        "translation_rmse_100": 8.127357482910156,
        "t_final": [
          [
            [
              1.0,
              0.0013332366943359375,
              -0.0184783935546875,
              0.010364905931055546
            ],
            [
              -0.00089263916015625,
              0.99951171875,
              0.023834228515625,
              0.1308172345161438
            ],
            [
              0.0185089111328125,
              -0.0238189697265625,
              0.99951171875,
              0.5968600511550903
            ]
          ]
        ],
        "t0_rotation_rmse": 160.38599255282597,
        "t0_translation_rmse_100": 5.838538646697998
      }
    ]
  },
  "MiG_23_Desert_Camo089f": {
    "best": {
      "psnr": 10.586411476135254,
      "distortion": 0.001660492504015565,
      "rotation_rmse": 4.050244947422543,
      "translation_rmse_100": 4.241026878356934,
      "t_final": [
        [
          [
            -0.7998046875,
            -0.365966796875,
            -0.4755859375,
            -0.2055470198392868
          ],
          [
            0.56884765625,
            -0.2081298828125,
            -0.7958984375,
            0.08873133361339569
          ],
          [
            0.1923828125,
            -0.9072265625,
            0.37451171875,
            -0.4874202311038971
          ]
        ]
      ],
      "t0_rotation_rmse": 4.6346934265977,
      "t0_translation_rmse_100": 6.950987815856934
    },
    "stats_list": [
      {
        "psnr": 10.586411476135254,
        "distortion": 0.001660492504015565,
        "rotation_rmse": 4.050244947422543,
        "translation_rmse_100": 4.241026878356934,
        "t_final": [
          [
            [
              -0.7998046875,
              -0.365966796875,
              -0.4755859375,
              -0.2055470198392868
            ],
            [
              0.56884765625,
              -0.2081298828125,
              -0.7958984375,
              0.08873133361339569
            ],
            [
              0.1923828125,
              -0.9072265625,
              0.37451171875,
              -0.4874202311038971
            ]
          ]
        ],
        "t0_rotation_rmse": 4.6346934265977,
        "t0_translation_rmse_100": 6.950987815856934
      }
    ]
  },
  "Tolix_Industrial_Chairs3f2d": {
    "best": {
      "psnr": 5.9639434814453125,
      "distortion": 0.0013130891602486372,
      "rotation_rmse": 174.05439605531777,
      "translation_rmse_100": 6.004006385803223,
      "t_final": [
        [
          [
            -0.02813720703125,
            -0.0921630859375,
            -0.99560546875,
            0.03939793258905411
          ],
          [
            0.00695037841796875,
            0.99560546875,
            -0.0924072265625,
            0.1906370222568512
          ],
          [
            0.99951171875,
            -0.00951385498046875,
            -0.027374267578125,
            -0.07402665168046951
          ]
        ]
      ],
      "t0_rotation_rmse": 174.06284939462228,
      "t0_translation_rmse_100": 3.6785669326782227
    },
    "stats_list": [
      {
        "psnr": 5.9639434814453125,
        "distortion": 0.0013130891602486372,
        "rotation_rmse": 174.05439605531777,
        "translation_rmse_100": 6.004006385803223,
        "t_final": [
          [
            [
              -0.02813720703125,
              -0.0921630859375,
              -0.99560546875,
              0.03939793258905411
            ],
            [
              0.00695037841796875,
              0.99560546875,
              -0.0924072265625,
              0.1906370222568512
            ],
            [
              0.99951171875,
              -0.00951385498046875,
              -0.027374267578125,
              -0.07402665168046951
            ]
          ]
        ],
        "t0_rotation_rmse": 174.06284939462228,
        "t0_translation_rmse_100": 3.6785669326782227
      }
    ]
  },
  "Procedural_Bananas3a07": {
    "best": {
      "psnr": 23.97410011291504,
      "distortion": 0.0006927356589585543,
      "rotation_rmse": 1.0655689237719066,
      "translation_rmse_100": 0.2975001931190491,
      "t_final": [
        [
          [
            0.9765625,
            -0.210693359375,
            -0.043914794921875,
            0.12472538650035858
          ],
          [
            -0.2109375,
            -0.89697265625,
            -0.38818359375,
            0.08053271472454071
          ],
          [
            0.04241943359375,
            0.38818359375,
            -0.92041015625,
            0.16019698977470398
          ]
        ]
      ],
      "t0_rotation_rmse": 3.2967229484427274,
      "t0_translation_rmse_100": 3.1646265983581543
    },
    "stats_list": [
      {
        "psnr": 23.97410011291504,
        "distortion": 0.0006927356589585543,
        "rotation_rmse": 1.0655689237719066,
        "translation_rmse_100": 0.2975001931190491,
        "t_final": [
          [
            [
              0.9765625,
              -0.210693359375,
              -0.043914794921875,
              0.12472538650035858
            ],
            [
              -0.2109375,
              -0.89697265625,
              -0.38818359375,
              0.08053271472454071
            ],
            [
              0.04241943359375,
              0.38818359375,
              -0.92041015625,
              0.16019698977470398
            ]
          ]
        ],
        "t0_rotation_rmse": 3.2967229484427274,
        "t0_translation_rmse_100": 3.1646265983581543
      }
    ]
  },
  "Banana_for_scale0a07": {
    "best": {
      "psnr": 21.59611701965332,
      "distortion": 0.00031660241074860096,
      "rotation_rmse": 3.0372090590699132,
      "translation_rmse_100": 0.07061511278152466,
      "t_final": [
        [
          [
            0.822265625,
            -0.5478515625,
            0.153564453125,
            0.15076252818107605
          ],
          [
            -0.56689453125,
            -0.8115234375,
            0.1396484375,
            -0.07008052617311478
          ],
          [
            0.048187255859375,
            -0.2020263671875,
            -0.97802734375,
            0.06506593525409698
          ]
        ]
      ],
      "t0_rotation_rmse": 1.8250116225674005,
      "t0_translation_rmse_100": 0.29301196336746216
    },
    "stats_list": [
      {
        "psnr": 21.59611701965332,
        "distortion": 0.00031660241074860096,
        "rotation_rmse": 3.0372090590699132,
        "translation_rmse_100": 0.07061511278152466,
        "t_final": [
          [
            [
              0.822265625,
              -0.5478515625,
              0.153564453125,
              0.15076252818107605
            ],
            [
              -0.56689453125,
              -0.8115234375,
              0.1396484375,
              -0.07008052617311478
            ],
            [
              0.048187255859375,
              -0.2020263671875,
              -0.97802734375,
              0.06506593525409698
            ]
          ]
        ],
        "t0_rotation_rmse": 1.8250116225674005,
        "t0_translation_rmse_100": 0.29301196336746216
      }
    ]
  },
  "PB170_Sneaker_Sm18c3": {
    "best": {
      "psnr": 24.59096908569336,
      "distortion": 0.001041988842189312,
      "rotation_rmse": 1.2191611094063548,
      "translation_rmse_100": 0.21624118089675903,
      "t_final": [
        [
          [
            0.6240234375,
            -0.7353515625,
            0.263671875,
            0.14110612869262695
          ],
          [
            0.728515625,
            0.669921875,
            0.1416015625,
            0.011556990444660187
          ],
          [
            -0.28076171875,
            0.10369873046875,
            0.9541015625,
            0.3317842483520508
          ]
        ]
      ],
      "t0_rotation_rmse": 4.526449613101494,
      "t0_translation_rmse_100": 1.2730166912078857
    },
    "stats_list": [
      {
        "psnr": 24.59096908569336,
        "distortion": 0.001041988842189312,
        "rotation_rmse": 1.2191611094063548,
        "translation_rmse_100": 0.21624118089675903,
        "t_final": [
          [
            [
              0.6240234375,
              -0.7353515625,
              0.263671875,
              0.14110612869262695
            ],
            [
              0.728515625,
              0.669921875,
              0.1416015625,
              0.011556990444660187
            ],
            [
              -0.28076171875,
              0.10369873046875,
              0.9541015625,
              0.3317842483520508
            ]
          ]
        ],
        "t0_rotation_rmse": 4.526449613101494,
        "t0_translation_rmse_100": 1.2730166912078857
      }
    ]
  },
  "Acoustic_Guitar0aa0": {
    "best": {
      "psnr": 21.85593605041504,
      "distortion": 0.0005718356696888804,
      "rotation_rmse": 1.2042697822751398,
      "translation_rmse_100": 0.14569833874702454,
      "t_final": [
        [
          [
            0.689453125,
            -0.1824951171875,
            -0.70068359375,
            0.0896206945180893
          ],
          [
            0.11138916015625,
            0.98291015625,
            -0.1463623046875,
            -0.009729143232107162
          ],
          [
            0.7158203125,
            0.0228118896484375,
            0.69775390625,
            0.18788783252239227
          ]
        ]
      ],
      "t0_rotation_rmse": 2.3328257379717123,
      "t0_translation_rmse_100": 7.988716125488281
    },
    "stats_list": [
      {
        "psnr": 21.85593605041504,
        "distortion": 0.0005718356696888804,
        "rotation_rmse": 1.2042697822751398,
        "translation_rmse_100": 0.14569833874702454,
        "t_final": [
          [
            [
              0.689453125,
              -0.1824951171875,
              -0.70068359375,
              0.0896206945180893
            ],
            [
              0.11138916015625,
              0.98291015625,
              -0.1463623046875,
              -0.009729143232107162
            ],
            [
              0.7158203125,
              0.0228118896484375,
              0.69775390625,
              0.18788783252239227
            ]
          ]
        ],
        "t0_rotation_rmse": 2.3328257379717123,
        "t0_translation_rmse_100": 7.988716125488281
      }
    ]
  },
  "Banana_3D_Scan2373": {
    "best": {
      "psnr": 20.97959327697754,
      "distortion": 0.0007906859973445535,
      "rotation_rmse": 4.074985086199371,
      "translation_rmse_100": 0.3020666539669037,
      "t_final": [
        [
          [
            -0.7451171875,
            0.578125,
            -0.33349609375,
            -0.09418237954378128
          ],
          [
            0.6669921875,
            0.63720703125,
            -0.385986328125,
            0.5038438439369202
          ],
          [
            -0.01074981689453125,
            -0.509765625,
            -0.8603515625,
            0.14959898591041565
          ]
        ]
      ],
      "t0_rotation_rmse": 5.289557018139158,
      "t0_translation_rmse_100": 0.9436987638473511
    },
    "stats_list": [
      {
        "psnr": 20.97959327697754,
        "distortion": 0.0007906859973445535,
        "rotation_rmse": 4.074985086199371,
        "translation_rmse_100": 0.3020666539669037,
        "t_final": [
          [
            [
              -0.7451171875,
              0.578125,
              -0.33349609375,
              -0.09418237954378128
            ],
            [
              0.6669921875,
              0.63720703125,
              -0.385986328125,
              0.5038438439369202
            ],
            [
              -0.01074981689453125,
              -0.509765625,
              -0.8603515625,
              0.14959898591041565
            ]
          ]
        ],
        "t0_rotation_rmse": 5.289557018139158,
        "t0_translation_rmse_100": 0.9436987638473511
      }
    ]
  },
  "Test_Model15b4": {
    "best": {
      "psnr": 15.575140953063965,
      "distortion": 0.0007736418629065156,
      "rotation_rmse": 0.938569080708638,
      "translation_rmse_100": 0.6758004426956177,
      "t_final": [
        [
          [
            0.93408203125,
            0.183837890625,
            -0.3056640625,
            0.31806647777557373
          ],
          [
            -0.09332275390625,
            0.953125,
            0.2880859375,
            -0.3877714276313782
          ],
          [
            0.343994140625,
            -0.240478515625,
            0.90771484375,
            0.42505943775177
          ]
        ]
      ],
      "t0_rotation_rmse": 1.410631372926823,
      "t0_translation_rmse_100": 2.454975128173828
    },
    "stats_list": [
      {
        "psnr": 15.575140953063965,
        "distortion": 0.0007736418629065156,
        "rotation_rmse": 0.938569080708638,
        "translation_rmse_100": 0.6758004426956177,
        "t_final": [
          [
            [
              0.93408203125,
              0.183837890625,
              -0.3056640625,
              0.31806647777557373
            ],
            [
              -0.09332275390625,
              0.953125,
              0.2880859375,
              -0.3877714276313782
            ],
            [
              0.343994140625,
              -0.240478515625,
              0.90771484375,
              0.42505943775177
            ]
          ]
        ],
        "t0_rotation_rmse": 1.410631372926823,
        "t0_translation_rmse_100": 2.454975128173828
      }
    ]
  },
  "Hunter_Boy_With_Rabbit_Figurine0a5b": {
    "best": {
      "psnr": 19.949317932128906,
      "distortion": 0.0010352085810154676,
      "rotation_rmse": 2.279297437846039,
      "translation_rmse_100": 0.350835919380188,
      "t_final": [
        [
          [
            0.82568359375,
            -0.4921875,
            -0.275146484375,
            0.2973015010356903
          ],
          [
            0.0589599609375,
            -0.409912109375,
            0.90966796875,
            -0.03365384787321091
          ],
          [
            -0.560546875,
            -0.767578125,
            -0.3095703125,
            0.029452713206410408
          ]
        ]
      ],
      "t0_rotation_rmse": 6.827050523693328,
      "t0_translation_rmse_100": 1.254919171333313
    },
    "stats_list": [
      {
        "psnr": 19.949317932128906,
        "distortion": 0.0010352085810154676,
        "rotation_rmse": 2.279297437846039,
        "translation_rmse_100": 0.350835919380188,
        "t_final": [
          [
            [
              0.82568359375,
              -0.4921875,
              -0.275146484375,
              0.2973015010356903
            ],
            [
              0.0589599609375,
              -0.409912109375,
              0.90966796875,
              -0.03365384787321091
            ],
            [
              -0.560546875,
              -0.767578125,
              -0.3095703125,
              0.029452713206410408
            ]
          ]
        ],
        "t0_rotation_rmse": 6.827050523693328,
        "t0_translation_rmse_100": 1.254919171333313
      }
    ]
  },
  "Elephant1608": {
    "best": {
      "psnr": 15.59912109375,
      "distortion": 0.0012715916382148862,
      "rotation_rmse": 2.5313792671413804,
      "translation_rmse_100": 1.765778660774231,
      "t_final": [
        [
          [
            -0.049560546875,
            0.55078125,
            0.8330078125,
            -0.3895389139652252
          ],
          [
            0.463623046875,
            0.75146484375,
            -0.46923828125,
            -0.2585877776145935
          ],
          [
            -0.88427734375,
            0.363037109375,
            -0.29248046875,
            -0.36935627460479736
          ]
        ]
      ],
      "t0_rotation_rmse": 7.934356259276283,
      "t0_translation_rmse_100": 1.536223292350769
    },
    "stats_list": [
      {
        "psnr": 15.59912109375,
        "distortion": 0.0012715916382148862,
        "rotation_rmse": 2.5313792671413804,
        "translation_rmse_100": 1.765778660774231,
        "t_final": [
          [
            [
              -0.049560546875,
              0.55078125,
              0.8330078125,
              -0.3895389139652252
            ],
            [
              0.463623046875,
              0.75146484375,
              -0.46923828125,
              -0.2585877776145935
            ],
            [
              -0.88427734375,
              0.363037109375,
              -0.29248046875,
              -0.36935627460479736
            ]
          ]
        ],
        "t0_rotation_rmse": 7.934356259276283,
        "t0_translation_rmse_100": 1.536223292350769
      }
    ]
  },
  "Ornate_Medieval_Shield22a7": {
    "best": {
      "psnr": 9.257579803466797,
      "distortion": 0.0021990928798913956,
      "rotation_rmse": 3.1350914557343654,
      "translation_rmse_100": 4.760196208953857,
      "t_final": [
        [
          [
            0.93701171875,
            0.294677734375,
            -0.187255859375,
            -0.007490579038858414
          ],
          [
            0.255859375,
            -0.21435546875,
            0.94287109375,
            0.3717837631702423
          ],
          [
            0.2376708984375,
            -0.931640625,
            -0.276123046875,
            0.38236430287361145
          ]
        ]
      ],
      "t0_rotation_rmse": 1.7446512832949208,
      "t0_translation_rmse_100": 1.2944910526275635
    },
    "stats_list": [
      {
        "psnr": 9.257579803466797,
        "distortion": 0.0021990928798913956,
        "rotation_rmse": 3.1350914557343654,
        "translation_rmse_100": 4.760196208953857,
        "t_final": [
          [
            [
              0.93701171875,
              0.294677734375,
              -0.187255859375,
              -0.007490579038858414
            ],
            [
              0.255859375,
              -0.21435546875,
              0.94287109375,
              0.3717837631702423
            ],
            [
              0.2376708984375,
              -0.931640625,
              -0.276123046875,
              0.38236430287361145
            ]
          ]
        ],
        "t0_rotation_rmse": 1.7446512832949208,
        "t0_translation_rmse_100": 1.2944910526275635
      }
    ]
  },
  "Vikings_shield_and_axe1973": {
    "best": {
      "psnr": 13.741779327392578,
      "distortion": 0.0008467804291285574,
      "rotation_rmse": 4.275194430744838,
      "translation_rmse_100": 8.612367630004883,
      "t_final": [
        [
          [
            -0.149169921875,
            -0.97119140625,
            0.1864013671875,
            0.3123723566532135
          ],
          [
            0.244384765625,
            -0.2188720703125,
            -0.94482421875,
            0.5514951944351196
          ],
          [
            0.9580078125,
            -0.09539794921875,
            0.27001953125,
            0.2434195876121521
          ]
        ]
      ],
      "t0_rotation_rmse": 2.73664844886868,
      "t0_translation_rmse_100": 1.9412249326705933
    },
    "stats_list": [
      {
        "psnr": 13.741779327392578,
        "distortion": 0.0008467804291285574,
        "rotation_rmse": 4.275194430744838,
        "translation_rmse_100": 8.612367630004883,
        "t_final": [
          [
            [
              -0.149169921875,
              -0.97119140625,
              0.1864013671875,
              0.3123723566532135
            ],
            [
              0.244384765625,
              -0.2188720703125,
              -0.94482421875,
              0.5514951944351196
            ],
            [
              0.9580078125,
              -0.09539794921875,
              0.27001953125,
              0.2434195876121521
            ]
          ]
        ],
        "t0_rotation_rmse": 2.73664844886868,
        "t0_translation_rmse_100": 1.9412249326705933
      }
    ]
  },
  "Xbox_360_Controller0866": {
    "best": {
      "psnr": 17.335094451904297,
      "distortion": 0.0013823260087519884,
      "rotation_rmse": 0.02562345176980362,
      "translation_rmse_100": 1.327604055404663,
      "t_final": [
        [
          [
            -0.05047607421875,
            0.66259765625,
            -0.74755859375,
            0.06103847175836563
          ],
          [
            0.52978515625,
            0.65185546875,
            0.54296875,
            -0.06267394125461578
          ],
          [
            0.84716796875,
            -0.367919921875,
            -0.384033203125,
            0.45829716324806213
          ]
        ]
      ],
      "t0_rotation_rmse": 3.1469843766674788,
      "t0_translation_rmse_100": 0.5127847194671631
    },
    "stats_list": [
      {
        "psnr": 17.335094451904297,
        "distortion": 0.0013823260087519884,
        "rotation_rmse": 0.02562345176980362,
        "translation_rmse_100": 1.327604055404663,
        "t_final": [
          [
            [
              -0.05047607421875,
              0.66259765625,
              -0.74755859375,
              0.06103847175836563
            ],
            [
              0.52978515625,
              0.65185546875,
              0.54296875,
              -0.06267394125461578
            ],
            [
              0.84716796875,
              -0.367919921875,
              -0.384033203125,
              0.45829716324806213
            ]
          ]
        ],
        "t0_rotation_rmse": 3.1469843766674788,
        "t0_translation_rmse_100": 0.5127847194671631
      }
    ]
  },
  "Petroleum_lamp0230": {
    "best": {
      "psnr": 19.502161026000977,
      "distortion": 0.0013258714461699128,
      "rotation_rmse": 0.6931606992797194,
      "translation_rmse_100": 0.08474886417388916,
      "t_final": [
        [
          [
            -0.171875,
            -0.5244140625,
            0.83349609375,
            0.3862325847148895
          ],
          [
            -0.67578125,
            0.6787109375,
            0.287841796875,
            -0.18944288790225983
          ],
          [
            -0.71728515625,
            -0.513671875,
            -0.47119140625,
            -0.035016149282455444
          ]
        ]
      ],
      "t0_rotation_rmse": 4.697455346915359,
      "t0_translation_rmse_100": 1.0033279657363892
    },
    "stats_list": [
      {
        "psnr": 19.502161026000977,
        "distortion": 0.0013258714461699128,
        "rotation_rmse": 0.6931606992797194,
        "translation_rmse_100": 0.08474886417388916,
        "t_final": [
          [
            [
              -0.171875,
              -0.5244140625,
              0.83349609375,
              0.3862325847148895
            ],
            [
              -0.67578125,
              0.6787109375,
              0.287841796875,
              -0.18944288790225983
            ],
            [
              -0.71728515625,
              -0.513671875,
              -0.47119140625,
              -0.035016149282455444
            ]
          ]