{
  "fern_0_100_even_odd": {
    "best": {
      "psnr": 24.403034210205078,
      "distortion": 0.017087796702980995,
      "rotation_rmse": 0.013195851817727089,
      "translation_rmse_100": 0.030029328539967537,
      "t_final": [
        [
          [
            0.91357421875,
            0.180419921875,
            0.36474609375,
            -0.35433658957481384
          ],
          [
            0.10693359375,
            0.75830078125,
            -0.64306640625,
            0.33079949021339417
          ],
          [
            -0.392578125,
            0.62646484375,
            0.67333984375,
            0.07389460504055023
          ]
        ]
      ],
      "t0_rotation_rmse": 1.3997185230255127,
      "t0_translation_rmse_100": 0.9680689573287964
    },
    "stats_list": [
      {
        "psnr": 24.403034210205078,
        "distortion": 0.017087796702980995,
        "rotation_rmse": 0.013195851817727089,
        "translation_rmse_100": 0.030029328539967537,
        "t_final": [
          [
            [
              0.91357421875,
              0.180419921875,
              0.36474609375,
              -0.35433658957481384
            ],
            [
              0.10693359375,
              0.75830078125,
              -0.64306640625,
              0.33079949021339417
            ],
            [
              -0.392578125,
              0.62646484375,
              0.67333984375,
              0.07389460504055023
            ]
          ]
        ],
        "t0_rotation_rmse": 1.3997185230255127,
        "t0_translation_rmse_100": 0.9680689573287964
      }
    ]
  },
  "fern_30_70_even_odd": {
    "best": {
      "psnr": 20.926849365234375,
      "distortion": 0.017383240163326263,
      "rotation_rmse": 0.06497826427221298,
      "translation_rmse_100": 0.06435343623161316,
      "t_final": [
        [
          [
            0.9140625,
            0.1800537109375,
            0.363525390625,
            -0.35390037298202515
          ],
          [
            0.1064453125,
            0.75830078125,
            -0.64306640625,
            0.33085113763809204
          ],
          [
            -0.391357421875,
            0.62646484375,
            0.67431640625,
            0.07332614809274673
          ]
        ]
      ],
      "t0_rotation_rmse": 5.611567974090576,
      "t0_translation_rmse_100": 9.61656379699707
    },
    "stats_list": [
      {
        "psnr": 20.926849365234375,
        "distortion": 0.017383240163326263,
        "rotation_rmse": 0.06497826427221298,
        "translation_rmse_100": 0.06435343623161316,
        "t_final": [
          [
            [
              0.9140625,
              0.1800537109375,
              0.363525390625,
              -0.35390037298202515
            ],
            [
              0.1064453125,
              0.75830078125,
              -0.64306640625,
              0.33085113763809204
            ],
            [
              -0.391357421875,
              0.62646484375,
              0.67431640625,
              0.07332614809274673
            ]
          ]
        ],
        "t0_rotation_rmse": 5.611567974090576,
        "t0_translation_rmse_100": 9.61656379699707
      }
    ]
  },
  "fern_50_50": {
    "best": {
      "psnr": 21.301626205444336,
      "distortion": 0.01725762151181698,
      "rotation_rmse": 0.02756333351135254,
      "translation_rmse_100": 0.056629978120326996,
      "t_final": [
        [
          [
            0.91357421875,
            0.1810302734375,
            0.36474609375,
            -0.3550703525543213
          ],
          [
            0.10638427734375,
            0.75830078125,
            -0.64306640625,
            0.33102601766586304
          ],
          [
            -0.392822265625,
            0.6259765625,
            0.67333984375,
            0.07408767193555832
          ]
        ]
      ],
      "t0_rotation_rmse": 2.9586141109466553,
      "t0_translation_rmse_100": 3.636718273162842
    },
    "stats_list": [
      {
        "psnr": 21.301626205444336,
        "distortion": 0.01725762151181698,
        "rotation_rmse": 0.02756333351135254,
        "translation_rmse_100": 0.056629978120326996,
        "t_final": [
          [
            [
              0.91357421875,
              0.1810302734375,
              0.36474609375,
              -0.3550703525543213
            ],
            [
              0.10638427734375,
              0.75830078125,
              -0.64306640625,
              0.33102601766586304
            ],
            [
              -0.392822265625,
              0.6259765625,
              0.67333984375,
              0.07408767193555832
            ]
          ]
        ],
        "t0_rotation_rmse": 2.9586141109466553,
        "t0_translation_rmse_100": 3.636718273162842
      }
    ]
  },
  "horns_0_100_even_odd": {
    "best": {
      "psnr": 29.17375946044922,
      "distortion": 0.011058666743338108,
      "rotation_rmse": 0.015364308841526508,
      "translation_rmse_100": 0.004566059447824955,
      "t_final": [
        [
          [
            0.85595703125,
            0.1358642578125,
            0.498779296875,
            -0.04389161989092827
          ],
          [
            0.03424072265625,
            0.94775390625,
            -0.31689453125,
            0.1288207769393921
          ],
          [
            -0.515625,
            0.288330078125,
            0.806640625,
            -0.2375890016555786
          ]
        ]
      ],
      "t0_rotation_rmse": 1.2831549644470215,
      "t0_translation_rmse_100": 1.7415271997451782
    },
    "stats_list": [
      {
        "psnr": 29.17375946044922,
        "distortion": 0.011058666743338108,
        "rotation_rmse": 0.015364308841526508,
        "translation_rmse_100": 0.004566059447824955,
        "t_final": [
          [
            [
              0.85595703125,
              0.1358642578125,
              0.498779296875,
              -0.04389161989092827
            ],
            [
              0.03424072265625,
              0.94775390625,
              -0.31689453125,
              0.1288207769393921
            ],
            [
              -0.515625,
              0.288330078125,
              0.806640625,
              -0.2375890016555786
            ]
          ]
        ],
        "t0_rotation_rmse": 1.2831549644470215,
        "t0_translation_rmse_100": 1.7415271997451782
      }
    ]
  },
  "horns_30_70_even_odd": {
    "best": {
      "psnr": 26.339221954345703,
      "distortion": 0.01376456767320633,
      "rotation_rmse": 0.020270926877856255,
      "translation_rmse_100": 0.008159704506397247,
      "t_final": [
        [
          [
            0.8564453125,
            0.13525390625,
            0.498779296875,
            -0.04376740753650665
          ],
          [
            0.034759521484375,
            0.947265625,
            -0.31689453125,
            0.1289590746164322
          ],
          [
            -0.515625,
            0.28857421875,
            0.806640625,
            -0.23751166462898254
          ]
        ]
      ],
      "t0_rotation_rmse": 1.6391682624816895,
      "t0_translation_rmse_100": 1.609495997428894
    },
    "stats_list": [
      {
        "psnr": 26.339221954345703,
        "distortion": 0.01376456767320633,
        "rotation_rmse": 0.020270926877856255,
        "translation_rmse_100": 0.008159704506397247,
        "t_final": [
          [
            [
              0.8564453125,
              0.13525390625,
              0.498779296875,
              -0.04376740753650665
            ],
            [
              0.034759521484375,
              0.947265625,
              -0.31689453125,
              0.1289590746164322
            ],
            [
              -0.515625,
              0.28857421875,
              0.806640625,
              -0.23751166462898254
            ]
          ]
        ],
        "t0_rotation_rmse": 1.6391682624816895,
        "t0_translation_rmse_100": 1.609495997428894
      }
    ]
  },
  "horns_50_50": {
    "best": {
      "psnr": 22.02766227722168,
      "distortion": 0.014526608400046825,
      "rotation_rmse": 0.008550000376999378,
      "translation_rmse_100": 0.011141970753669739,
      "t_final": [
        [
          [
            0.85595703125,
            0.1358642578125,
            0.499267578125,
            -0.04386092349886894
          ],
          [
            0.034576416015625,
            0.9482421875,
            -0.31689453125,
            0.128670334815979
          ],
          [
            -0.51611328125,
            0.28857421875,
            0.80615234375,
            -0.23748071491718292
          ]
        ]
      ],
      "t0_rotation_rmse": 1.6241461038589478,
      "t0_translation_rmse_100": 1.0247454643249512
    },
    "stats_list": [
      {
        "psnr": 22.02766227722168,
        "distortion": 0.014526608400046825,
        "rotation_rmse": 0.008550000376999378,
        "translation_rmse_100": 0.011141970753669739,
        "t_final": [
          [
            [
              0.85595703125,
              0.1358642578125,
              0.499267578125,
              -0.04386092349886894
            ],
            [
              0.034576416015625,
              0.9482421875,
              -0.31689453125,
              0.128670334815979
            ],
            [
              -0.51611328125,
              0.28857421875,
              0.80615234375,
              -0.23748071491718292
            ]
          ]
        ],
        "t0_rotation_rmse": 1.6241461038589478,
        "t0_translation_rmse_100": 1.0247454643249512
      }
    ]
  },
  "room_0_100_even_odd": {
    "best": {
      "psnr": 30.795963287353516,
      "distortion": 0.00841071642935276,
      "rotation_rmse": 0.008519835770130157,
      "translation_rmse_100": 0.006686122622340918,
      "t_final": [
        [
          [
            0.99853515625,
            0.020050048828125,
            0.048004150390625,
            -0.19928176701068878
          ],
          [
            0.00567626953125,
            0.87548828125,
            -0.483642578125,
            0.19058789312839508
          ],
          [
            -0.051727294921875,
            0.483154296875,
            0.8740234375,
            0.46304574608802795
          ]
        ]
      ],
      "t0_rotation_rmse": 1.9991281032562256,
      "t0_translation_rmse_100": 2.504030704498291
    },
    "stats_list": [
      {
        "psnr": 30.795963287353516,
        "distortion": 0.00841071642935276,
        "rotation_rmse": 0.008519835770130157,
        "translation_rmse_100": 0.006686122622340918,
        "t_final": [
          [
            [
              0.99853515625,
              0.020050048828125,
              0.048004150390625,
              -0.19928176701068878
            ],
            [
              0.00567626953125,
              0.87548828125,
              -0.483642578125,
              0.19058789312839508
            ],
            [
              -0.051727294921875,
              0.483154296875,
              0.8740234375,
              0.46304574608802795
            ]
          ]
        ],
        "t0_rotation_rmse": 1.9991281032562256,
        "t0_translation_rmse_100": 2.504030704498291
      }
    ]
  },
  "room_30_70_even_odd": {
    "best": {
      "psnr": 29.106407165527344,
      "distortion": 0.008860287256538868,
      "rotation_rmse": 0.007410084363073111,
      "translation_rmse_100": 0.007865658961236477,
      "t_final": [
        [
          [
            0.99853515625,
            0.020172119140625,
            0.047943115234375,
            -0.19930797815322876
          ],
          [
            0.005523681640625,
            0.875,
            -0.483642578125,
            0.19049052894115448
          ],
          [
            -0.05169677734375,
            0.4833984375,
            0.8740234375,
            0.4630831480026245
          ]
        ]
      ],
      "t0_rotation_rmse": 1.8564132452011108,
      "t0_translation_rmse_100": 2.0540683269500732
    },
    "stats_list": [
      {
        "psnr": 29.106407165527344,
        "distortion": 0.008860287256538868,
        "rotation_rmse": 0.007410084363073111,
        "translation_rmse_100": 0.007865658961236477,
        "t_final": [
          [
            [
              0.99853515625,
              0.020172119140625,
              0.047943115234375,
              -0.19930797815322876
            ],
            [
              0.005523681640625,
              0.875,
              -0.483642578125,
              0.19049052894115448
            ],
            [
              -0.05169677734375,
              0.4833984375,
              0.8740234375,
              0.4630831480026245
            ]
          ]
        ],
        "t0_rotation_rmse": 1.8564132452011108,
        "t0_translation_rmse_100": 2.0540683269500732
      }
    ]
  },
  "room_50_50": {
    "best": {
      "psnr": 26.46682357788086,
      "distortion": 0.010708309710025787,
      "rotation_rmse": 0.018759798258543015,
      "translation_rmse_100": 0.02906431257724762,
      "t_final": [
        [
          [
            0.99853515625,
            0.0197601318359375,
            0.04736328125,
            -0.19974374771118164
          ],
          [
            0.005611419677734375,
            0.87548828125,
            -0.483642578125,
            0.19063261151313782
          ],
          [
            -0.050994873046875,
            0.483154296875,
            0.8740234375,
            0.4628522992134094
          ]
        ]
      ],
      "t0_rotation_rmse": 3.135272264480591,
      "t0_translation_rmse_100": 3.233790874481201
    },
    "stats_list": [
      {
        "psnr": 26.46682357788086,
        "distortion": 0.010708309710025787,
        "rotation_rmse": 0.018759798258543015,
        "translation_rmse_100": 0.02906431257724762,
        "t_final": [
          [
            [
              0.99853515625,
              0.0197601318359375,
              0.04736328125,
              -0.19974374771118164
            ],
            [
              0.005611419677734375,
              0.87548828125,
              -0.483642578125,
              0.19063261151313782
            ],
            [
              -0.050994873046875,
              0.483154296875,
              0.8740234375,
              0.4628522992134094
            ]
          ]
        ],
        "t0_rotation_rmse": 3.135272264480591,
        "t0_translation_rmse_100": 3.233790874481201
      }
    ]
  },
  "trex_0_100_even_odd": {
    "best": {
      "psnr": 29.16112518310547,
      "distortion": 0.012943867594003677,
      "rotation_rmse": 0.007840663194656372,
      "translation_rmse_100": 0.003922802861779928,
      "t_final": [
        [
          [
            0.791015625,
            -0.07916259765625,
            0.607421875,
            -0.2477159947156906
          ],
          [
            0.356689453125,
            0.865234375,
            -0.35205078125,
            -0.06831280142068863
          ],
          [
            -0.49755859375,
            0.494873046875,
            0.71240234375,
            -0.1973879486322403
          ]
        ]
      ],
      "t0_rotation_rmse": 1.4442988634109497,
      "t0_translation_rmse_100": 3.246091604232788
    },
    "stats_list": [
      {
        "psnr": 29.16112518310547,
        "distortion": 0.012943867594003677,
        "rotation_rmse": 0.007840663194656372,
        "translation_rmse_100": 0.003922802861779928,
        "t_final": [
          [
            [
              0.791015625,
              -0.07916259765625,
              0.607421875,
              -0.2477159947156906
            ],
            [
              0.356689453125,
              0.865234375,
              -0.35205078125,
              -0.06831280142068863
            ],
            [
              -0.49755859375,
              0.494873046875,
              0.71240234375,
              -0.1973879486322403
            ]
          ]
        ],
        "t0_rotation_rmse": 1.4442988634109497,
        "t0_translation_rmse_100": 3.246091604232788
      }
    ]
  },
  "trex_30_70_even_odd": {
    "best": {
      "psnr": 28.026199340820312,
      "distortion": 0.014103666879236698,
      "rotation_rmse": 0.006973185110837221,
      "translation_rmse_100": 0.02003472112119198,
      "t_final": [
        [
          [
            0.79052734375,
            -0.0787353515625,
            0.60693359375,
            -0.24799183011054993
          ],
          [
            0.356689453125,
            0.865234375,
            -0.352294921875,
            -0.06818464398384094
          ],
          [
            -0.49755859375,
            0.494873046875,
            0.71240234375,
            -0.19747957587242126
          ]
        ]
      ],
      "t0_rotation_rmse": 1.7430680990219116,
      "t0_translation_rmse_100": 1.3781030178070068
    },
    "stats_list": [
      {
        "psnr": 28.026199340820312,
        "distortion": 0.014103666879236698,
        "rotation_rmse": 0.006973185110837221,
        "translation_rmse_100": 0.02003472112119198,
        "t_final": [
          [
            [
              0.79052734375,
              -0.0787353515625,
              0.60693359375,
              -0.24799183011054993
            ],
            [
              0.356689453125,
              0.865234375,
              -0.352294921875,
              -0.06818464398384094
            ],
            [
              -0.49755859375,
              0.494873046875,
              0.71240234375,
              -0.19747957587242126
            ]
          ]
        ],
        "t0_rotation_rmse": 1.7430680990219116,
        "t0_translation_rmse_100": 1.3781030178070068
      }
    ]
  },
  "trex_50_50": {
    "best": {
      "psnr": 26.25282096862793,
      "distortion": 0.016390010714530945,
      "rotation_rmse": 0.011637240648269653,
      "translation_rmse_100": 0.01067807525396347,
      "t_final": [
        [
          [
            0.79052734375,
            -0.0792236328125,
            0.60693359375,
            -0.247517392039299
          ],
          [
            0.35693359375,
            0.865234375,
            -0.351806640625,
            -0.06840221583843231
          ],
          [
            -0.49755859375,
            0.49462890625,
            0.71240234375,
            -0.1973884403705597
          ]
        ]
      ],
      "t0_rotation_rmse": 3.5331318378448486,
      "t0_translation_rmse_100": 1.1762566566467285
    },
    "stats_list": [
      {
        "psnr": 26.25282096862793,
        "distortion": 0.016390010714530945,
        "rotation_rmse": 0.011637240648269653,
        "translation_rmse_100": 0.01067807525396347,
        "t_final": [
          [
            [
              0.79052734375,
              -0.0792236328125,
              0.60693359375,
              -0.247517392039299
            ],
            [
              0.35693359375,
              0.865234375,
              -0.351806640625,
              -0.06840221583843231
            ],
            [
              -0.49755859375,
              0.49462890625,
              0.71240234375,
              -0.1973884403705597
            ]
          ]
        ],
        "t0_rotation_rmse": 3.5331318378448486,
        "t0_translation_rmse_100": 1.1762566566467285
      }
    ]
  }
}