{
  "F_15_C_Jungle_Camo16c6": {
    "best": {
      "psnr": 22.091150283813477,
      "distortion": 0.0007273562951013446,
      "rotation_rmse": 1.4262850916327097,
      "translation_rmse_100": 0.053472816944122314,
      "t_final": [
        [
          [
            0.1119384765625,
            -0.52783203125,
            0.841796875,
            -0.06465275585651398
          ],
          [
            -0.6875,
            0.5703125,
            0.448974609375,
            -0.02656911313533783
          ],
          [
            -0.716796875,
            -0.62939453125,
            -0.29931640625,
            0.10062729567289352
          ]
        ]
      ],
      "t0_rotation_rmse": 5.303416144014977,
      "t0_translation_rmse_100": 0.40633195638656616
    },
    "stats_list": [
      {
        "psnr": 22.091150283813477,
        "distortion": 0.0007273562951013446,
        "rotation_rmse": 1.4262850916327097,
        "translation_rmse_100": 0.053472816944122314,
        "t_final": [
          [
            [
              0.1119384765625,
              -0.52783203125,
              0.841796875,
              -0.06465275585651398
            ],
            [
              -0.6875,
              0.5703125,
              0.448974609375,
              -0.02656911313533783
            ],
            [
              -0.716796875,
              -0.62939453125,
              -0.29931640625,
              0.10062729567289352
            ]
          ]
        ],
        "t0_rotation_rmse": 5.303416144014977,
        "t0_translation_rmse_100": 0.40633195638656616
      }
    ]
  },
  "Hl_Maximilian09f0": {
    "best": {
      "psnr": 12.715456008911133,
      "distortion": 0.0003426610492169857,
      "rotation_rmse": 172.16981042001387,
      "translation_rmse_100": 2.1913931369781494,
      "t_final": [
        [
          [
            -0.18896484375,
            -0.7236328125,
            0.66357421875,
            -0.0928225964307785
          ],
          [
            -0.78759765625,
            -0.291748046875,
            -0.5419921875,
            -0.28163743019104004
          ],
          [
            0.5859375,
            -0.62548828125,
            -0.51513671875,
            0.21594002842903137
          ]
        ]
      ],
      "t0_rotation_rmse": 156.8986662016956,
      "t0_translation_rmse_100": 1.760632872581482
    },
    "stats_list": [
      {
        "psnr": 12.715456008911133,
        "distortion": 0.0003426610492169857,
        "rotation_rmse": 172.16981042001387,
        "translation_rmse_100": 2.1913931369781494,
        "t_final": [
          [
            [
              -0.18896484375,
              -0.7236328125,
              0.66357421875,
              -0.0928225964307785
            ],
            [
              -0.78759765625,
              -0.291748046875,
              -0.5419921875,
              -0.28163743019104004
            ],
            [
              0.5859375,
              -0.62548828125,
              -0.51513671875,
              0.21594002842903137
            ]
          ]
        ],
        "t0_rotation_rmse": 156.8986662016956,
        "t0_translation_rmse_100": 1.760632872581482
      }
    ]
  },
  "MiG_23_Desert_Camo089f": {
    "best": {
      "psnr": 19.861875534057617,
      "distortion": 0.0011056923540309072,
      "rotation_rmse": 0.6369469159532388,
      "translation_rmse_100": 0.37785470485687256,
      "t_final": [
        [
          [
            -0.84375,
            -0.329833984375,
            -0.423583984375,
            -0.2517358362674713
          ],
          [
            0.5068359375,
            -0.2310791015625,
            -0.83056640625,
            0.09776085615158081
          ],
          [
            0.1761474609375,
            -0.9150390625,
            0.3623046875,
            -0.4521726369857788
          ]
        ]
      ],
      "t0_rotation_rmse": 11.331163641681778,
      "t0_translation_rmse_100": 0.5720049142837524
    },
    "stats_list": [
      {
        "psnr": 19.861875534057617,
        "distortion": 0.0011056923540309072,
        "rotation_rmse": 0.6369469159532388,
        "translation_rmse_100": 0.37785470485687256,
        "t_final": [
          [
            [
              -0.84375,
              -0.329833984375,
              -0.423583984375,
              -0.2517358362674713
            ],
            [
              0.5068359375,
              -0.2310791015625,
              -0.83056640625,
              0.09776085615158081
            ],
            [
              0.1761474609375,
              -0.9150390625,
              0.3623046875,
              -0.4521726369857788
            ]
          ]
        ],
        "t0_rotation_rmse": 11.331163641681778,
        "t0_translation_rmse_100": 0.5720049142837524
      }
    ]
  },
  "Tolix_Industrial_Chairs3f2d": {
    "best": {
      "psnr": 12.172377586364746,
      "distortion": 0.003326938720420003,
      "rotation_rmse": 0.02562345176980362,
      "translation_rmse_100": 1.2821033000946045,
      "t_final": [
        [
          [
            -0.18212890625,
            0.1292724609375,
            0.97509765625,
            0.08661696314811707
          ],
          [
            0.57373046875,
            -0.791015625,
            0.212158203125,
            -0.021215222775936127
          ],
          [
            0.79833984375,
            0.59814453125,
            0.06976318359375,
            -0.04242628067731857
          ]
        ]
      ],
      "t0_rotation_rmse": 13.808457750204186,
      "t0_translation_rmse_100": 6.383912086486816
    },
    "stats_list": [
      {
        "psnr": 12.172377586364746,
        "distortion": 0.003326938720420003,
        "rotation_rmse": 0.02562345176980362,
        "translation_rmse_100": 1.2821033000946045,
        "t_final": [
          [
            [
              -0.18212890625,
              0.1292724609375,
              0.97509765625,
              0.08661696314811707
            ],
            [
              0.57373046875,
              -0.791015625,
              0.212158203125,
              -0.021215222775936127
            ],
            [
              0.79833984375,
              0.59814453125,
              0.06976318359375,
              -0.04242628067731857
            ]
          ]
        ],
        "t0_rotation_rmse": 13.808457750204186,
        "t0_translation_rmse_100": 6.383912086486816
      }
    ]
  },
  "Procedural_Bananas3a07": {
    "best": {
      "psnr": 24.070541381835938,
      "distortion": 0.0006812750361859798,
      "rotation_rmse": 1.0626443240555836,
      "translation_rmse_100": 0.00797361135482788,
      "t_final": [
        [
          [
            0.9775390625,
            -0.2064208984375,
            -0.043243408203125,
            0.1276206523180008
          ],
          [
            -0.2069091796875,
            -0.89892578125,
            -0.3857421875,
            0.08104073256254196
          ],
          [
            0.040771484375,
            0.385986328125,
            -0.92138671875,
            0.15798158943653107
          ]
        ]
      ],
      "t0_rotation_rmse": 1.8640652686491859,
      "t0_translation_rmse_100": 5.211220741271973
    },
    "stats_list": [
      {
        "psnr": 24.070541381835938,
        "distortion": 0.0006812750361859798,
        "rotation_rmse": 1.0626443240555836,
        "translation_rmse_100": 0.00797361135482788,
        "t_final": [
          [
            [
              0.9775390625,
              -0.2064208984375,
              -0.043243408203125,
              0.1276206523180008
            ],
            [
              -0.2069091796875,
              -0.89892578125,
              -0.3857421875,
              0.08104073256254196
            ],
            [
              0.040771484375,
              0.385986328125,
              -0.92138671875,
              0.15798158943653107
            ]
          ]
        ],
        "t0_rotation_rmse": 1.8640652686491859,
        "t0_translation_rmse_100": 5.211220741271973
      }
    ]
  },
  "Banana_for_scale0a07": {
    "best": {
      "psnr": 21.53874397277832,
      "distortion": 0.00030202665948309004,
      "rotation_rmse": 3.308745574883767,
      "translation_rmse_100": 0.37730783224105835,
      "t_final": [
        [
          [
            0.81982421875,
            -0.5517578125,
            0.153076171875,
            0.15524175763130188
          ],
          [
            -0.57080078125,
            -0.8076171875,
            0.145751953125,
            -0.07730080932378769
          ],
          [
            0.04327392578125,
            -0.2069091796875,
            -0.97705078125,
            0.058300361037254333
          ]
        ]
      ],
      "t0_rotation_rmse": 9.245783021267465,
      "t0_translation_rmse_100": 3.9287216663360596
    },
    "stats_list": [
      {
        "psnr": 21.53874397277832,
        "distortion": 0.00030202665948309004,
        "rotation_rmse": 3.308745574883767,
        "translation_rmse_100": 0.37730783224105835,
        "t_final": [
          [
            [
              0.81982421875,
              -0.5517578125,
              0.153076171875,
              0.15524175763130188
            ],
            [
              -0.57080078125,
              -0.8076171875,
              0.145751953125,
              -0.07730080932378769
            ],
            [
              0.04327392578125,
              -0.2069091796875,
              -0.97705078125,
              0.058300361037254333
            ]
          ]
        ],
        "t0_rotation_rmse": 9.245783021267465,
        "t0_translation_rmse_100": 3.9287216663360596
      }
    ]
  },
  "PB170_Sneaker_Sm18c3": {
    "best": {
      "psnr": 24.76477813720703,
      "distortion": 0.001057806541211903,
      "rotation_rmse": 0.02562345176980362,
      "translation_rmse_100": 0.1407220959663391,
      "t_final": [
        [
          [
            0.62744140625,
            -0.73388671875,
            0.26123046875,
            0.14035093784332275
          ],
          [
            0.7275390625,
            0.671875,
            0.1387939453125,
            0.01321607455611229
          ],
          [
            -0.277099609375,
            0.10302734375,
            0.95556640625,
            0.3310682475566864
          ]
        ]
      ],
      "t0_rotation_rmse": 1.370272810659923,
      "t0_translation_rmse_100": 1.6337945461273193
    },
    "stats_list": [
      {
        "psnr": 24.76477813720703,
        "distortion": 0.001057806541211903,
        "rotation_rmse": 0.02562345176980362,
        "translation_rmse_100": 0.1407220959663391,
        "t_final": [
          [
            [
              0.62744140625,
              -0.73388671875,
              0.26123046875,
              0.14035093784332275
            ],
            [
              0.7275390625,
              0.671875,
              0.1387939453125,
              0.01321607455611229
            ],
            [
              -0.277099609375,
              0.10302734375,
              0.95556640625,
              0.3310682475566864
            ]
          ]
        ],
        "t0_rotation_rmse": 1.370272810659923,
        "t0_translation_rmse_100": 1.6337945461273193
      }
    ]
  },
  "Acoustic_Guitar0aa0": {
    "best": {
      "psnr": 22.200294494628906,
      "distortion": 0.0005714483559131622,
      "rotation_rmse": 0.02562345176980362,
      "translation_rmse_100": 0.12717470526695251,
      "t_final": [
        [
          [
            0.69140625,
            -0.180908203125,
            -0.69970703125,
            0.08943545818328857
          ],
          [
            0.107177734375,
            0.9833984375,
            -0.148193359375,
            -0.008739233948290348
          ],
          [
            0.7138671875,
            0.0275421142578125,
            0.69921875,
            0.18702912330627441
          ]
        ]
      ],
      "t0_rotation_rmse": 3.0032274401908716,
      "t0_translation_rmse_100": 4.6498799324035645
    },
    "stats_list": [
      {
        "psnr": 22.200294494628906,
        "distortion": 0.0005714483559131622,
        "rotation_rmse": 0.02562345176980362,
        "translation_rmse_100": 0.12717470526695251,
        "t_final": [
          [
            [
              0.69140625,
              -0.180908203125,
              -0.69970703125,
              0.08943545818328857
            ],
            [
              0.107177734375,
              0.9833984375,
              -0.148193359375,
              -0.008739233948290348
            ],
            [
              0.7138671875,
              0.0275421142578125,
              0.69921875,
              0.18702912330627441
            ]
          ]
        ],
        "t0_rotation_rmse": 3.0032274401908716,
        "t0_translation_rmse_100": 4.6498799324035645
      }
    ]
  },
  "Banana_3D_Scan2373": {
    "best": {
      "psnr": 20.993160247802734,
      "distortion": 0.0008167556370608509,
      "rotation_rmse": 4.1990379570591045,
      "translation_rmse_100": 0.25080814957618713,
      "t_final": [
        [
          [
            -0.744140625,
            0.5791015625,
            -0.332763671875,
            -0.09366979449987411
          ],
          [
            0.66845703125,
            0.63623046875,
            -0.385498046875,
            0.5031763911247253
          ],
          [
            -0.01141357421875,
            -0.50927734375,
            -0.8603515625,
            0.14865095913410187
          ]
        ]
      ],
      "t0_rotation_rmse": 4.686494616531201,
      "t0_translation_rmse_100": 2.5873265266418457
    },
    "stats_list": [
      {
        "psnr": 20.993160247802734,
        "distortion": 0.0008167556370608509,
        "rotation_rmse": 4.1990379570591045,
        "translation_rmse_100": 0.25080814957618713,
        "t_final": [
          [
            [
              -0.744140625,
              0.5791015625,
              -0.332763671875,
              -0.09366979449987411
            ],
            [
              0.66845703125,
              0.63623046875,
              -0.385498046875,
              0.5031763911247253
            ],
            [
              -0.01141357421875,
              -0.50927734375,
              -0.8603515625,
              0.14865095913410187
            ]
          ]
        ],
        "t0_rotation_rmse": 4.686494616531201,
        "t0_translation_rmse_100": 2.5873265266418457
      }
    ]
  },
  "Test_Model15b4": {
    "best": {
      "psnr": 15.602995872497559,
      "distortion": 0.0007503500673919916,
      "rotation_rmse": 0.02562345176980362,
      "translation_rmse_100": 0.10257363319396973,
      "t_final": [
        [
          [
            0.93798828125,
            0.174072265625,
            -0.299072265625,
            0.3237987458705902
          ],
          [
            -0.0865478515625,
            0.955078125,
            0.2841796875,
            -0.38682687282562256
          ],
          [
            0.3349609375,
            -0.2408447265625,
            0.9111328125,
            0.42417511343955994
          ]
        ]
      ],
      "t0_rotation_rmse": 5.033556870817728,
      "t0_translation_rmse_100": 0.6992757320404053
    },
    "stats_list": [
      {
        "psnr": 15.602995872497559,
        "distortion": 0.0007503500673919916,
        "rotation_rmse": 0.02562345176980362,
        "translation_rmse_100": 0.10257363319396973,
        "t_final": [
          [
            [
              0.93798828125,
              0.174072265625,
              -0.299072265625,
              0.3237987458705902
            ],
            [
              -0.0865478515625,
              0.955078125,
              0.2841796875,
              -0.38682687282562256
            ],
            [
              0.3349609375,
              -0.2408447265625,
              0.9111328125,
              0.42417511343955994
            ]
          ]
        ],
        "t0_rotation_rmse": 5.033556870817728,
        "t0_translation_rmse_100": 0.6992757320404053
      }
    ]
  },
  "Hunter_Boy_With_Rabbit_Figurine0a5b": {
    "best": {
      "psnr": 19.80504035949707,
      "distortion": 0.00110689178109169,
      "rotation_rmse": 0.02562345176980362,
      "translation_rmse_100": 0.16914010047912598,
      "t_final": [
        [
          [
            0.8388671875,
            -0.4755859375,
            -0.2646484375,
            0.30250126123428345
          ],
          [
            0.060089111328125,
            -0.40234375,
            0.91357421875,
            -0.03208241984248161
          ],
          [
            -0.541015625,
            -0.78271484375,
            -0.308837890625,
            0.02460809051990509
          ]
        ]
      ],
      "t0_rotation_rmse": 3.7993921597856986,
      "t0_translation_rmse_100": 9.334033966064453
    },
    "stats_list": [
      {
        "psnr": 19.80504035949707,
        "distortion": 0.00110689178109169,
        "rotation_rmse": 0.02562345176980362,
        "translation_rmse_100": 0.16914010047912598,
        "t_final": [
          [
            [
              0.8388671875,
              -0.4755859375,
              -0.2646484375,
              0.30250126123428345
            ],
            [
              0.060089111328125,
              -0.40234375,
              0.91357421875,
              -0.03208241984248161
            ],
            [
              -0.541015625,
              -0.78271484375,
              -0.308837890625,
              0.02460809051990509
            ]
          ]
        ],
        "t0_rotation_rmse": 3.7993921597856986,
        "t0_translation_rmse_100": 9.334033966064453
      }
    ]
  },
  "Elephant1608": {
    "best": {
      "psnr": 15.391966819763184,
      "distortion": 0.0012835469096899033,
      "rotation_rmse": 2.718567375880889,
      "translation_rmse_100": 2.0049185752868652,
      "t_final": [
        [
          [
            -0.04022216796875,
            0.55517578125,
            0.83056640625,
            -0.39193031191825867
          ],
          [
            0.460693359375,
            0.748046875,
            -0.47802734375,
            -0.2693940997123718
          ],
          [
            -0.88671875,
            0.36328125,
            -0.285888671875,
            -0.3588889241218567
          ]
        ]
      ],
      "t0_rotation_rmse": 5.799620478816608,
      "t0_translation_rmse_100": 1.6968637704849243
    },
    "stats_list": [
      {
        "psnr": 15.391966819763184,
        "distortion": 0.0012835469096899033,
        "rotation_rmse": 2.718567375880889,
        "translation_rmse_100": 2.0049185752868652,
        "t_final": [
          [
            [
              -0.04022216796875,
              0.55517578125,
              0.83056640625,
              -0.39193031191825867
            ],
            [
              0.460693359375,
              0.748046875,
              -0.47802734375,
              -0.2693940997123718
            ],
            [
              -0.88671875,
              0.36328125,
              -0.285888671875,
              -0.3588889241218567
            ]
          ]
        ],
        "t0_rotation_rmse": 5.799620478816608,
        "t0_translation_rmse_100": 1.6968637704849243
      }
    ]
  },
  "Ornate_Medieval_Shield22a7": {
    "best": {
      "psnr": 9.495382308959961,
      "distortion": 0.0017638393910601735,
      "rotation_rmse": 9.987978970047335,
      "translation_rmse_100": 17.26559066772461,
      "t_final": [
        [
          [
            0.96728515625,
            0.2406005859375,
            -0.08209228515625,
            -0.13254451751708984
          ],
          [
            0.1378173828125,
            -0.22509765625,
            0.96484375,
            0.4246332049369812
          ],
          [
            0.2135009765625,
            -0.94384765625,
            -0.2509765625,
            0.3201071619987488
          ]
        ]
      ],
      "t0_rotation_rmse": 6.911668224650347,
      "t0_translation_rmse_100": 1.9701802730560303
    },
    "stats_list": [
      {
        "psnr": 9.495382308959961,
        "distortion": 0.0017638393910601735,
        "rotation_rmse": 9.987978970047335,
        "translation_rmse_100": 17.26559066772461,
        "t_final": [
          [
            [
              0.96728515625,
              0.2406005859375,
              -0.08209228515625,
              -0.13254451751708984
            ],
            [
              0.1378173828125,
              -0.22509765625,
              0.96484375,
              0.4246332049369812
            ],
            [
              0.2135009765625,
              -0.94384765625,
              -0.2509765625,
              0.3201071619987488
            ]
          ]
        ],
        "t0_rotation_rmse": 6.911668224650347,
        "t0_translation_rmse_100": 1.9701802730560303
      }
    ]
  },
  "Vikings_shield_and_axe1973": {
    "best": {
      "psnr": 14.66030502319336,
      "distortion": 0.0008331815479323268,
      "rotation_rmse": 1.8384885707823986,
      "translation_rmse_100": 3.660154342651367,
      "t_final": [
        [
          [
            -0.1090087890625,
            -0.97119140625,
            0.211181640625,
            0.36189448833465576
          ],
          [
            0.30908203125,
            -0.2349853515625,
            -0.921875,
            0.44832128286361694
          ],
          [
            0.94482421875,
            -0.035186767578125,
            0.32568359375,
            0.22036829590797424
          ]
        ]
      ],
      "t0_rotation_rmse": 2.6932413727605824,
      "t0_translation_rmse_100": 3.626585006713867
    },
    "stats_list": [
      {
        "psnr": 14.66030502319336,
        "distortion": 0.0008331815479323268,
        "rotation_rmse": 1.8384885707823986,
        "translation_rmse_100": 3.660154342651367,
        "t_final": [
          [
            [
              -0.1090087890625,
              -0.97119140625,
              0.211181640625,
              0.36189448833465576
            ],
            [
              0.30908203125,
              -0.2349853515625,
              -0.921875,
              0.44832128286361694
            ],
            [
              0.94482421875,
              -0.035186767578125,
              0.32568359375,
              0.22036829590797424
            ]
          ]
        ],
        "t0_rotation_rmse": 2.6932413727605824,
        "t0_translation_rmse_100": 3.626585006713867
      }
    ]
  },
  "Xbox_360_Controller0866": {
    "best": {
      "psnr": 17.40920639038086,
      "distortion": 0.001302370335906744,
      "rotation_rmse": 0.02562345176980362,
      "translation_rmse_100": 1.9614242315292358,
      "t_final": [
        [
          [
            -0.047760009765625,
            0.6630859375,
            -0.7470703125,
            0.06737667322158813
          ],
          [
            0.52734375,
            0.65234375,
            0.54541015625,
            -0.06454989314079285
          ],
          [
            0.8486328125,
            -0.36767578125,
            -0.380615234375,
            0.4639572501182556
          ]
        ]
      ],
      "t0_rotation_rmse": 5.321665512511888,
      "t0_translation_rmse_100": 13.631346702575684
    },
    "stats_list": [
      {
        "psnr": 17.40920639038086,
        "distortion": 0.001302370335906744,
        "rotation_rmse": 0.02562345176980362,
        "translation_rmse_100": 1.9614242315292358,
        "t_final": [
          [
            [
              -0.047760009765625,
              0.6630859375,
              -0.7470703125,
              0.06737667322158813
            ],
            [
              0.52734375,
              0.65234375,
              0.54541015625,
              -0.06454989314079285
            ],
            [
              0.8486328125,
              -0.36767578125,
              -0.380615234375,
              0.4639572501182556
            ]
          ]
        ],
        "t0_rotation_rmse": 5.321665512511888,
        "t0_translation_rmse_100": 13.631346702575684
      }
    ]
  },
  "Petroleum_lamp0230": {
    "best": {
      "psnr": 19.976591110229492,
      "distortion": 0.001273731468245387,
      "rotation_rmse": 0.02562345176980362,
      "translation_rmse_100": 0.33451616764068604,
      "t_final": [
        [
          [
            -0.16845703125,
            -0.5244140625,
            0.8349609375,
            0.38373491168022156
          ],
          [
            -0.6728515625,
            0.68017578125,
            0.29150390625,
            -0.19130703806877136
          ],
          [
            -0.720703125,
            -0.51220703125,
            -0.46728515625,
            -0.04005265608429909
          ]
        ]
      ],
      "t0_rotation_rmse": 2.39576684633163,
      "t0_translation_rmse_100": 4.0996880531311035
    },
    "stats_list": [
      {
        "psnr": 19.976591110229492,
        "distortion": 0.001273731468245387,
        "rotation_rmse": 0.02562345176980362,
        "translation_rmse_100": 0.33451616764068604,
        "t_final": [
          [
            [
              -0.16845703125,
              -0.5244140625,
              0.8349609375,
              0.38373491168022156
            ],
            [
              -0.6728515625,
              0.68017578125,
              0.29150390625,
              -0.19130703806877136
            ],
            [
              -0.720703125,
              -0.51220703125,
              -0.46728515625,
              -0.04005265608429909
            ]
          ]
        ],
        "t0_rotation_rmse": 2.39576684633163,
        "t0_translation_rmse_100": 4.0996880531311035
      }
    ]
  },
  "26851W_Odeon_Lightab66": {
    "best": {
      "psnr": 16.795949935913086,
      "distortion": 0.0011605598265305161,
      "rotation_rmse": 1.286300618535736,
      "translation_rmse_100": 0.13952329754829407,
      "t_final": [
        [
          [
            -0.8388671875,
            -0.2088623046875,
            -0.501953125,
            0.06728387624025345
          ],
          [
            -0.41259765625,
            -0.357421875,
            0.837890625,
            0.3069152534008026
          ],
          [
            -0.3544921875,
            0.91015625,
            0.2138671875,
            -0.27407100796699524
          ]
        ]
      ],
      "t0_rotation_rmse": 6.397948643594207,
      "t0_translation_rmse_100": 2.7016632556915283
    },
    "stats_list": [
      {
        "psnr": 16.795949935913086,
        "distortion": 0.0011605598265305161,
        "rotation_rmse": 1.286300618535736,
        "translation_rmse_100": 0.13952329754829407,
        "t_final": [
          [
            [
              -0.8388671875,
              -0.2088623046875,
              -0.501953125,
              0.06728387624025345
            ],
            [
              -0.41259765625,
              -0.357421875,
              0.837890625,
              0.3069152534008026
            ],
            [
              -0.3544921875,
              0.91015625,
              0.2138671875,
              -0.27407100796699524
            ]
          ]
        ],
        "t0_rotation_rmse": 6.397948643594207,
        "t0_translation_rmse_100": 2.7016632556915283
      }
    ]
  },
  "Teddy1b47": {
    "best": {
      "psnr": 17.795310974121094,
      "distortion": 0.0012615949381142855,
      "rotation_rmse": 7.390558712969578,
      "translation_rmse_100": 6.972164630889893,
      "t_final": [
        [
          [
            0.2210693359375,
            -0.037628173828125,
            0.974609375,
            0.03732749819755554
          ],
          [
            -0.69287109375,
            -0.708984375,
            0.1298828125,
            -0.16079527139663696
          ],
          [
            0.68603515625,
            -0.70458984375,
            -0.1827392578125,
            -0.25960618257522583
          ]
        ]
      ],
      "t0_rotation_rmse": 5.14521662926614,
      "t0_translation_rmse_100": 3.1696743965148926
    },
    "stats_list": [
      {
        "psnr": 17.795310974121094,
        "distortion": 0.0012615949381142855,
        "rotation_rmse": 7.390558712969578,
        "translation_rmse_100": 6.972164630889893,
        "t_final": [
          [
            [
              0.2210693359375,
              -0.037628173828125,
              0.974609375,
              0.03732749819755554
            ],
            [
              -0.69287109375,
              -0.708984375,
              0.1298828125,
              -0.16079527139663696
            ],
            [
              0.68603515625,
              -0.70458984375,
              -0.1827392578125,
              -0.25960618257522583
            ]
          ]
        ],
        "t0_rotation_rmse": 5.14521662926614,
        "t0_translation_rmse_100": 3.1696743965148926
      }
    ]
  },
  "Figura_San_Juan260d": {
    "best": {
      "psnr": 18.613853454589844,
      "distortion": 0.0007243739673867822,
      "rotation_rmse": 0.9657518615907837,
      "translation_rmse_100": 0.02149343490600586,
      "t_final": [
        [
          [
            0.6875,
            0.5146484375,
            -0.51171875,
            -0.15248440206050873
          ],
          [
            0.72607421875,
            -0.494873046875,
            0.4775390625,
            0.0006753727793693542
          ],
          [
            -0.007579803466796875,
            -0.7001953125,
            -0.7138671875,
            0.021563583984971046
          ]
        ]
      ],
      "t0_rotation_rmse": 9.362356310458159,
      "t0_translation_rmse_100": 0.8803009986877441
    },
    "stats_list": [
      {
        "psnr": 18.613853454589844,
        "distortion": 0.0007243739673867822,
        "rotation_rmse": 0.9657518615907837,
        "translation_rmse_100": 0.02149343490600586,
        "t_final": [
          [
            [
              0.6875,
              0.5146484375,
              -0.51171875,
              -0.15248440206050873
            ],
            [
              0.72607421875,
              -0.494873046875,
              0.4775390625,
              0.0006753727793693542
            ],
            [
              -0.007579803466796875,
              -0.7001953125,
              -0.7138671875,
              0.021563583984971046
            ]
          ]
        ],
        "t0_rotation_rmse": 9.362356310458159,
        "t0_translation_rmse_100": 0.8803009986877441
      }
    ]
  },
  "Stylized_Skateboard10c7": {
    "best": {
      "psnr": 20.361013412475586,
      "distortion": 0.002242858987301588,
      "rotation_rmse": 179.9743765482302,
      "translation_rmse_100": 1.6750335693359375,
      "t_final": [
        [
          [
            -0.634765625,
            -0.6474609375,
            0.422119140625,
            -0.3094676733016968
          ],
          [
            -0.6708984375,
            0.1903076171875,
            -0.716796875,
            0.13994795083999634
          ],
          [
            0.3837890625,
            -0.73779296875,
            -0.55517578125,
            0.19408780336380005
          ]
        ]
      ],
      "t0_rotation_rmse": 179.81125046160014,
      "t0_translation_rmse_100": 0.1819610595703125
    },
    "stats_list": [
      {
        "psnr": 20.361013412475586,
        "distortion": 0.002242858987301588,
        "rotation_rmse": 179.9743765482302,
        "translation_rmse_100": 1.6750335693359375,
        "t_final": [
          [
            [
              -0.634765625,
              -0.6474609375,
              0.422119140625,
              -0.3094676733016968
            ],
            [
              -0.6708984375,
              0.1903076171875,
              -0.716796875,
              0.13994795083999634
            ],
            [
              0.3837890625,
              -0.73779296875,
              -0.55517578125,
              0.19408780336380005
            ]
          ]
        ],
        "t0_rotation_rmse": 179.81125046160014,
        "t0_translation_rmse_100": 0.1819610595703125
      }
    ]
  },
  "Lantern0231": {
    "best": {
      "psnr": 14.052621841430664,
      "distortion": 0.001083752023987472,
      "rotation_rmse": 5.964626938614344,
      "translation_rmse_100": 8.752080917358398,
      "t_final": [
        [
          [
            -0.316650390625,
            0.64013671875,
            -0.7001953125,
            0.2336895763874054
          ],
          [
            0.0246124267578125,
            -0.73193359375,
            -0.6806640625,
            -0.1683264672756195
          ],
          [
            -0.9482421875,
            -0.2327880859375,
            0.216064453125,
            -0.3166516125202179
          ]
        ]
      ],
      "t0_rotation_rmse": 1.614631271848251,
      "t0_translation_rmse_100": 6.432744979858398
    },
    "stats_list": [
      {
        "psnr": 14.052621841430664,
        "distortion": 0.001083752023987472,
        "rotation_rmse": 5.964626938614344,
        "translation_rmse_100": 8.752080917358398,
        "t_final": [
          [
            [
              -0.316650390625,
              0.64013671875,
              -0.7001953125,
              0.2336895763874054
            ],
            [
              0.0246124267578125,
              -0.73193359375,
              -0.6806640625,
              -0.1683264672756195
            ],
            [
              -0.9482421875,
              -0.2327880859375,
              0.216064453125,
              -0.3166516125202179
            ]
          ]
        ],
        "t0_rotation_rmse": 1.614631271848251,
        "t0_translation_rmse_100": 6.432744979858398
      }
    ]
  },
  "model_New_Qlone183a": {
    "best": {
      "psnr": 17.104639053344727,
      "distortion": 0.0013017330784350634,
      "rotation_rmse": 0.02562345176980362,
      "translation_rmse_100": 0.3484419584274292,
      "t_final": [
        [
          [
            0.70166015625,
            -0.486572265625,
            0.5205078125,
            0.004540205001831055
          ],
          [
            -0.27392578125,
            -0.8583984375,
            -0.433837890625,
            -0.014457233250141144
          ],
          [
            0.65771484375,
            0.1617431640625,
            -0.73583984375,
            -0.07485751062631607
          ]
        ]
      ],
      "t0_rotation_rmse": 4.076689984952634,
      "t0_translation_rmse_100": 3.1926803588867188
    },
    "stats_list": [
      {
        "psnr": 17.104639053344727,
        "distortion": 0.0013017330784350634,
        "rotation_rmse": 0.02562345176980362,
        "translation_rmse_100": 0.3484419584274292,
        "t_final": [
          [
            [
              0.70166015625,
              -0.486572265625,
              0.5205078125,
              0.004540205001831055
            ],
            [
              -0.27392578125,
              -0.8583984375,
              -0.433837890625,
              -0.014457233250141144
            ],
            [
              0.65771484375,
              0.1617431640625,
              -0.73583984375,
              -0.07485751062631607
            ]
          ]
        ],
        "t0_rotation_rmse": 4.076689984952634,
        "t0_translation_rmse_100": 3.1926803588867188
      }
    ]
  },
  "FireHydrant_Fortnite_Style_0152": {
    "best": {
      "psnr": 17.68580436706543,
      "distortion": 0.0011363927042111754,
      "rotation_rmse": 6.882359101072259,
      "translation_rmse_100": 1.2835488319396973,
      "t_final": [
        [
          [
            0.9462890625,
            -0.3193359375,
            0.04962158203125,
            -0.0433531254529953
          ],
          [
            0.31298828125,
            0.8671875,
            -0.38671875,
            0.27363747358322144
          ],
          [
            0.08050537109375,
            0.381591796875,
            0.9208984375,
            -0.03165626898407936
          ]
        ]
      ],
      "t0_rotation_rmse": 7.33860425665146,
      "t0_translation_rmse_100": 0.2911582589149475
    },
    "stats_list": [
      {
        "psnr": 17.68580436706543,
        "distortion": 0.0011363927042111754,
        "rotation_rmse": 6.882359101072259,
        "translation_rmse_100": 1.2835488319396973,
        "t_final": [
          [
            [
              0.9462890625,
              -0.3193359375,
              0.04962158203125,
              -0.0433531254529953
            ],
            [
              0.31298828125,
              0.8671875,
              -0.38671875,
              0.27363747358322144
            ],
            [
              0.08050537109375,
              0.381591796875,
              0.9208984375,
              -0.03165626898407936
            ]
          ]
        ],
        "t0_rotation_rmse": 7.33860425665146,
        "t0_translation_rmse_100": 0.2911582589149475
      }
    ]
  },
  "chair_teacher4659": {
    "best": {
      "psnr": 20.15497398376465,
      "distortion": 0.0010655062505975366,
      "rotation_rmse": 0.02562345176980362,
      "translation_rmse_100": 0.06789751350879669,
      "t_final": [
        [
          [
            0.93017578125,
            0.2193603515625,
            -0.294189453125,
            0.06046883761882782
          ],
          [
            0.336669921875,
            -0.1898193359375,
            0.921875,
            0.20828194916248322
          ],
          [
            0.146484375,
            -0.95751953125,
            -0.250244140625,
            0.08387810736894608
          ]
        ]
      ],
      "t0_rotation_rmse": 3.475503798368234,
      "t0_translation_rmse_100": 0.3128010630607605
    },
    "stats_list": [
      {
        "psnr": 20.15497398376465,
        "distortion": 0.0010655062505975366,
        "rotation_rmse": 0.02562345176980362,
        "translation_rmse_100": 0.06789751350879669,
        "t_final": [
          [
            [
              0.93017578125,
              0.2193603515625,
              -0.294189453125,
              0.06046883761882782
            ],
            [
              0.336669921875,
              -0.1898193359375,
              0.921875,
              0.20828194916248322
            ],
            [
              0.146484375,
              -0.95751953125,
              -0.250244140625,
              0.08387810736894608
            ]
          ]
        ],
        "t0_rotation_rmse": 3.475503798368234,
        "t0_translation_rmse_100": 0.3128010630607605
      }
    ]
  },
  "Traffic_Cone37b5": {
    "best": {
      "psnr": 26.212371826171875,
      "distortion": 0.0038888975977897644,
      "rotation_rmse": 139.29722240196517,
      "translation_rmse_100": 0.5935378074645996,
      "t_final": [
        [
          [
            -0.9365234375,
            0.216064453125,
            0.27685546875,
            -0.052939217537641525
          ],
          [
            -0.25146484375,
            -0.962890625,
            -0.0992431640625,
            -0.4650939106941223
          ],
          [
            0.2451171875,
            -0.16259765625,
            0.9560546875,
            0.4779733419418335
          ]
        ]
      ],
      "t0_rotation_rmse": 139.8789717508096,
      "t0_translation_rmse_100": 1.9714064598083496
    },
    "stats_list": [
      {
        "psnr": 26.212371826171875,
        "distortion": 0.0038888975977897644,
        "rotation_rmse": 139.29722240196517,
        "translation_rmse_100": 0.5935378074645996,
        "t_final": [
          [
            [
              -0.9365234375,
              0.216064453125,
              0.27685546875,
              -0.052939217537641525
            ],
