{
  "F_15_C_Jungle_Camo16c6": {
    "best": {
      "psnr": 15.436027526855469,
      "distortion": 0.0010178497759625316,
      "rotation_rmse": 1.0924320598986161,
      "translation_rmse_100": 3.4743473529815674,
      "t_final": [
        [
          [
            0.1263427734375,
            -0.544921875,
            0.8291015625,
            -0.09993095695972443
          ],
          [
            -0.68603515625,
            0.55517578125,
            0.469970703125,
            0.004298478364944458
          ],
          [
            -0.716796875,
            -0.6279296875,
            -0.30419921875,
            0.08246106654405594
          ]
        ]
      ],
      "t0_rotation_rmse": 3.026835587212643,
      "t0_translation_rmse_100": 0.819476306438446
    },
    "stats_list": [
      {
        "psnr": 15.436027526855469,
        "distortion": 0.0010178497759625316,
        "rotation_rmse": 1.0924320598986161,
        "translation_rmse_100": 3.4743473529815674,
        "t_final": [
          [
            [
              0.1263427734375,
              -0.544921875,
              0.8291015625,
              -0.09993095695972443
            ],
            [
              -0.68603515625,
              0.55517578125,
              0.469970703125,
              0.004298478364944458
            ],
            [
              -0.716796875,
              -0.6279296875,
              -0.30419921875,
              0.08246106654405594
            ]
          ]
        ],
        "t0_rotation_rmse": 3.026835587212643,
        "t0_translation_rmse_100": 0.819476306438446
      }
    ]
  },
  "Hl_Maximilian09f0": {
    "best": {
      "psnr": 12.362939834594727,
      "distortion": 0.001641102833673358,
      "rotation_rmse": 27.48917474851781,
      "translation_rmse_100": 8.940678596496582,
      "t_final": [
        [
          [
            -0.1448974609375,
            0.76513671875,
            -0.626953125,
            -0.16031545400619507
          ],
          [
            0.3134765625,
            -0.56591796875,
            -0.7626953125,
            -0.14707133173942566
          ],
          [
            -0.9384765625,
            -0.30712890625,
            -0.1580810546875,
            0.030902022495865822
          ]
        ]
      ],
      "t0_rotation_rmse": 27.785096451277834,
      "t0_translation_rmse_100": 7.929020881652832
    },
    "stats_list": [
      {
        "psnr": 12.362939834594727,
        "distortion": 0.001641102833673358,
        "rotation_rmse": 27.48917474851781,
        "translation_rmse_100": 8.940678596496582,
        "t_final": [
          [
            [
              -0.1448974609375,
              0.76513671875,
              -0.626953125,
              -0.16031545400619507
            ],
            [
              0.3134765625,
              -0.56591796875,
              -0.7626953125,
              -0.14707133173942566
            ],
            [
              -0.9384765625,
              -0.30712890625,
              -0.1580810546875,
              0.030902022495865822
            ]
          ]
        ],
        "t0_rotation_rmse": 27.785096451277834,
        "t0_translation_rmse_100": 7.929020881652832
      }
    ]
  },
  "MiG_23_Desert_Camo089f": {
    "best": {
      "psnr": 11.330965042114258,
      "distortion": 0.001690506236627698,
      "rotation_rmse": 3.907505430987851,
      "translation_rmse_100": 0.33614039421081543,
      "t_final": [
        [
          [
            -0.8037109375,
            -0.355712890625,
            -0.4765625,
            -0.25131869316101074
          ],
          [
            0.5634765625,
            -0.1982421875,
            -0.8017578125,
            0.10845886915922165
          ],
          [
            0.190673828125,
            -0.91357421875,
            0.359619140625,
            -0.44641315937042236
          ]
        ]
      ],
      "t0_rotation_rmse": 4.571030217615939,
      "t0_translation_rmse_100": 0.11017769575119019
    },
    "stats_list": [
      {
        "psnr": 11.330965042114258,
        "distortion": 0.001690506236627698,
        "rotation_rmse": 3.907505430987851,
        "translation_rmse_100": 0.33614039421081543,
        "t_final": [
          [
            [
              -0.8037109375,
              -0.355712890625,
              -0.4765625,
              -0.25131869316101074
            ],
            [
              0.5634765625,
              -0.1982421875,
              -0.8017578125,
              0.10845886915922165
            ],
            [
              0.190673828125,
              -0.91357421875,
              0.359619140625,
              -0.44641315937042236
            ]
          ]
        ],
        "t0_rotation_rmse": 4.571030217615939,
        "t0_translation_rmse_100": 0.11017769575119019
      }
    ]
  },
  "Tolix_Industrial_Chairs3f2d": {
    "best": {
      "psnr": 7.5544304847717285,
      "distortion": 0.0038453019224107265,
      "rotation_rmse": 81.51400872436946,
      "translation_rmse_100": 5.622220993041992,
      "t_final": [
        [
          [
            0.7275390625,
            -0.12469482421875,
            0.67431640625,
            0.0432157889008522
          ],
          [
            -0.33251953125,
            -0.92431640625,
            0.1878662109375,
            0.11799303442239761
          ],
          [
            0.599609375,
            -0.361328125,
            -0.7138671875,
            -0.05964150279760361
          ]
        ]
      ],
      "t0_rotation_rmse": 78.36454245439967,
      "t0_translation_rmse_100": 0.014375895261764526
    },
    "stats_list": [
      {
        "psnr": 7.5544304847717285,
        "distortion": 0.0038453019224107265,
        "rotation_rmse": 81.51400872436946,
        "translation_rmse_100": 5.622220993041992,
        "t_final": [
          [
            [
              0.7275390625,
              -0.12469482421875,
              0.67431640625,
              0.0432157889008522
            ],
            [
              -0.33251953125,
              -0.92431640625,
              0.1878662109375,
              0.11799303442239761
            ],
            [
              0.599609375,
              -0.361328125,
              -0.7138671875,
              -0.05964150279760361
            ]
          ]
        ],
        "t0_rotation_rmse": 78.36454245439967,
        "t0_translation_rmse_100": 0.014375895261764526
      }
    ]
  },
  "Procedural_Bananas3a07": {
    "best": {
      "psnr": 18.655881881713867,
      "distortion": 0.001003553275950253,
      "rotation_rmse": 2.5775887643270536,
      "translation_rmse_100": 0.3005519509315491,
      "t_final": [
        [
          [
            0.97314453125,
            -0.228759765625,
            -0.0128173828125,
            0.12469486892223358
          ],
          [
            -0.2169189453125,
            -0.90283203125,
            -0.37109375,
            0.09955279529094696
          ],
          [
            0.0733642578125,
            0.364013671875,
            -0.92822265625,
            0.14882919192314148
          ]
        ]
      ],
      "t0_rotation_rmse": 3.2967229484427274,
      "t0_translation_rmse_100": 3.1646265983581543
    },
    "stats_list": [
      {
        "psnr": 18.655881881713867,
        "distortion": 0.001003553275950253,
        "rotation_rmse": 2.5775887643270536,
        "translation_rmse_100": 0.3005519509315491,
        "t_final": [
          [
            [
              0.97314453125,
              -0.228759765625,
              -0.0128173828125,
              0.12469486892223358
            ],
            [
              -0.2169189453125,
              -0.90283203125,
              -0.37109375,
              0.09955279529094696
            ],
            [
              0.0733642578125,
              0.364013671875,
              -0.92822265625,
              0.14882919192314148
            ]
          ]
        ],
        "t0_rotation_rmse": 3.2967229484427274,
        "t0_translation_rmse_100": 3.1646265983581543
      }
    ]
  },
  "Banana_for_scale0a07": {
    "best": {
      "psnr": 18.965484619140625,
      "distortion": 0.0006558171007782221,
      "rotation_rmse": 2.8575576305508195,
      "translation_rmse_100": 1.7677738666534424,
      "t_final": [
        [
          [
            0.77978515625,
            -0.6044921875,
            0.1629638671875,
            0.13379094004631042
          ],
          [
            -0.62060546875,
            -0.77978515625,
            0.07781982421875,
            -0.002514610067009926
          ],
          [
            0.080078125,
            -0.161865234375,
            -0.9833984375,
            0.07421357929706573
          ]
        ]
      ],
      "t0_rotation_rmse": 1.8250116225674005,
      "t0_translation_rmse_100": 0.29301196336746216
    },
    "stats_list": [
      {
        "psnr": 18.965484619140625,
        "distortion": 0.0006558171007782221,
        "rotation_rmse": 2.8575576305508195,
        "translation_rmse_100": 1.7677738666534424,
        "t_final": [
          [
            [
              0.77978515625,
              -0.6044921875,
              0.1629638671875,
              0.13379094004631042
            ],
            [
              -0.62060546875,
              -0.77978515625,
              0.07781982421875,
              -0.002514610067009926
            ],
            [
              0.080078125,
              -0.161865234375,
              -0.9833984375,
              0.07421357929706573
            ]
          ]
        ],
        "t0_rotation_rmse": 1.8250116225674005,
        "t0_translation_rmse_100": 0.29301196336746216
      }
    ]
  },
  "PB170_Sneaker_Sm18c3": {
    "best": {
      "psnr": 15.705318450927734,
      "distortion": 0.0019503028597682714,
      "rotation_rmse": 3.0446433630376304,
      "translation_rmse_100": 7.458929538726807,
      "t_final": [
        [
          [
            0.5908203125,
            -0.76806640625,
            0.246826171875,
            0.06435441970825195
          ],
          [
            0.75390625,
            0.634765625,
            0.16943359375,
            0.07782591134309769
          ],
          [
            -0.286865234375,
            0.0860595703125,
            0.9541015625,
            0.2740297317504883
          ]
        ]
      ],
      "t0_rotation_rmse": 4.526449613101494,
      "t0_translation_rmse_100": 1.2730166912078857
    },
    "stats_list": [
      {
        "psnr": 15.705318450927734,
        "distortion": 0.0019503028597682714,
        "rotation_rmse": 3.0446433630376304,
        "translation_rmse_100": 7.458929538726807,
        "t_final": [
          [
            [
              0.5908203125,
              -0.76806640625,
              0.246826171875,
              0.06435441970825195
            ],
            [
              0.75390625,
              0.634765625,
              0.16943359375,
              0.07782591134309769
            ],
            [
              -0.286865234375,
              0.0860595703125,
              0.9541015625,
              0.2740297317504883
            ]
          ]
        ],
        "t0_rotation_rmse": 4.526449613101494,
        "t0_translation_rmse_100": 1.2730166912078857
      }
    ]
  },
  "Acoustic_Guitar0aa0": {
    "best": {
      "psnr": 13.221980094909668,
      "distortion": 0.0008727454114705324,
      "rotation_rmse": 2.369826604540407,
      "translation_rmse_100": 2.822089910507202,
      "t_final": [
        [
          [
            0.6787109375,
            -0.19873046875,
            -0.70654296875,
            0.1163846105337143
          ],
          [
            0.1361083984375,
            0.97998046875,
            -0.1448974609375,
            0.06239915266633034
          ],
          [
            0.72119140625,
            0.002079010009765625,
            0.69287109375,
            0.1498972624540329
          ]
        ]
      ],
      "t0_rotation_rmse": 2.3328257379717123,
      "t0_translation_rmse_100": 7.988716125488281
    },
    "stats_list": [
      {
        "psnr": 13.221980094909668,
        "distortion": 0.0008727454114705324,
        "rotation_rmse": 2.369826604540407,
        "translation_rmse_100": 2.822089910507202,
        "t_final": [
          [
            [
              0.6787109375,
              -0.19873046875,
              -0.70654296875,
              0.1163846105337143
            ],
            [
              0.1361083984375,
              0.97998046875,
              -0.1448974609375,
              0.06239915266633034
            ],
            [
              0.72119140625,
              0.002079010009765625,
              0.69287109375,
              0.1498972624540329
            ]
          ]
        ],
        "t0_rotation_rmse": 2.3328257379717123,
        "t0_translation_rmse_100": 7.988716125488281
      }
    ]
  },
  "Banana_3D_Scan2373": {
    "best": {
      "psnr": 15.362344741821289,
      "distortion": 0.0013217076193541288,
      "rotation_rmse": 5.336920894554798,
      "translation_rmse_100": 2.0659825801849365,
      "t_final": [
        [
          [
            -0.62939453125,
            0.66357421875,
            -0.404052734375,
            -0.11182153970003128
          ],
          [
            0.77685546875,
            0.548828125,
            -0.30859375,
            0.46957260370254517
          ],
          [
            0.016815185546875,
            -0.5078125,
            -0.861328125,
            0.14261046051979065
          ]
        ]
      ],
      "t0_rotation_rmse": 5.289557018139158,
      "t0_translation_rmse_100": 0.9436987638473511
    },
    "stats_list": [
      {
        "psnr": 15.362344741821289,
        "distortion": 0.0013217076193541288,
        "rotation_rmse": 5.336920894554798,
        "translation_rmse_100": 2.0659825801849365,
        "t_final": [
          [
            [
              -0.62939453125,
              0.66357421875,
              -0.404052734375,
              -0.11182153970003128
            ],
            [
              0.77685546875,
              0.548828125,
              -0.30859375,
              0.46957260370254517
            ],
            [
              0.016815185546875,
              -0.5078125,
              -0.861328125,
              0.14261046051979065
            ]
          ]
        ],
        "t0_rotation_rmse": 5.289557018139158,
        "t0_translation_rmse_100": 0.9436987638473511
      }
    ]
  },
  "Test_Model15b4": {
    "best": {
      "psnr": 9.370223999023438,
      "distortion": 0.0011081267148256302,
      "rotation_rmse": 3.5086928751082826,
      "translation_rmse_100": 1.0637015104293823,
      "t_final": [
        [
          [
            0.921875,
            0.2073974609375,
            -0.326904296875,
            0.33546149730682373
          ],
          [
            -0.12445068359375,
            0.95849609375,
            0.257080078125,
            -0.3763883709907532
          ],
          [
            0.366455078125,
            -0.1962890625,
            0.90966796875,
            0.373149037361145
          ]
        ]
      ],
      "t0_rotation_rmse": 1.410631372926823,
      "t0_translation_rmse_100": 2.454975128173828
    },
    "stats_list": [
      {
        "psnr": 9.370223999023438,
        "distortion": 0.0011081267148256302,
        "rotation_rmse": 3.5086928751082826,
        "translation_rmse_100": 1.0637015104293823,
        "t_final": [
          [
            [
              0.921875,
              0.2073974609375,
              -0.326904296875,
              0.33546149730682373
            ],
            [
              -0.12445068359375,
              0.95849609375,
              0.257080078125,
              -0.3763883709907532
            ],
            [
              0.366455078125,
              -0.1962890625,
              0.90966796875,
              0.373149037361145
            ]
          ]
        ],
        "t0_rotation_rmse": 1.410631372926823,
        "t0_translation_rmse_100": 2.454975128173828
      }
    ]
  },
  "Hunter_Boy_With_Rabbit_Figurine0a5b": {
    "best": {
      "psnr": 16.38903045654297,
      "distortion": 0.0014608848141506314,
      "rotation_rmse": 6.739500953070991,
      "translation_rmse_100": 2.3009090423583984,
      "t_final": [
        [
          [
            0.85791015625,
            -0.47802734375,
            -0.1884765625,
            0.2778007686138153
          ],
          [
            0.046661376953125,
            -0.292724609375,
            0.955078125,
            -0.023201575502753258
          ],
          [
            -0.51171875,
            -0.828125,
            -0.2288818359375,
            -0.005093185231089592
          ]
        ]
      ],
      "t0_rotation_rmse": 6.827050523693328,
      "t0_translation_rmse_100": 1.254919171333313
    },
    "stats_list": [
      {
        "psnr": 16.38903045654297,
        "distortion": 0.0014608848141506314,
        "rotation_rmse": 6.739500953070991,
        "translation_rmse_100": 2.3009090423583984,
        "t_final": [
          [
            [
              0.85791015625,
              -0.47802734375,
              -0.1884765625,
              0.2778007686138153
            ],
            [
              0.046661376953125,
              -0.292724609375,
              0.955078125,
              -0.023201575502753258
            ],
            [
              -0.51171875,
              -0.828125,
              -0.2288818359375,
              -0.005093185231089592
            ]
          ]
        ],
        "t0_rotation_rmse": 6.827050523693328,
        "t0_translation_rmse_100": 1.254919171333313
      }
    ]
  },
  "Elephant1608": {
    "best": {
      "psnr": 13.231864929199219,
      "distortion": 0.0015167009551078081,
      "rotation_rmse": 6.00669031907944,
      "translation_rmse_100": 1.478913426399231,
      "t_final": [
        [
          [
            -0.0156707763671875,
            0.53369140625,
            0.845703125,
            -0.3866702616214752
          ],
          [
            0.39990234375,
            0.77880859375,
            -0.48388671875,
            -0.2575196623802185
          ],
          [
            -0.91650390625,
            0.33056640625,
            -0.2254638671875,
            -0.3776952028274536
          ]
        ]
      ],
      "t0_rotation_rmse": 7.934356259276283,
      "t0_translation_rmse_100": 1.536223292350769
    },
    "stats_list": [
      {
        "psnr": 13.231864929199219,
        "distortion": 0.0015167009551078081,
        "rotation_rmse": 6.00669031907944,
        "translation_rmse_100": 1.478913426399231,
        "t_final": [
          [
            [
              -0.0156707763671875,
              0.53369140625,
              0.845703125,
              -0.3866702616214752
            ],
            [
              0.39990234375,
              0.77880859375,
              -0.48388671875,
              -0.2575196623802185
            ],
            [
              -0.91650390625,
              0.33056640625,
              -0.2254638671875,
              -0.3776952028274536
            ]
          ]
        ],
        "t0_rotation_rmse": 7.934356259276283,
        "t0_translation_rmse_100": 1.536223292350769
      }
    ]
  },
  "Ornate_Medieval_Shield22a7": {
    "best": {
      "psnr": 9.536361694335938,
      "distortion": 0.0022371564991772175,
      "rotation_rmse": 1.2847092957418722,
      "translation_rmse_100": 1.2143824100494385,
      "t_final": [
        [
          [
            0.9296875,
            0.304931640625,
            -0.2061767578125,
            0.052255209535360336
          ],
          [
            0.283935546875,
            -0.2371826171875,
            0.92919921875,
            0.36466076970100403
          ],
          [
            0.2344970703125,
            -0.92236328125,
            -0.306884765625,
            0.38192179799079895
          ]
        ]
      ],
      "t0_rotation_rmse": 1.7446512832949208,
      "t0_translation_rmse_100": 1.2944910526275635
    },
    "stats_list": [
      {
        "psnr": 9.536361694335938,
        "distortion": 0.0022371564991772175,
        "rotation_rmse": 1.2847092957418722,
        "translation_rmse_100": 1.2143824100494385,
        "t_final": [
          [
            [
              0.9296875,
              0.304931640625,
              -0.2061767578125,
              0.052255209535360336
            ],
            [
              0.283935546875,
              -0.2371826171875,
              0.92919921875,
              0.36466076970100403
            ],
            [
              0.2344970703125,
              -0.92236328125,
              -0.306884765625,
              0.38192179799079895
            ]
          ]
        ],
        "t0_rotation_rmse": 1.7446512832949208,
        "t0_translation_rmse_100": 1.2944910526275635
      }
    ]
  },
  "Vikings_shield_and_axe1973": {
    "best": {
      "psnr": 9.609159469604492,
      "distortion": 0.0010755392722785473,
      "rotation_rmse": 3.113979077442843,
      "translation_rmse_100": 2.991792678833008,
      "t_final": [
        [
          [
            -0.057952880859375,
            -0.9833984375,
            0.1727294921875,
            0.36857810616493225
          ],
          [
            0.328125,
            -0.18212890625,
            -0.9267578125,
            0.360973984003067
          ],
          [
            0.94287109375,
            0.0029506683349609375,
            0.333251953125,
            0.2322348952293396
          ]
        ]
      ],
      "t0_rotation_rmse": 2.73664844886868,
      "t0_translation_rmse_100": 1.9412249326705933
    },
    "stats_list": [
      {
        "psnr": 9.609159469604492,
        "distortion": 0.0010755392722785473,
        "rotation_rmse": 3.113979077442843,
        "translation_rmse_100": 2.991792678833008,
        "t_final": [
          [
            [
              -0.057952880859375,
              -0.9833984375,
              0.1727294921875,
              0.36857810616493225
            ],
            [
              0.328125,
              -0.18212890625,
              -0.9267578125,
              0.360973984003067
            ],
            [
              0.94287109375,
              0.0029506683349609375,
              0.333251953125,
              0.2322348952293396
            ]
          ]
        ],
        "t0_rotation_rmse": 2.73664844886868,
        "t0_translation_rmse_100": 1.9412249326705933
      }
    ]
  },
  "Xbox_360_Controller0866": {
    "best": {
      "psnr": 15.764714241027832,
      "distortion": 0.0016692300559952855,
      "rotation_rmse": 2.9527640340643844,
      "translation_rmse_100": 0.5127847194671631,
      "t_final": [
        [
          [
            0.0030975341796875,
            0.671875,
            -0.74072265625,
            0.05289027839899063
          ],
          [
            0.556640625,
            0.6142578125,
            0.5595703125,
            -0.027090441435575485
          ],
          [
            0.8310546875,
            -0.413818359375,
            -0.3720703125,
            0.46263065934181213
          ]
        ]
      ],
      "t0_rotation_rmse": 3.1469843766674788,
      "t0_translation_rmse_100": 0.5127847194671631
    },
    "stats_list": [
      {
        "psnr": 15.764714241027832,
        "distortion": 0.0016692300559952855,
        "rotation_rmse": 2.9527640340643844,
        "translation_rmse_100": 0.5127847194671631,
        "t_final": [
          [
            [
              0.0030975341796875,
              0.671875,
              -0.74072265625,
              0.05289027839899063
            ],
            [
              0.556640625,
              0.6142578125,
              0.5595703125,
              -0.027090441435575485
            ],
            [
              0.8310546875,
              -0.413818359375,
              -0.3720703125,
              0.46263065934181213
            ]
          ]
        ],
        "t0_rotation_rmse": 3.1469843766674788,
        "t0_translation_rmse_100": 0.5127847194671631
      }
    ]
  },
  "Petroleum_lamp0230": {
    "best": {
      "psnr": 13.106794357299805,
      "distortion": 0.001987673807889223,
      "rotation_rmse": 4.655562572454474,
      "translation_rmse_100": 2.4628310203552246,
      "t_final": [
        [
          [
            -0.111083984375,
            -0.475830078125,
            0.87255859375,
            0.3624517619609833
          ],
          [
            -0.69189453125,
            0.66748046875,
            0.275634765625,
            -0.17533613741397858
          ],
          [
            -0.71337890625,
            -0.5732421875,
            -0.4033203125,
            0.007456690073013306
          ]
        ]
      ],
      "t0_rotation_rmse": 4.697455346915359,
      "t0_translation_rmse_100": 1.0033279657363892
    },
    "stats_list": [
      {
        "psnr": 13.106794357299805,
        "distortion": 0.001987673807889223,
        "rotation_rmse": 4.655562572454474,
        "translation_rmse_100": 2.4628310203552246,
        "t_final": [
          [
            [
              -0.111083984375,
              -0.475830078125,
              0.87255859375,
              0.3624517619609833
            ],
            [
              -0.69189453125,
              0.66748046875,
              0.275634765625,
              -0.17533613741397858
            ],
            [
              -0.71337890625,
              -0.5732421875,
              -0.4033203125,
              0.007456690073013306
            ]
          ]
        ],
        "t0_rotation_rmse": 4.697455346915359,
        "t0_translation_rmse_100": 1.0033279657363892
      }
    ]
  },
  "26851W_Odeon_Lightab66": {
    "best": {
      "psnr": 14.970355033874512,
      "distortion": 0.0015537724830210209,
      "rotation_rmse": 3.2251334880714975,
      "translation_rmse_100": 0.3046274185180664,
      "t_final": [
        [
          [
            -0.82568359375,
            -0.15966796875,
            -0.54150390625,
            0.06284236907958984
          ],
          [
            -0.4697265625,
            -0.33837890625,
            0.81591796875,
            0.2685331702232361
          ],
          [
            -0.3134765625,
            0.927734375,
            0.2041015625,
            -0.2670292854309082
          ]
        ]
      ],
      "t0_rotation_rmse": 3.87267266284556,
      "t0_translation_rmse_100": 1.4505624771118164
    },
    "stats_list": [
      {
        "psnr": 14.970355033874512,
        "distortion": 0.0015537724830210209,
        "rotation_rmse": 3.2251334880714975,
        "translation_rmse_100": 0.3046274185180664,
        "t_final": [
          [
            [
              -0.82568359375,
              -0.15966796875,
              -0.54150390625,
              0.06284236907958984
            ],
            [
              -0.4697265625,
              -0.33837890625,
              0.81591796875,
              0.2685331702232361
            ],
            [
              -0.3134765625,
              0.927734375,
              0.2041015625,
              -0.2670292854309082
            ]
          ]
        ],
        "t0_rotation_rmse": 3.87267266284556,
        "t0_translation_rmse_100": 1.4505624771118164
      }
    ]
  },
  "Teddy1b47": {
    "best": {
      "psnr": 15.819357872009277,
      "distortion": 0.0010357636492699385,
      "rotation_rmse": 4.463226510769012,
      "translation_rmse_100": 1.523404598236084,
      "t_final": [
        [
          [
            0.25634765625,
            0.05450439453125,
            0.96484375,
            0.12228319048881531
          ],
          [
            -0.5732421875,
            -0.79541015625,
            0.1971435546875,
            -0.18626128137111664
          ],
          [
            0.77783203125,
            -0.60400390625,
            -0.172607421875,
            -0.12072731554508209
          ]
        ]
      ],
      "t0_rotation_rmse": 5.888174848531551,
      "t0_translation_rmse_100": 1.917844295501709
    },
    "stats_list": [
      {
        "psnr": 15.819357872009277,
        "distortion": 0.0010357636492699385,
        "rotation_rmse": 4.463226510769012,
        "translation_rmse_100": 1.523404598236084,
        "t_final": [
          [
            [
              0.25634765625,
              0.05450439453125,
              0.96484375,
              0.12228319048881531
            ],
            [
              -0.5732421875,
              -0.79541015625,
              0.1971435546875,
              -0.18626128137111664
            ],
            [
              0.77783203125,
              -0.60400390625,
              -0.172607421875,
              -0.12072731554508209
            ]
          ]
        ],
        "t0_rotation_rmse": 5.888174848531551,
        "t0_translation_rmse_100": 1.917844295501709
      }
    ]
  },
  "Figura_San_Juan260d": {
    "best": {
      "psnr": 14.507116317749023,
      "distortion": 0.0009115100838243961,
      "rotation_rmse": 10.019352943089194,
      "translation_rmse_100": 5.151663780212402,
      "t_final": [
        [
          [
            0.75927734375,
            0.484619140625,
            -0.434326171875,
            -0.20421597361564636
          ],
          [
            0.64208984375,
            -0.447998046875,
            0.6220703125,
            0.014393076300621033
          ],
          [
            0.1068115234375,
            -0.75146484375,
            -0.65087890625,
            0.0012365765869617462
          ]
        ]
      ],
      "t0_rotation_rmse": 10.449028372404275,
      "t0_translation_rmse_100": 1.7489538192749023
    },
    "stats_list": [
      {
        "psnr": 14.507116317749023,
        "distortion": 0.0009115100838243961,
        "rotation_rmse": 10.019352943089194,
        "translation_rmse_100": 5.151663780212402,
        "t_final": [
          [
            [
              0.75927734375,
              0.484619140625,
              -0.434326171875,
              -0.20421597361564636
            ],
            [
              0.64208984375,
              -0.447998046875,
              0.6220703125,
              0.014393076300621033
            ],
            [
              0.1068115234375,
              -0.75146484375,
              -0.65087890625,
              0.0012365765869617462
            ]
          ]
        ],
        "t0_rotation_rmse": 10.449028372404275,
        "t0_translation_rmse_100": 1.7489538192749023
      }
    ]
  },
  "Stylized_Skateboard10c7": {
    "best": {
      "psnr": 11.537707328796387,
      "distortion": 0.00215576752088964,
      "rotation_rmse": 179.65661779088222,
      "translation_rmse_100": 5.4154276847839355,
      "t_final": [
        [
          [
            -0.66845703125,
            -0.642578125,
            0.37353515625,
            -0.2720637321472168
          ],
          [
            -0.64794921875,
            0.258544921875,
            -0.7158203125,
            0.13446520268917084
          ],
          [
            0.363525390625,
            -0.7216796875,
            -0.58984375,
            0.14621753990650177
          ]
        ]
      ],
      "t0_rotation_rmse": 178.94397986403047,
      "t0_translation_rmse_100": 4.4800639152526855
    },
    "stats_list": [
      {
        "psnr": 11.537707328796387,
        "distortion": 0.00215576752088964,
        "rotation_rmse": 179.65661779088222,
        "translation_rmse_100": 5.4154276847839355,
        "t_final": [
          [
            [
              -0.66845703125,
              -0.642578125,
              0.37353515625,
              -0.2720637321472168
            ],
            [
              -0.64794921875,
              0.258544921875,
              -0.7158203125,
              0.13446520268917084
            ],
            [
              0.363525390625,
              -0.7216796875,
              -0.58984375,
              0.14621753990650177
            ]
          ]
        ],
        "t0_rotation_rmse": 178.94397986403047,
        "t0_translation_rmse_100": 4.4800639152526855
      }
    ]
  },
  "Lantern0231": {
    "best": {
      "psnr": 15.135981559753418,
      "distortion": 0.001157370861619711,
      "rotation_rmse": 177.90348757021223,
      "translation_rmse_100": 32.66814422607422,
      "t_final": [
        [
          [
            0.0236968994140625,
            -0.49755859375,
            0.86669921875,
            -0.0054710544645786285
          ],
          [
            0.998046875,
            -0.04400634765625,
            -0.05255126953125,
            -0.04627184569835663
          ],
          [
            0.0643310546875,
            0.8662109375,
            0.495849609375,
            -0.14878593385219574
          ]
        ]
      ],
      "t0_rotation_rmse": 177.45282229713487,
      "t0_translation_rmse_100": 36.80327606201172
    },
    "stats_list": [
      {
        "psnr": 15.135981559753418,
        "distortion": 0.001157370861619711,
        "rotation_rmse": 177.90348757021223,
        "translation_rmse_100": 32.66814422607422,
        "t_final": [
          [
            [
              0.0236968994140625,
              -0.49755859375,
              0.86669921875,
              -0.0054710544645786285
            ],
            [
              0.998046875,
              -0.04400634765625,
              -0.05255126953125,
              -0.04627184569835663
            ],
            [
              0.0643310546875,
              0.8662109375,
              0.495849609375,
              -0.14878593385219574
            ]
          ]
        ],
        "t0_rotation_rmse": 177.45282229713487,
        "t0_translation_rmse_100": 36.80327606201172
      }
    ]
  },
  "model_New_Qlone183a": {
    "best": {
      "psnr": 20.07628631591797,
      "distortion": 0.0011085383594036102,
      "rotation_rmse": 0.02562345176980362,
      "translation_rmse_100": 0.4992610812187195,
      "t_final": [
        [
          [
            0.7001953125,
            -0.48876953125,
            0.5205078125,
            0.0060483962297439575
          ],
          [
            -0.275390625,
            -0.857421875,
            -0.434814453125,
            -0.013141389936208725
          ],
          [
            0.6591796875,
            0.1611328125,
            -0.73486328125,
            -0.081069715321064
          ]
        ]
      ],
      "t0_rotation_rmse": 0.25675245179406403,
      "t0_translation_rmse_100": 2.6400692462921143
    },
    "stats_list": [
      {
        "psnr": 20.07628631591797,
        "distortion": 0.0011085383594036102,
        "rotation_rmse": 0.02562345176980362,
        "translation_rmse_100": 0.4992610812187195,
        "t_final": [
          [
            [
              0.7001953125,
              -0.48876953125,
              0.5205078125,
              0.0060483962297439575
            ],
            [
              -0.275390625,
              -0.857421875,
              -0.434814453125,
              -0.013141389936208725
            ],
            [
              0.6591796875,
              0.1611328125,
              -0.73486328125,
              -0.081069715321064
            ]
          ]
        ],
        "t0_rotation_rmse": 0.25675245179406403,
        "t0_translation_rmse_100": 2.6400692462921143
      }
    ]
  },
  "FireHydrant_Fortnite_Style_0152": {
    "best": {
      "psnr": 17.472747802734375,
      "distortion": 0.001100799418054521,
      "rotation_rmse": 1.9533660280667982,
      "translation_rmse_100": 0.2202361822128296,
      "t_final": [
        [
          [
            0.91552734375,
            -0.384765625,
            0.11749267578125,
            -0.05398625135421753
          ],
          [
            0.401123046875,
            0.85009765625,
            -0.342529296875,
            0.2670127749443054
          ],
          [
            0.032012939453125,
            0.361083984375,
            0.931640625,
            -0.051009636372327805
          ]
        ]
      ],
      "t0_rotation_rmse": 3.6025489025534085,
      "t0_translation_rmse_100": 1.9114166498184204
    },
    "stats_list": [
      {
        "psnr": 17.472747802734375,
        "distortion": 0.001100799418054521,
        "rotation_rmse": 1.9533660280667982,
        "translation_rmse_100": 0.2202361822128296,
        "t_final": [
          [
            [
              0.91552734375,
              -0.384765625,
              0.11749267578125,
              -0.05398625135421753
            ],
            [
              0.401123046875,
              0.85009765625,
              -0.342529296875,
              0.2670127749443054
            ],
            [
              0.032012939453125,
              0.361083984375,
              0.931640625,
              -0.051009636372327805
            ]
          ]
        ],
        "t0_rotation_rmse": 3.6025489025534085,
        "t0_translation_rmse_100": 1.9114166498184204
      }
    ]
  },
  "chair_teacher4659": {
    "best": {
      "psnr": 11.141427993774414,
      "distortion": 0.0013460629852488637,
      "rotation_rmse": 1.4848852783788975,
      "translation_rmse_100": 0.5372766256332397,
      "t_final": [
        [
          [
            0.91943359375,
            0.236083984375,
            -0.31494140625,
            0.06516262888908386
          ],
          [
            0.36083984375,
            -0.1861572265625,
            0.91357421875,
            0.19982846081256866
          ],
          [
            0.156982421875,
            -0.9541015625,
            -0.25634765625,
            0.08911757171154022
          ]
        ]
      ],
      "t0_rotation_rmse": 2.102800247604615,
      "t0_translation_rmse_100": 1.0076757669448853
    },
    "stats_list": [
      {
        "psnr": 11.141427993774414,
        "distortion": 0.0013460629852488637,
        "rotation_rmse": 1.4848852783788975,
        "translation_rmse_100": 0.5372766256332397,
        "t_final": [
          [
            [
              0.91943359375,
              0.236083984375,
              -0.31494140625,
              0.06516262888908386
            ],
            [
              0.36083984375,
              -0.1861572265625,
              0.91357421875,
              0.19982846081256866
            ],
            [
              0.156982421875,
              -0.9541015625,
              -0.25634765625,
              0.08911757171154022
            ]
          ]
        ],
        "t0_rotation_rmse": 2.102800247604615,
        "t0_translation_rmse_100": 1.0076757669448853
      }
    ]
  },
  "Traffic_Cone37b5": {
    "best": {
      "psnr": 19.023361206054688,
      "distortion": 0.0037396340630948544,
      "rotation_rmse": 58.77295631722836,
      "translation_rmse_100": 18.77997589111328,
      "t_final": [
        [
          [
            -0.52001953125,
            -0.85400390625,
            -0.00518035888671875,
            -0.24667435884475708
          ],
          [
            0.79931640625,
            -0.489013671875,
            0.349365234375,
            -0.136829674243927
          ],
          [
            -0.30078125,
            0.1776123046875,
            0.93701171875,
            0.43355560302734375
          ]
        ]
      ],
      "t0_rotation_rmse": 59.55335545200401,
      "t0_translation_rmse_100": 21.54334259033203
    },
    "stats_list": [
      {
        "psnr": 19.023361206054688,
        "distortion": 0.0037396340630948544,
        "rotation_rmse": 58.77295631722836,
        "translation_rmse_100": 18.77997589111328,
        "t_final": [
          [
            [
              -0.52001953125,
              -0.85400390625,
              -0.00518035888671875,
