{
  "F_15_C_Jungle_Camo16c6": {
    "best": {
      "psnr": 23.576507568359375,
      "distortion": 0.0007457601022906601,
      "rotation_rmse": 1.7119066457007712,
      "translation_rmse_100": 0.2674892544746399,
      "t_final": [
        [
          [
            0.1104736328125,
            -0.5263671875,
            0.8427734375,
            -0.0625125914812088
          ],
          [
            -0.6923828125,
            0.5673828125,
            0.445068359375,
            -0.023976057767868042
          ],
          [
            -0.71240234375,
            -0.6328125,
            -0.30224609375,
            0.09942883998155594
          ]
        ]
      ],
      "t0_rotation_rmse": 3.026835587212643,
      "t0_translation_rmse_100": 0.819476306438446
    },
    "stats_list": [
      {
        "psnr": 23.576507568359375,
        "distortion": 0.0007457601022906601,
        "rotation_rmse": 1.7119066457007712,
        "translation_rmse_100": 0.2674892544746399,
        "t_final": [
          [
            [
              0.1104736328125,
              -0.5263671875,
              0.8427734375,
              -0.0625125914812088
            ],
            [
              -0.6923828125,
              0.5673828125,
              0.445068359375,
              -0.023976057767868042
            ],
            [
              -0.71240234375,
              -0.6328125,
              -0.30224609375,
              0.09942883998155594
            ]
          ]
        ],
        "t0_rotation_rmse": 3.026835587212643,
        "t0_translation_rmse_100": 0.819476306438446
      }
    ]
  },
  "Hl_Maximilian09f0": {
    "best": {
      "psnr": 23.47472381591797,
      "distortion": 0.0009560309117659926,
      "rotation_rmse": 1.2714409005789402,
      "translation_rmse_100": 0.012761354446411133,
      "t_final": [
        [
          [
            0.2783203125,
            0.5947265625,
            -0.75390625,
            -0.07103627920150757
          ],
          [
            0.22802734375,
            -0.8037109375,
            -0.5498046875,
            -0.14484354853630066
          ],
          [
            -0.9326171875,
            -0.019012451171875,
            -0.359375,
            -0.01973593793809414
          ]
        ]
      ],
      "t0_rotation_rmse": 27.785096451277834,
      "t0_translation_rmse_100": 7.929020881652832
    },
    "stats_list": [
      {
        "psnr": 23.47472381591797,
        "distortion": 0.0009560309117659926,
        "rotation_rmse": 1.2714409005789402,
        "translation_rmse_100": 0.012761354446411133,
        "t_final": [
          [
            [
              0.2783203125,
              0.5947265625,
              -0.75390625,
              -0.07103627920150757
            ],
            [
              0.22802734375,
              -0.8037109375,
              -0.5498046875,
              -0.14484354853630066
            ],
            [
              -0.9326171875,
              -0.019012451171875,
              -0.359375,
              -0.01973593793809414
            ]
          ]
        ],
        "t0_rotation_rmse": 27.785096451277834,
        "t0_translation_rmse_100": 7.929020881652832
      }
    ]
  },
  "MiG_23_Desert_Camo089f": {
    "best": {
      "psnr": 20.114553451538086,
      "distortion": 0.001144562615081668,
      "rotation_rmse": 0.7707546024456592,
      "translation_rmse_100": 0.27586817741394043,
      "t_final": [
        [
          [
            -0.8427734375,
            -0.32861328125,
            -0.4267578125,
            -0.250715970993042
          ],
          [
            0.5087890625,
            -0.2255859375,
            -0.83056640625,
            0.09631287306547165
          ],
          [
            0.1767578125,
            -0.9169921875,
            0.357177734375,
            -0.45163166522979736
          ]
        ]
      ],
      "t0_rotation_rmse": 4.571030217615939,
      "t0_translation_rmse_100": 0.11017769575119019
    },
    "stats_list": [
      {
        "psnr": 20.114553451538086,
        "distortion": 0.001144562615081668,
        "rotation_rmse": 0.7707546024456592,
        "translation_rmse_100": 0.27586817741394043,
        "t_final": [
          [
            [
              -0.8427734375,
              -0.32861328125,
              -0.4267578125,
              -0.250715970993042
            ],
            [
              0.5087890625,
              -0.2255859375,
              -0.83056640625,
              0.09631287306547165
            ],
            [
              0.1767578125,
              -0.9169921875,
              0.357177734375,
              -0.45163166522979736
            ]
          ]
        ],
        "t0_rotation_rmse": 4.571030217615939,
        "t0_translation_rmse_100": 0.11017769575119019
      }
    ]
  },
  "Tolix_Industrial_Chairs3f2d": {
    "best": {
      "psnr": 8.795960426330566,
      "distortion": 0.005814670119434595,
      "rotation_rmse": 91.15603533579096,
      "translation_rmse_100": 9.159208297729492,
      "t_final": [
        [
          [
            0.798828125,
            -0.193359375,
            0.56982421875,
            0.007845915853977203
          ],
          [
            -0.393310546875,
            -0.88427734375,
            0.251220703125,
            0.06451097875833511
          ],
          [
            0.455078125,
            -0.425048828125,
            -0.78271484375,
            -0.04439797252416611
          ]
        ]
      ],
      "t0_rotation_rmse": 78.36454245439967,
      "t0_translation_rmse_100": 0.014375895261764526
    },
    "stats_list": [
      {
        "psnr": 8.795960426330566,
        "distortion": 0.005814670119434595,
        "rotation_rmse": 91.15603533579096,
        "translation_rmse_100": 9.159208297729492,
        "t_final": [
          [
            [
              0.798828125,
              -0.193359375,
              0.56982421875,
              0.007845915853977203
            ],
            [
              -0.393310546875,
              -0.88427734375,
              0.251220703125,
              0.06451097875833511
            ],
            [
              0.455078125,
              -0.425048828125,
              -0.78271484375,
              -0.04439797252416611
            ]
          ]
        ],
        "t0_rotation_rmse": 78.36454245439967,
        "t0_translation_rmse_100": 0.014375895261764526
      }
    ]
  },
  "Procedural_Bananas3a07": {
    "best": {
      "psnr": 24.805265426635742,
      "distortion": 0.0006539302412420511,
      "rotation_rmse": 1.8678033193861896,
      "translation_rmse_100": 0.3127589821815491,
      "t_final": [
        [
          [
            0.97607421875,
            -0.2093505859375,
            -0.048583984375,
            0.12457279860973358
          ],
          [
            -0.21142578125,
            -0.8984375,
            -0.384521484375,
            0.08654777705669403
          ],
          [
            0.036865234375,
            0.385986328125,
            -0.92138671875,
            0.15532943606376648
          ]
        ]
      ],
      "t0_rotation_rmse": 3.2967229484427274,
      "t0_translation_rmse_100": 3.1646265983581543
    },
    "stats_list": [
      {
        "psnr": 24.805265426635742,
        "distortion": 0.0006539302412420511,
        "rotation_rmse": 1.8678033193861896,
        "translation_rmse_100": 0.3127589821815491,
        "t_final": [
          [
            [
              0.97607421875,
              -0.2093505859375,
              -0.048583984375,
              0.12457279860973358
            ],
            [
              -0.21142578125,
              -0.8984375,
              -0.384521484375,
              0.08654777705669403
            ],
            [
              0.036865234375,
              0.385986328125,
              -0.92138671875,
              0.15532943606376648
            ]
          ]
        ],
        "t0_rotation_rmse": 3.2967229484427274,
        "t0_translation_rmse_100": 3.1646265983581543
      }
    ]
  },
  "Banana_for_scale0a07": {
    "best": {
      "psnr": 22.388397216796875,
      "distortion": 0.0003030111256521195,
      "rotation_rmse": 0.7953570284034376,
      "translation_rmse_100": 0.20827800035476685,
      "t_final": [
        [
          [
            0.81201171875,
            -0.56396484375,
            0.15283203125,
            0.14938589930534363
          ],
          [
            -0.58154296875,
            -0.8037109375,
            0.1258544921875,
            -0.05799556523561478
          ],
          [
            0.051910400390625,
            -0.191162109375,
            -0.98046875,
            0.06626375019550323
          ]
        ]
      ],
      "t0_rotation_rmse": 1.8250116225674005,
      "t0_translation_rmse_100": 0.29301196336746216
    },
    "stats_list": [
      {
        "psnr": 22.388397216796875,
        "distortion": 0.0003030111256521195,
        "rotation_rmse": 0.7953570284034376,
        "translation_rmse_100": 0.20827800035476685,
        "t_final": [
          [
            [
              0.81201171875,
              -0.56396484375,
              0.15283203125,
              0.14938589930534363
            ],
            [
              -0.58154296875,
              -0.8037109375,
              0.1258544921875,
              -0.05799556523561478
            ],
            [
              0.051910400390625,
              -0.191162109375,
              -0.98046875,
              0.06626375019550323
            ]
          ]
        ],
        "t0_rotation_rmse": 1.8250116225674005,
        "t0_translation_rmse_100": 0.29301196336746216
      }
    ]
  },
  "PB170_Sneaker_Sm18c3": {
    "best": {
      "psnr": 24.72027587890625,
      "distortion": 0.0010573944309726357,
      "rotation_rmse": 1.0790362643739277,
      "translation_rmse_100": 0.07138699293136597,
      "t_final": [
        [
          [
            0.625,
            -0.7353515625,
            0.261474609375,
            0.1382298469543457
          ],
          [
            0.72900390625,
            0.67041015625,
            0.1383056640625,
            0.013510115444660187
          ],
          [
            -0.276611328125,
            0.10418701171875,
            0.955078125,
            0.3318452835083008
          ]
        ]
      ],
      "t0_rotation_rmse": 4.526449613101494,
      "t0_translation_rmse_100": 1.2730166912078857
    },
    "stats_list": [
      {
        "psnr": 24.72027587890625,
        "distortion": 0.0010573944309726357,
        "rotation_rmse": 1.0790362643739277,
        "translation_rmse_100": 0.07138699293136597,
        "t_final": [
          [
            [
              0.625,
              -0.7353515625,
              0.261474609375,
              0.1382298469543457
            ],
            [
              0.72900390625,
              0.67041015625,
              0.1383056640625,
              0.013510115444660187
            ],
            [
              -0.276611328125,
              0.10418701171875,
              0.955078125,
              0.3318452835083008
            ]
          ]
        ],
        "t0_rotation_rmse": 4.526449613101494,
        "t0_translation_rmse_100": 1.2730166912078857
      }
    ]
  },
  "Acoustic_Guitar0aa0": {
    "best": {
      "psnr": 22.94089698791504,
      "distortion": 0.0005796518526040018,
      "rotation_rmse": 1.4116020005957035,
      "translation_rmse_100": 0.14569833874702454,
      "t_final": [
        [
          [
            0.68798828125,
            -0.18310546875,
            -0.70166015625,
            0.0896206945180893
          ],
          [
            0.11236572265625,
            0.98291015625,
            -0.146240234375,
            -0.009851213544607162
          ],
          [
            0.716796875,
            0.0217132568359375,
            0.69677734375,
            0.18904750049114227
          ]
        ]
      ],
      "t0_rotation_rmse": 2.3328257379717123,
      "t0_translation_rmse_100": 7.988716125488281
    },
    "stats_list": [
      {
        "psnr": 22.94089698791504,
        "distortion": 0.0005796518526040018,
        "rotation_rmse": 1.4116020005957035,
        "translation_rmse_100": 0.14569833874702454,
        "t_final": [
          [
            [
              0.68798828125,
              -0.18310546875,
              -0.70166015625,
              0.0896206945180893
            ],
            [
              0.11236572265625,
              0.98291015625,
              -0.146240234375,
              -0.009851213544607162
            ],
            [
              0.716796875,
              0.0217132568359375,
              0.69677734375,
              0.18904750049114227
            ]
          ]
        ],
        "t0_rotation_rmse": 2.3328257379717123,
        "t0_translation_rmse_100": 7.988716125488281
      }
    ]
  },
  "Banana_3D_Scan2373": {
    "best": {
      "psnr": 21.79340362548828,
      "distortion": 0.0007841010228730738,
      "rotation_rmse": 4.541188632408855,
      "translation_rmse_100": 0.2238653600215912,
      "t_final": [
        [
          [
            -0.7470703125,
            0.57568359375,
            -0.33203125,
            -0.09340036660432816
          ],
          [
            0.66455078125,
            0.63916015625,
            -0.38671875,
            0.5050035119056702
          ],
          [
            -0.0105133056640625,
            -0.50927734375,
            -0.8603515625,
            0.14892759919166565
          ]
        ]
      ],
      "t0_rotation_rmse": 5.289557018139158,
      "t0_translation_rmse_100": 0.9436987638473511
    },
    "stats_list": [
      {
        "psnr": 21.79340362548828,
        "distortion": 0.0007841010228730738,
        "rotation_rmse": 4.541188632408855,
        "translation_rmse_100": 0.2238653600215912,
        "t_final": [
          [
            [
              -0.7470703125,
              0.57568359375,
              -0.33203125,
              -0.09340036660432816
            ],
            [
              0.66455078125,
              0.63916015625,
              -0.38671875,
              0.5050035119056702
            ],
            [
              -0.0105133056640625,
              -0.50927734375,
              -0.8603515625,
              0.14892759919166565
            ]
          ]
        ],
        "t0_rotation_rmse": 5.289557018139158,
        "t0_translation_rmse_100": 0.9436987638473511
      }
    ]
  },
  "Test_Model15b4": {
    "best": {
      "psnr": 15.866643905639648,
      "distortion": 0.0007660835981369019,
      "rotation_rmse": 0.02562345176980362,
      "translation_rmse_100": 0.09934604167938232,
      "t_final": [
        [
          [
            0.9384765625,
            0.1739501953125,
            -0.298095703125,
            0.32581794261932373
          ],
          [
            -0.087646484375,
            0.9560546875,
            0.28173828125,
            -0.3878629803657532
          ],
          [
            0.333740234375,
            -0.2384033203125,
            0.912109375,
            0.42457115650177
          ]
        ]
      ],
      "t0_rotation_rmse": 1.410631372926823,
      "t0_translation_rmse_100": 2.454975128173828
    },
    "stats_list": [
      {
        "psnr": 15.866643905639648,
        "distortion": 0.0007660835981369019,
        "rotation_rmse": 0.02562345176980362,
        "translation_rmse_100": 0.09934604167938232,
        "t_final": [
          [
            [
              0.9384765625,
              0.1739501953125,
              -0.298095703125,
              0.32581794261932373
            ],
            [
              -0.087646484375,
              0.9560546875,
              0.28173828125,
              -0.3878629803657532
            ],
            [
              0.333740234375,
              -0.2384033203125,
              0.912109375,
              0.42457115650177
            ]
          ]
        ],
        "t0_rotation_rmse": 1.410631372926823,
        "t0_translation_rmse_100": 2.454975128173828
      }
    ]
  },
  "Hunter_Boy_With_Rabbit_Figurine0a5b": {
    "best": {
      "psnr": 20.316822052001953,
      "distortion": 0.0011287861270830035,
      "rotation_rmse": 0.02562345176980362,
      "translation_rmse_100": 0.04589259624481201,
      "t_final": [
        [
          [
            0.83740234375,
            -0.4794921875,
            -0.261962890625,
            0.3012687861919403
          ],
          [
            0.05706787109375,
            -0.399658203125,
            0.9150390625,
            -0.030312171205878258
          ],
          [
            -0.54345703125,
            -0.78125,
            -0.307373046875,
            0.019053848460316658
          ]
        ]
      ],
      "t0_rotation_rmse": 6.827050523693328,
      "t0_translation_rmse_100": 1.254919171333313
    },
    "stats_list": [
      {
        "psnr": 20.316822052001953,
        "distortion": 0.0011287861270830035,
        "rotation_rmse": 0.02562345176980362,
        "translation_rmse_100": 0.04589259624481201,
        "t_final": [
          [
            [
              0.83740234375,
              -0.4794921875,
              -0.261962890625,
              0.3012687861919403
            ],
            [
              0.05706787109375,
              -0.399658203125,
              0.9150390625,
              -0.030312171205878258
            ],
            [
              -0.54345703125,
              -0.78125,
              -0.307373046875,
              0.019053848460316658
            ]
          ]
        ],
        "t0_rotation_rmse": 6.827050523693328,
        "t0_translation_rmse_100": 1.254919171333313
      }
    ]
  },
  "Elephant1608": {
    "best": {
      "psnr": 16.726091384887695,
      "distortion": 0.0013139303773641586,
      "rotation_rmse": 2.4958151324055935,
      "translation_rmse_100": 1.135590672492981,
      "t_final": [
        [
          [
            -0.04718017578125,
            0.55859375,
            0.828125,
            -0.3832370340824127
          ],
          [
            0.455810546875,
            0.75,
            -0.4794921875,
            -0.264798104763031
          ],
          [
            -0.888671875,
            0.35498046875,
            -0.289794921875,
            -0.3730260133743286
          ]
        ]
      ],
      "t0_rotation_rmse": 7.934356259276283,
      "t0_translation_rmse_100": 1.536223292350769
    },
    "stats_list": [
      {
        "psnr": 16.726091384887695,
        "distortion": 0.0013139303773641586,
        "rotation_rmse": 2.4958151324055935,
        "translation_rmse_100": 1.135590672492981,
        "t_final": [
          [
            [
              -0.04718017578125,
              0.55859375,
              0.828125,
              -0.3832370340824127
            ],
            [
              0.455810546875,
              0.75,
              -0.4794921875,
              -0.264798104763031
            ],
            [
              -0.888671875,
              0.35498046875,
              -0.289794921875,
              -0.3730260133743286
            ]
          ]
        ],
        "t0_rotation_rmse": 7.934356259276283,
        "t0_translation_rmse_100": 1.536223292350769
      }
    ]
  },
  "Ornate_Medieval_Shield22a7": {
    "best": {
      "psnr": 10.460268020629883,
      "distortion": 0.0015850863419473171,
      "rotation_rmse": 9.372262375305963,
      "translation_rmse_100": 10.4791898727417,
      "t_final": [
        [
          [
            0.96630859375,
            0.241455078125,
            -0.08831787109375,
            -0.06468051671981812
          ],
          [
            0.146728515625,
            -0.236083984375,
            0.9609375,
            0.40047791600227356
          ],
          [
            0.211181640625,
            -0.94140625,
            -0.263427734375,
            0.32924845814704895
          ]
        ]
      ],
      "t0_rotation_rmse": 1.7446512832949208,
      "t0_translation_rmse_100": 1.2944910526275635
    },
    "stats_list": [
      {
        "psnr": 10.460268020629883,
        "distortion": 0.0015850863419473171,
        "rotation_rmse": 9.372262375305963,
        "translation_rmse_100": 10.4791898727417,
        "t_final": [
          [
            [
              0.96630859375,
              0.241455078125,
              -0.08831787109375,
              -0.06468051671981812
            ],
            [
              0.146728515625,
              -0.236083984375,
              0.9609375,
              0.40047791600227356
            ],
            [
              0.211181640625,
              -0.94140625,
              -0.263427734375,
              0.32924845814704895
            ]
          ]
        ],
        "t0_rotation_rmse": 1.7446512832949208,
        "t0_translation_rmse_100": 1.2944910526275635
      }
    ]
  },
  "Vikings_shield_and_axe1973": {
    "best": {
      "psnr": 14.6166353225708,
      "distortion": 0.0007941197836771607,
      "rotation_rmse": 0.02562345176980362,
      "translation_rmse_100": 4.606935501098633,
      "t_final": [
        [
          [
            -0.103515625,
            -0.974609375,
            0.1998291015625,
            0.352426677942276
          ],
          [
            0.294677734375,
            -0.221923828125,
            -0.9296875,
            0.463482528924942
          ],
          [
            0.9501953125,
            -0.037353515625,
            0.31005859375,
            0.20969003438949585
          ]
        ]
      ],
      "t0_rotation_rmse": 2.73664844886868,
      "t0_translation_rmse_100": 1.9412249326705933
    },
    "stats_list": [
      {
        "psnr": 14.6166353225708,
        "distortion": 0.0007941197836771607,
        "rotation_rmse": 0.02562345176980362,
        "translation_rmse_100": 4.606935501098633,
        "t_final": [
          [
            [
              -0.103515625,
              -0.974609375,
              0.1998291015625,
              0.352426677942276
            ],
            [
              0.294677734375,
              -0.221923828125,
              -0.9296875,
              0.463482528924942
            ],
            [
              0.9501953125,
              -0.037353515625,
              0.31005859375,
              0.20969003438949585
            ]
          ]
        ],
        "t0_rotation_rmse": 2.73664844886868,
        "t0_translation_rmse_100": 1.9412249326705933
      }
    ]
  },
  "Xbox_360_Controller0866": {
    "best": {
      "psnr": 17.73866844177246,
      "distortion": 0.0013682228745892644,
      "rotation_rmse": 0.02562345176980362,
      "translation_rmse_100": 2.438443899154663,
      "t_final": [
        [
          [
            -0.04888916015625,
            0.6640625,
            -0.74658203125,
            0.07214687019586563
          ],
          [
            0.5244140625,
            0.6533203125,
            0.546875,
            -0.06432189047336578
          ],
          [
            0.8505859375,
            -0.3642578125,
            -0.380126953125,
            0.46021023392677307
          ]
        ]
      ],
      "t0_rotation_rmse": 3.1469843766674788,
      "t0_translation_rmse_100": 0.5127847194671631
    },
    "stats_list": [
      {
        "psnr": 17.73866844177246,
        "distortion": 0.0013682228745892644,
        "rotation_rmse": 0.02562345176980362,
        "translation_rmse_100": 2.438443899154663,
        "t_final": [
          [
            [
              -0.04888916015625,
              0.6640625,
              -0.74658203125,
              0.07214687019586563
            ],
            [
              0.5244140625,
              0.6533203125,
              0.546875,
              -0.06432189047336578
            ],
            [
              0.8505859375,
              -0.3642578125,
              -0.380126953125,
              0.46021023392677307
            ]
          ]
        ],
        "t0_rotation_rmse": 3.1469843766674788,
        "t0_translation_rmse_100": 0.5127847194671631
      }
    ]
  },
  "Petroleum_lamp0230": {
    "best": {
      "psnr": 20.672183990478516,
      "distortion": 0.0012866107281297445,
      "rotation_rmse": 1.052744665645978,
      "translation_rmse_100": 0.00604093074798584,
      "t_final": [
        [
          [
            -0.169677734375,
            -0.52392578125,
            0.83447265625,
            0.3871404826641083
          ],
          [
            -0.6748046875,
            0.6787109375,
            0.2890625,
            -0.18895460665225983
          ],
          [
            -0.71826171875,
            -0.51416015625,
            -0.468994140625,
            -0.035473912954330444
          ]
        ]
      ],
      "t0_rotation_rmse": 4.697455346915359,
      "t0_translation_rmse_100": 1.0033279657363892
    },
    "stats_list": [
      {
        "psnr": 20.672183990478516,
        "distortion": 0.0012866107281297445,
        "rotation_rmse": 1.052744665645978,
        "translation_rmse_100": 0.00604093074798584,
        "t_final": [
          [
            [
              -0.169677734375,
              -0.52392578125,
              0.83447265625,
              0.3871404826641083
            ],
            [
              -0.6748046875,
              0.6787109375,
              0.2890625,
              -0.18895460665225983
            ],
            [
              -0.71826171875,
              -0.51416015625,
              -0.468994140625,
              -0.035473912954330444
            ]
          ]
        ],
        "t0_rotation_rmse": 4.697455346915359,
        "t0_translation_rmse_100": 1.0033279657363892
      }
    ]
  },
  "26851W_Odeon_Lightab66": {
    "best": {
      "psnr": 17.12879753112793,
      "distortion": 0.0012937430292367935,
      "rotation_rmse": 2.1430599922747993,
      "translation_rmse_100": 2.9970407485961914,
      "t_final": [
        [
          [
            -0.83056640625,
            -0.17529296875,
            -0.5283203125,
            0.035918235778808594
          ],
          [
            -0.44775390625,
            -0.353759765625,
            0.8212890625,
            0.305694043636322
          ],
          [
            -0.330810546875,
            0.9189453125,
            0.21533203125,
            -0.3035588264465332
          ]
        ]
      ],
      "t0_rotation_rmse": 3.87267266284556,
      "t0_translation_rmse_100": 1.4505624771118164
    },
    "stats_list": [
      {
        "psnr": 17.12879753112793,
        "distortion": 0.0012937430292367935,
        "rotation_rmse": 2.1430599922747993,
        "translation_rmse_100": 2.9970407485961914,
        "t_final": [
          [
            [
              -0.83056640625,
              -0.17529296875,
              -0.5283203125,
              0.035918235778808594
            ],
            [
              -0.44775390625,
              -0.353759765625,
              0.8212890625,
              0.305694043636322
            ],
            [
              -0.330810546875,
              0.9189453125,
              0.21533203125,
              -0.3035588264465332
            ]
          ]
        ],
        "t0_rotation_rmse": 3.87267266284556,
        "t0_translation_rmse_100": 1.4505624771118164
      }
    ]
  },
  "Teddy1b47": {
    "best": {
      "psnr": 18.376514434814453,
      "distortion": 0.0014354990562424064,
      "rotation_rmse": 6.975465937634571,
      "translation_rmse_100": 7.206911563873291,
      "t_final": [
        [
          [
            0.218017578125,
            -0.042572021484375,
            0.97509765625,
            0.03498002886772156
          ],
          [
            -0.6875,
            -0.71630859375,
            0.122314453125,
            -0.1660214513540268
          ],
          [
            0.69287109375,
            -0.697265625,
            -0.185302734375,
            -0.2644040584564209
          ]
        ]
      ],
      "t0_rotation_rmse": 5.888174848531551,
      "t0_translation_rmse_100": 1.917844295501709
    },
    "stats_list": [
      {
        "psnr": 18.376514434814453,
        "distortion": 0.0014354990562424064,
        "rotation_rmse": 6.975465937634571,
        "translation_rmse_100": 7.206911563873291,
        "t_final": [
          [
            [
              0.218017578125,
              -0.042572021484375,
              0.97509765625,
              0.03498002886772156
            ],
            [
              -0.6875,
              -0.71630859375,
              0.122314453125,
              -0.1660214513540268
            ],
            [
              0.69287109375,
              -0.697265625,
              -0.185302734375,
              -0.2644040584564209
            ]
          ]
        ],
        "t0_rotation_rmse": 5.888174848531551,
        "t0_translation_rmse_100": 1.917844295501709
      }
    ]
  },
  "Figura_San_Juan260d": {
    "best": {
      "psnr": 18.96167755126953,
      "distortion": 0.0007621652912348509,
      "rotation_rmse": 0.9387544843053962,
      "translation_rmse_100": 0.39855092763900757,
      "t_final": [
        [
          [
            0.6904296875,
            0.51611328125,
            -0.5068359375,
            -0.15668484568595886
          ],
          [
            0.7236328125,
            -0.498291015625,
            0.477783203125,
            -0.0009115488501265645
          ],
          [
            -0.006221771240234375,
            -0.6962890625,
            -0.71728515625,
            0.02390732243657112
          ]
        ]
      ],
      "t0_rotation_rmse": 10.449028372404275,
      "t0_translation_rmse_100": 1.7489538192749023
    },
    "stats_list": [
      {
        "psnr": 18.96167755126953,
        "distortion": 0.0007621652912348509,
        "rotation_rmse": 0.9387544843053962,
        "translation_rmse_100": 0.39855092763900757,
        "t_final": [
          [
            [
              0.6904296875,
              0.51611328125,
              -0.5068359375,
              -0.15668484568595886
            ],
            [
              0.7236328125,
              -0.498291015625,
              0.477783203125,
              -0.0009115488501265645
            ],
            [
              -0.006221771240234375,
              -0.6962890625,
              -0.71728515625,
              0.02390732243657112
            ]
          ]
        ],
        "t0_rotation_rmse": 10.449028372404275,
        "t0_translation_rmse_100": 1.7489538192749023
      }
    ]
  },
  "Stylized_Skateboard10c7": {
    "best": {
      "psnr": 20.75731086730957,
      "distortion": 0.0020719992462545633,
      "rotation_rmse": 179.9743765482302,
      "translation_rmse_100": 1.9959330558776855,
      "t_final": [
        [
          [
            -0.640625,
            -0.64306640625,
            0.419189453125,
            -0.3062586784362793
          ],
          [
            -0.6669921875,
            0.1956787109375,
            -0.71875,
            0.13824938237667084
          ],
          [
            0.38037109375,
            -0.740234375,
            -0.5546875,
            0.19512195885181427
          ]
        ]
      ],
      "t0_rotation_rmse": 178.94397986403047,
      "t0_translation_rmse_100": 4.4800639152526855
    },
    "stats_list": [
      {
        "psnr": 20.75731086730957,
        "distortion": 0.0020719992462545633,
        "rotation_rmse": 179.9743765482302,
        "translation_rmse_100": 1.9959330558776855,
        "t_final": [
          [
            [
              -0.640625,
              -0.64306640625,
              0.419189453125,
              -0.3062586784362793
            ],
            [
              -0.6669921875,
              0.1956787109375,
              -0.71875,
              0.13824938237667084
            ],
            [
              0.38037109375,
              -0.740234375,
              -0.5546875,
              0.19512195885181427
            ]
          ]
        ],
        "t0_rotation_rmse": 178.94397986403047,
        "t0_translation_rmse_100": 4.4800639152526855
      }
    ]
  },
  "Lantern0231": {
    "best": {
      "psnr": 20.38625144958496,
      "distortion": 0.0009863635059446096,
      "rotation_rmse": 179.36690758993365,
      "translation_rmse_100": 35.16600799560547,
      "t_final": [
        [
          [
            0.01239013671875,
            -0.52880859375,
            0.8486328125,
            -0.03044969215989113
          ],
          [
            0.99853515625,
            -0.03912353515625,
            -0.03900146484375,
            -0.04824022948741913
          ],
          [
            0.053802490234375,
            0.84765625,
            0.52783203125,
            -0.1738027185201645
          ]
        ]
      ],
      "t0_rotation_rmse": 177.45282229713487,
      "t0_translation_rmse_100": 36.80327606201172
    },
    "stats_list": [
      {
        "psnr": 20.38625144958496,
        "distortion": 0.0009863635059446096,
        "rotation_rmse": 179.36690758993365,
        "translation_rmse_100": 35.16600799560547,
        "t_final": [
          [
            [
              0.01239013671875,
              -0.52880859375,
              0.8486328125,
              -0.03044969215989113
            ],
            [
              0.99853515625,
              -0.03912353515625,
              -0.03900146484375,
              -0.04824022948741913
            ],
            [
              0.053802490234375,
              0.84765625,
              0.52783203125,
              -0.1738027185201645
            ]
          ]
        ],
        "t0_rotation_rmse": 177.45282229713487,
        "t0_translation_rmse_100": 36.80327606201172
      }
    ]
  },
  "model_New_Qlone183a": {
    "best": {
      "psnr": 18.290983200073242,
      "distortion": 0.0011092826025560498,
      "rotation_rmse": 0.02562345176980362,
      "translation_rmse_100": 1.8889553546905518,
      "t_final": [
        [
          [
            0.703125,
            -0.48974609375,
            0.515625,
            0.019945338368415833
          ],
          [
            -0.273193359375,
            -0.85546875,
            -0.43994140625,
            -0.029132600873708725
          ],
          [
            0.65673828125,
            0.1685791015625,
            -0.7353515625,
            -0.06668830662965775
          ]
        ]
      ],
      "t0_rotation_rmse": 0.25675245179406403,
      "t0_translation_rmse_100": 2.6400692462921143
    },
    "stats_list": [
      {
        "psnr": 18.290983200073242,
        "distortion": 0.0011092826025560498,
        "rotation_rmse": 0.02562345176980362,
        "translation_rmse_100": 1.8889553546905518,
        "t_final": [
          [
            [
              0.703125,
              -0.48974609375,
              0.515625,
              0.019945338368415833
            ],
            [
              -0.273193359375,
              -0.85546875,
              -0.43994140625,
              -0.029132600873708725
            ],
            [
              0.65673828125,
              0.1685791015625,
              -0.7353515625,
              -0.06668830662965775
            ]
          ]
        ],
        "t0_rotation_rmse": 0.25675245179406403,
        "t0_translation_rmse_100": 2.6400692462921143
      }
    ]
  },
  "FireHydrant_Fortnite_Style_0152": {
    "best": {
      "psnr": 18.182048797607422,
      "distortion": 0.0009491053642705083,
      "rotation_rmse": 0.02562345176980362,
      "translation_rmse_100": 1.0653167963027954,
      "t_final": [
        [
          [
            0.9150390625,
            -0.38818359375,
            0.11029052734375,
            -0.06684178113937378
          ],
          [
            0.402099609375,
            0.8525390625,
            -0.335205078125,
            0.27425283193588257
          ],
          [
            0.03619384765625,
            0.35107421875,
            0.93603515625,
            -0.038886528462171555
          ]
        ]
      ],
      "t0_rotation_rmse": 3.6025489025534085,
      "t0_translation_rmse_100": 1.9114166498184204
    },
    "stats_list": [
      {
        "psnr": 18.182048797607422,
        "distortion": 0.0009491053642705083,
        "rotation_rmse": 0.02562345176980362,
        "translation_rmse_100": 1.0653167963027954,
        "t_final": [
          [
            [
              0.9150390625,
              -0.38818359375,
              0.11029052734375,
              -0.06684178113937378
            ],
            [
              0.402099609375,
              0.8525390625,
              -0.335205078125,
              0.27425283193588257
            ],
            [
              0.03619384765625,
              0.35107421875,
              0.93603515625,
              -0.038886528462171555
            ]
          ]
        ],
        "t0_rotation_rmse": 3.6025489025534085,
        "t0_translation_rmse_100": 1.9114166498184204
      }
    ]
  },
  "chair_teacher4659": {
    "best": {
      "psnr": 20.342609405517578,
      "distortion": 0.0011417664354667068,
      "rotation_rmse": 0.7730805377583798,
      "translation_rmse_100": 0.13978518545627594,
      "t_final": [
        [
          [
            0.93115234375,
            0.2169189453125,
            -0.29296875,
            0.06118771433830261
          ],
          [
            0.33447265625,
            -0.1900634765625,
            0.9228515625,
            0.20629055798053741
          ],
          [
            0.1444091796875,
            -0.95751953125,
            -0.249755859375,
            0.0839868038892746
          ]
        ]
      ],
      "t0_rotation_rmse": 2.102800247604615,
      "t0_translation_rmse_100": 1.0076757669448853
    },
    "stats_list": [
      {
        "psnr": 20.342609405517578,
        "distortion": 0.0011417664354667068,
        "rotation_rmse": 0.7730805377583798,
        "translation_rmse_100": 0.13978518545627594,
        "t_final": [
          [
            [
              0.93115234375,
              0.2169189453125,
              -0.29296875,
              0.06118771433830261
            ],
            [
              0.33447265625,
              -0.1900634765625,
              0.9228515625,
              0.20629055798053741
            ],
            [
              0.1444091796875,
              -0.95751953125,
              -0.249755859375,
              0.0839868038892746
            ]
          ]
        ],
        "t0_rotation_rmse": 2.102800247604615,
        "t0_translation_rmse_100": 1.0076757669448853
      }
    ]
  },
  "Traffic_Cone37b5": {
    "best": {
      "psnr": 26.90202522277832,
      "distortion": 0.003119461005553603,
      "rotation_rmse": 67.33512332838164,
      "translation_rmse_100": 18.47480010986328,
      "t_final": [
        [
          [
            -0.63232421875,
            -0.7744140625,
            -0.00923919677734375,
            -0.24362260103225708
          ],
          [
            0.7392578125,
            -0.60693359375,
            0.29296875,
            -0.1466715931892395
          ],
          [
            -0.232666015625,
            0.178466796875,
            0.9560546875,
            0.45880889892578125
          ]
        ]
      ],
      "t0_rotation_rmse": 59.55335545200401,
      "t0_translation_rmse_100": 21.54334259033203
    },
    "stats_list": [
      {
        "psnr": 26.90202522277832,
        "distortion": 0.003119461005553603,
        "rotation_rmse": 67.33512332838164,
        "translation_rmse_100": 18.47480010986328,
        "t_final": [
          [
            [
              -0.63232421875,
              -0.7744140625,
              -0.00923919677734375,
              -0.24362260103225708
            ],
            [
              0.7392578125,
              -0.60693359375,
