{
  "fern_0_100_even_odd": {
    "best": {
      "psnr": 24.449981689453125,
      "distortion": 0.017444539815187454,
      "rotation_rmse": 0.07080250978469849,
      "translation_rmse_100": 0.06072152778506279,
      "t_final": [
        [
          [
            0.91357421875,
            0.1812744140625,
            0.364013671875,
            -0.35392841696739197
          ],
          [
            0.10540771484375,
            0.7587890625,
            -0.642578125,
            0.33118095993995667
          ],
          [
            -0.392578125,
            0.6259765625,
            0.67431640625,
            0.07351695001125336
          ]
        ]
      ],
      "t0_rotation_rmse": 1.3997185230255127,
      "t0_translation_rmse_100": 0.9680689573287964
    },
    "stats_list": [
      {
        "psnr": 24.449981689453125,
        "distortion": 0.017444539815187454,
        "rotation_rmse": 0.07080250978469849,
        "translation_rmse_100": 0.06072152778506279,
        "t_final": [
          [
            [
              0.91357421875,
              0.1812744140625,
              0.364013671875,
              -0.35392841696739197
            ],
            [
              0.10540771484375,
              0.7587890625,
              -0.642578125,
              0.33118095993995667
            ],
            [
              -0.392578125,
              0.6259765625,
              0.67431640625,
              0.07351695001125336
            ]
          ]
        ],
        "t0_rotation_rmse": 1.3997185230255127,
        "t0_translation_rmse_100": 0.9680689573287964
      }
    ]
  },
  "fern_30_70_even_odd": {
    "best": {
      "psnr": 16.045656204223633,
      "distortion": 0.0167281161993742,
      "rotation_rmse": 2.517137050628662,
      "translation_rmse_100": 3.1548123359680176,
      "t_final": [
        [
          [
            0.89990234375,
            0.1295166015625,
            0.416748046875,
            -0.3942980170249939
          ],
          [
            0.1751708984375,
            0.767578125,
            -0.6162109375,
            0.29392486810684204
          ],
          [
            -0.39990234375,
            0.6279296875,
            0.66796875,
            0.07991794496774673
          ]
        ]
      ],
      "t0_rotation_rmse": 5.611567974090576,
      "t0_translation_rmse_100": 9.61656379699707
    },
    "stats_list": [
      {
        "psnr": 16.045656204223633,
        "distortion": 0.0167281161993742,
        "rotation_rmse": 2.517137050628662,
        "translation_rmse_100": 3.1548123359680176,
        "t_final": [
          [
            [
              0.89990234375,
              0.1295166015625,
              0.416748046875,
              -0.3942980170249939
            ],
            [
              0.1751708984375,
              0.767578125,
              -0.6162109375,
              0.29392486810684204
            ],
            [
              -0.39990234375,
              0.6279296875,
              0.66796875,
              0.07991794496774673
            ]
          ]
        ],
        "t0_rotation_rmse": 5.611567974090576,
        "t0_translation_rmse_100": 9.61656379699707
      }
    ]
  },
  "fern_50_50": {
    "best": {
      "psnr": 17.565349578857422,
      "distortion": 0.016617652028799057,
      "rotation_rmse": 0.8060393333435059,
      "translation_rmse_100": 0.7658944129943848,
      "t_final": [
        [
          [
            0.90625,
            0.1705322265625,
            0.386474609375,
            -0.3589155673980713
          ],
          [
            0.126220703125,
            0.763671875,
            -0.6328125,
            0.31888002157211304
          ],
          [
            -0.403076171875,
            0.62255859375,
            0.6708984375,
            0.07830672711133957
          ]
        ]
      ],
      "t0_rotation_rmse": 2.9586141109466553,
      "t0_translation_rmse_100": 3.636718273162842
    },
    "stats_list": [
      {
        "psnr": 17.565349578857422,
        "distortion": 0.016617652028799057,
        "rotation_rmse": 0.8060393333435059,
        "translation_rmse_100": 0.7658944129943848,
        "t_final": [
          [
            [
              0.90625,
              0.1705322265625,
              0.386474609375,
              -0.3589155673980713
            ],
            [
              0.126220703125,
              0.763671875,
              -0.6328125,
              0.31888002157211304
            ],
            [
              -0.403076171875,
              0.62255859375,
              0.6708984375,
              0.07830672711133957
            ]
          ]
        ],
        "t0_rotation_rmse": 2.9586141109466553,
        "t0_translation_rmse_100": 3.636718273162842
      }
    ]
  },
  "horns_0_100_even_odd": {
    "best": {
      "psnr": 29.568889617919922,
      "distortion": 0.010652229189872742,
      "rotation_rmse": 0.00982500147074461,
      "translation_rmse_100": 0.0029161986894905567,
      "t_final": [
        [
          [
            0.85595703125,
            0.1358642578125,
            0.499267578125,
            -0.04389924928545952
          ],
          [
            0.03448486328125,
            0.94775390625,
            -0.31689453125,
            0.1288207769393921
          ],
          [
            -0.51611328125,
            0.28857421875,
            0.80615234375,
            -0.23752033710479736
          ]
        ]
      ],
      "t0_rotation_rmse": 1.2831549644470215,
      "t0_translation_rmse_100": 1.7415271997451782
    },
    "stats_list": [
      {
        "psnr": 29.568889617919922,
        "distortion": 0.010652229189872742,
        "rotation_rmse": 0.00982500147074461,
        "translation_rmse_100": 0.0029161986894905567,
        "t_final": [
          [
            [
              0.85595703125,
              0.1358642578125,
              0.499267578125,
              -0.04389924928545952
            ],
            [
              0.03448486328125,
              0.94775390625,
              -0.31689453125,
              0.1288207769393921
            ],
            [
              -0.51611328125,
              0.28857421875,
              0.80615234375,
              -0.23752033710479736
            ]
          ]
        ],
        "t0_rotation_rmse": 1.2831549644470215,
        "t0_translation_rmse_100": 1.7415271997451782
      }
    ]
  },
  "horns_30_70_even_odd": {
    "best": {
      "psnr": 26.661376953125,
      "distortion": 0.013192004524171352,
      "rotation_rmse": 0.015366223640739918,
      "translation_rmse_100": 0.009431741200387478,
      "t_final": [
        [
          [
            0.8564453125,
            0.1356201171875,
            0.4990234375,
            -0.04399628937244415
          ],
          [
            0.034698486328125,
            0.947265625,
            -0.317138671875,
            0.12877024710178375
          ],
          [
            -0.515625,
            0.288818359375,
            0.806640625,
            -0.23748114705085754
          ]
        ]
      ],
      "t0_rotation_rmse": 1.6391682624816895,
      "t0_translation_rmse_100": 1.609495997428894
    },
    "stats_list": [
      {
        "psnr": 26.661376953125,
        "distortion": 0.013192004524171352,
        "rotation_rmse": 0.015366223640739918,
        "translation_rmse_100": 0.009431741200387478,
        "t_final": [
          [
            [
              0.8564453125,
              0.1356201171875,
              0.4990234375,
              -0.04399628937244415
            ],
            [
              0.034698486328125,
              0.947265625,
              -0.317138671875,
              0.12877024710178375
            ],
            [
              -0.515625,
              0.288818359375,
              0.806640625,
              -0.23748114705085754
            ]
          ]
        ],
        "t0_rotation_rmse": 1.6391682624816895,
        "t0_translation_rmse_100": 1.609495997428894
      }
    ]
  },
  "horns_50_50": {
    "best": {
      "psnr": 21.72513198852539,
      "distortion": 0.01503886841237545,
      "rotation_rmse": 0.04706025868654251,
      "translation_rmse_100": 0.08586608618497849,
      "t_final": [
        [
          [
            0.85693359375,
            0.134765625,
            0.498291015625,
            -0.04246474429965019
          ],
          [
            0.03485107421875,
            0.94775390625,
            -0.316162109375,
            0.12916433811187744
          ],
          [
            -0.51513671875,
            0.2880859375,
            0.80712890625,
            -0.23712976276874542
          ]
        ]
      ],
      "t0_rotation_rmse": 1.6241461038589478,
      "t0_translation_rmse_100": 1.0247454643249512
    },
    "stats_list": [
      {
        "psnr": 21.72513198852539,
        "distortion": 0.01503886841237545,
        "rotation_rmse": 0.04706025868654251,
        "translation_rmse_100": 0.08586608618497849,
        "t_final": [
          [
            [
              0.85693359375,
              0.134765625,
              0.498291015625,
              -0.04246474429965019
            ],
            [
              0.03485107421875,
              0.94775390625,
              -0.316162109375,
              0.12916433811187744
            ],
            [
              -0.51513671875,
              0.2880859375,
              0.80712890625,
              -0.23712976276874542
            ]
          ]
        ],
        "t0_rotation_rmse": 1.6241461038589478,
        "t0_translation_rmse_100": 1.0247454643249512
      }
    ]
  },
  "room_0_100_even_odd": {
    "best": {
      "psnr": 31.62598991394043,
      "distortion": 0.00865553505718708,
      "rotation_rmse": 0.005693722050637007,
      "translation_rmse_100": 0.026190688833594322,
      "t_final": [
        [
          [
            0.9990234375,
            0.019805908203125,
            0.047821044921875,
            -0.19965942203998566
          ],
          [
            0.005794525146484375,
            0.87548828125,
            -0.48388671875,
            0.19038952887058258
          ],
          [
            -0.05145263671875,
            0.483154296875,
            0.87353515625,
            0.46277108788490295
          ]
        ]
      ],
      "t0_rotation_rmse": 1.9991281032562256,
      "t0_translation_rmse_100": 2.504030704498291
    },
    "stats_list": [
      {
        "psnr": 31.62598991394043,
        "distortion": 0.00865553505718708,
        "rotation_rmse": 0.005693722050637007,
        "translation_rmse_100": 0.026190688833594322,
        "t_final": [
          [
            [
              0.9990234375,
              0.019805908203125,
              0.047821044921875,
              -0.19965942203998566
            ],
            [
              0.005794525146484375,
              0.87548828125,
              -0.48388671875,
              0.19038952887058258
            ],
            [
              -0.05145263671875,
              0.483154296875,
              0.87353515625,
              0.46277108788490295
            ]
          ]
        ],
        "t0_rotation_rmse": 1.9991281032562256,
        "t0_translation_rmse_100": 2.504030704498291
      }
    ]
  },
  "room_30_70_even_odd": {
    "best": {
      "psnr": 29.410486221313477,
      "distortion": 0.008477947674691677,
      "rotation_rmse": 0.019914939999580383,
      "translation_rmse_100": 0.02130255103111267,
      "t_final": [
        [
          [
            0.99853515625,
            0.0200958251953125,
            0.04840087890625,
            -0.19941478967666626
          ],
          [
            0.005828857421875,
            0.875,
            -0.48388671875,
            0.19020061194896698
          ],
          [
            -0.05206298828125,
            0.4833984375,
            0.87353515625,
            0.46307551860809326
          ]
        ]
      ],
      "t0_rotation_rmse": 1.8564132452011108,
      "t0_translation_rmse_100": 2.0540683269500732
    },
    "stats_list": [
      {
        "psnr": 29.410486221313477,
        "distortion": 0.008477947674691677,
        "rotation_rmse": 0.019914939999580383,
        "translation_rmse_100": 0.02130255103111267,
        "t_final": [
          [
            [
              0.99853515625,
              0.0200958251953125,
              0.04840087890625,
              -0.19941478967666626
            ],
            [
              0.005828857421875,
              0.875,
              -0.48388671875,
              0.19020061194896698
            ],
            [
              -0.05206298828125,
              0.4833984375,
              0.87353515625,
              0.46307551860809326
            ]
          ]
        ],
        "t0_rotation_rmse": 1.8564132452011108,
        "t0_translation_rmse_100": 2.0540683269500732
      }
    ]
  },
  "room_50_50": {
    "best": {
      "psnr": 26.95757484436035,
      "distortion": 0.010590270161628723,
      "rotation_rmse": 0.009426205419003963,
      "translation_rmse_100": 0.029404662549495697,
      "t_final": [
        [
          [
            0.99853515625,
            0.0197906494140625,
            0.047943115234375,
            -0.19956064224243164
          ],
          [
            0.005878448486328125,
            0.87548828125,
            -0.48388671875,
            0.19052579998970032
          ],
          [
            -0.051513671875,
            0.483642578125,
            0.8740234375,
            0.4633710980415344
          ]
        ]
      ],
      "t0_rotation_rmse": 3.135272264480591,
      "t0_translation_rmse_100": 3.233790874481201
    },
    "stats_list": [
      {
        "psnr": 26.95757484436035,
        "distortion": 0.010590270161628723,
        "rotation_rmse": 0.009426205419003963,
        "translation_rmse_100": 0.029404662549495697,
        "t_final": [
          [
            [
              0.99853515625,
              0.0197906494140625,
              0.047943115234375,
              -0.19956064224243164
            ],
            [
              0.005878448486328125,
              0.87548828125,
              -0.48388671875,
              0.19052579998970032
            ],
            [
              -0.051513671875,
              0.483642578125,
              0.8740234375,
              0.4633710980415344
            ]
          ]
        ],
        "t0_rotation_rmse": 3.135272264480591,
        "t0_translation_rmse_100": 3.233790874481201
      }
    ]
  },
  "trex_0_100_even_odd": {
    "best": {
      "psnr": 29.416837692260742,
      "distortion": 0.012494616210460663,
      "rotation_rmse": 0.025820612907409668,
      "translation_rmse_100": 0.0274161696434021,
      "t_final": [
        [
          [
            0.7900390625,
            -0.0792236328125,
            0.60791015625,
            -0.2481432408094406
          ],
          [
            0.356689453125,
            0.865234375,
            -0.3515625,
            -0.06826702505350113
          ],
          [
            -0.497802734375,
            0.494873046875,
            0.71240234375,
            -0.1973726898431778
          ]
        ]
      ],
      "t0_rotation_rmse": 1.4442988634109497,
      "t0_translation_rmse_100": 3.246091604232788
    },
    "stats_list": [
      {
        "psnr": 29.416837692260742,
        "distortion": 0.012494616210460663,
        "rotation_rmse": 0.025820612907409668,
        "translation_rmse_100": 0.0274161696434021,
        "t_final": [
          [
            [
              0.7900390625,
              -0.0792236328125,
              0.60791015625,
              -0.2481432408094406
            ],
            [
              0.356689453125,
              0.865234375,
              -0.3515625,
              -0.06826702505350113
            ],
            [
              -0.497802734375,
              0.494873046875,
              0.71240234375,
              -0.1973726898431778
            ]
          ]
        ],
        "t0_rotation_rmse": 1.4442988634109497,
        "t0_translation_rmse_100": 3.246091604232788
      }
    ]
  },
  "trex_30_70_even_odd": {
    "best": {
      "psnr": 28.55549430847168,
      "distortion": 0.013974114321172237,
      "rotation_rmse": 0.00785321556031704,
      "translation_rmse_100": 0.008201695047318935,
      "t_final": [
        [
          [
            0.79052734375,
            -0.078857421875,
            0.60693359375,
            -0.2477591335773468
          ],
          [
            0.356689453125,
            0.865234375,
            -0.352294921875,
            -0.06822279095649719
          ],
          [
            -0.49755859375,
            0.494873046875,
            0.71240234375,
            -0.19749483466148376
          ]
        ]
      ],
      "t0_rotation_rmse": 1.7430680990219116,
      "t0_translation_rmse_100": 1.3781030178070068
    },
    "stats_list": [
      {
        "psnr": 28.55549430847168,
        "distortion": 0.013974114321172237,
        "rotation_rmse": 0.00785321556031704,
        "translation_rmse_100": 0.008201695047318935,
        "t_final": [
          [
            [
              0.79052734375,
              -0.078857421875,
              0.60693359375,
              -0.2477591335773468
            ],
            [
              0.356689453125,
              0.865234375,
              -0.352294921875,
              -0.06822279095649719
            ],
            [
              -0.49755859375,
              0.494873046875,
              0.71240234375,
              -0.19749483466148376
            ]
          ]
        ],
        "t0_rotation_rmse": 1.7430680990219116,
        "t0_translation_rmse_100": 1.3781030178070068
      }
    ]
  },
  "trex_50_50": {
    "best": {
      "psnr": 26.924175262451172,
      "distortion": 0.015933949500322342,
      "rotation_rmse": 0.008140083402395248,
      "translation_rmse_100": 0.026454787701368332,
      "t_final": [
        [
          [
            0.791015625,
            -0.0789794921875,
            0.60693359375,
            -0.2472541779279709
          ],
          [
            0.3564453125,
            0.865234375,
            -0.35205078125,
            -0.06833641231060028
          ],
          [
            -0.49755859375,
            0.49462890625,
            0.71240234375,
            -0.1972663700580597
          ]
        ]
      ],
      "t0_rotation_rmse": 3.5331318378448486,
      "t0_translation_rmse_100": 1.1762566566467285
    },
    "stats_list": [
      {
        "psnr": 26.924175262451172,
        "distortion": 0.015933949500322342,
        "rotation_rmse": 0.008140083402395248,
        "translation_rmse_100": 0.026454787701368332,
        "t_final": [
          [
            [
              0.791015625,
              -0.0789794921875,
              0.60693359375,
              -0.2472541779279709
            ],
            [
              0.3564453125,
              0.865234375,
              -0.35205078125,
              -0.06833641231060028
            ],
            [
              -0.49755859375,
              0.49462890625,
              0.71240234375,
              -0.1972663700580597
            ]
          ]
        ],
        "t0_rotation_rmse": 3.5331318378448486,
        "t0_translation_rmse_100": 1.1762566566467285
      }
    ]
  }
}